          0.00000000    0.0000   0.0000E+000    0.0000   3.0000E-002   4.4000E-002   6.5000E-002   9.5000E-002   1.3900E-001   2.0400E-001   3.0000E-001   4.4000E-001   6.4600E-001   9.4900E-001   1.3920E+000   2.0400E+000   3.0000E+000   4.4000E+000   6.4600E+000   9.4500E+000   1.3900E+001   2.0400E+001   3.0000E+001   4.5000E+001
 1620947668.08500430    0.0203   6.4266E+006    4.2100   1.6229E+005   2.3032E+005   3.2401E+005   4.4192E+005   5.8523E+005   7.4376E+005   8.9054E+005   9.8131E+005   9.7147E+005   8.3971E+005   6.1808E+005   3.8017E+005   1.9224E+005   8.1101E+004   2.8818E+004   8.9646E+003   2.4385E+003   6.1045E+002   1.4176E+002   2.8969E+001
 1620947670.93852520    0.0205   6.4288E+006    3.8700   1.8182E+005   2.5727E+005   3.6032E+005   4.8847E+005   6.4138E+005   8.0564E+005   9.4972E+005   1.0263E+006   9.9269E+005   8.3691E+005   6.0200E+005   3.6438E+005   1.8361E+005   7.8538E+004   2.8867E+004   9.4713E+003   2.7695E+003   7.5642E+002   1.9408E+002   4.4475E+001
 1620947673.80337070    0.0205   6.4288E+006    3.8700   1.8182E+005   2.5727E+005   3.6032E+005   4.8847E+005   6.4138E+005   8.0564E+005   9.4972E+005   1.0263E+006   9.9269E+005   8.3691E+005   6.0200E+005   3.6438E+005   1.8361E+005   7.8538E+004   2.8867E+004   9.4713E+003   2.7695E+003   7.5642E+002   1.9408E+002   4.4475E+001
 1620947676.64751580    0.0207   5.2852E+006    3.8800   9.9998E+004   1.4244E+005   2.0146E+005   2.7689E+005   3.7070E+005   4.7854E+005   5.8574E+005   6.6516E+005   6.8568E+005   6.2479E+005   4.9123E+005   3.2707E+005   1.8143E+005   8.4788E+004   3.3652E+004   1.1746E+004   3.6048E+003   1.0199E+003   2.6827E+002   6.2556E+001
 1620947679.49751040    0.0205   5.2828E+006    4.1600   9.1213E+004   1.3019E+005   1.8468E+005   2.5487E+005   3.4321E+005   4.4665E+005   5.5271E+005   6.3653E+005   6.6760E+005   6.2035E+005   4.9738E+005   3.3652E+005   1.8819E+005   8.7565E+004   3.4069E+004   1.1470E+004   3.3400E+003   8.8463E+002   2.1532E+002   4.5849E+001
 1620947682.34751270    0.0204   5.2818E+006    4.3200   8.7134E+004   1.2449E+005   1.7684E+005   2.4453E+005   3.3021E+005   4.3140E+005   5.3667E+005   6.2231E+005   6.5827E+005   6.1769E+005   5.0020E+005   3.4127E+005   1.9169E+005   8.9005E+004   3.4268E+004   1.1314E+004   3.2010E+003   8.1731E+002   1.9048E+002   3.8534E+001
 1620947685.19750740    0.0307   7.6019E+006    4.3600   1.1413E+005   1.6327E+005   2.3238E+005   3.2220E+005   4.3677E+005   5.7376E+005   7.1926E+005   8.4270E+005   9.0358E+005   8.6250E+005   7.1273E+005   4.9728E+005   2.8583E+005   1.3556E+005   5.3121E+004   1.7760E+004   5.0611E+003   1.2949E+003   3.0107E+002   6.0522E+001
 1620947688.05102800    0.0307   7.6027E+006    4.3100   1.1559E+005   1.6531E+005   2.3520E+005   3.2594E+005   4.4151E+005   5.7938E+005   7.2527E+005   8.4816E+005   9.0732E+005   8.6372E+005   7.1175E+005   4.9541E+005   2.8439E+005   1.3496E+005   5.3047E+004   1.7839E+004   5.1280E+003   1.3268E+003   3.1262E+002   6.3844E+001
 1620947690.91587000    0.0300   7.5925E+006  999.0000   4.6674E+004   6.7679E+004   9.8288E+004   1.4019E+005   1.9791E+005   2.7550E+005   3.7472E+005   4.9045E+005   6.0902E+005   6.9936E+005   7.1570E+005   6.1962E+005   4.1801E+005   1.9699E+005   5.4539E+004   7.1195E+003   2.9028E+002   2.3165E+000   1.6186E-003   1.7504E-008
 1620947693.76000740    0.0400   1.0788E+007  999.0000   7.5186E+004   1.0894E+005   1.5804E+005   2.2505E+005   3.1696E+005   4.3969E+005   5.9499E+005   7.7296E+005   9.4935E+005   1.0727E+006   1.0721E+006   8.9675E+005   5.7486E+005   2.5151E+005   6.2445E+004   6.9636E+003   2.2492E+002   1.2811E+000   5.4758E-004   2.7898E-009
 1620947696.61001350    0.0405   1.0795E+007    4.8200   1.6544E+005   2.3680E+005   3.3729E+005   4.6814E+005   6.3549E+005   8.3634E+005   1.0508E+006   1.2343E+006   1.3263E+006   1.2665E+006   1.0429E+006   7.1978E+005   4.0434E+005   1.8441E+005   6.8120E+004   2.1035E+004   5.4170E+003   1.2305E+003   2.5000E+002   4.3059E+001
 1620947699.46001580    0.0408   1.0799E+007    4.3800   1.8338E+005   2.6192E+005   3.7193E+005   5.1401E+005   6.9353E+005   9.0497E+005   1.1239E+006   1.3001E+006   1.3705E+006   1.2800E+006   1.0301E+006   6.9714E+005   3.8757E+005   1.7773E+005   6.7439E+004   2.1905E+004   6.0852E+003   1.5238E+003   3.4790E+002   6.8820E+001
 1620947702.31001040    0.0507   1.9740E+007    4.0400   7.9092E+005   1.1121E+006   1.5430E+006   2.0648E+006   2.6617E+006   3.2582E+006   3.7072E+006   3.8232E+006   3.4830E+006   2.7283E+006   1.8023E+006   9.9340E+005   4.5345E+005   1.7581E+005   5.8744E+004   1.7622E+004   4.7299E+003   1.1922E+003   2.8331E+002   6.0100E+001
 1620947705.16353080    0.0506   1.9739E+007    4.1400   7.6520E+005   1.0770E+006   1.4967E+006   2.0071E+006   2.5950E+006   3.1892E+006   3.6475E+006   3.7854E+006   3.4735E+006   2.7408E+006   1.8215E+006   1.0071E+006   4.5913E+005   1.7680E+005   5.8320E+004   1.7177E+004   4.5030E+003   1.1043E+003   2.5448E+002   5.2138E+001
 1620947708.02837300    0.0405   1.4766E+007    4.2500   4.8522E+005   6.8547E+005   9.5773E+005   1.2939E+006   1.6906E+006   2.1083E+006   2.4592E+006   2.6177E+006   2.4785E+006   2.0281E+006   1.4011E+006   8.0437E+005   3.7884E+005   1.4936E+005   4.9896E+004   1.4717E+004   3.8241E+003   9.2149E+002   2.0721E+002   4.1142E+001
 1620947710.87251040    0.0406   1.4768E+007    4.1000   5.0815E+005   7.1688E+005   9.9963E+005   1.3468E+006   1.7530E+006   2.1747E+006   2.5193E+006   2.6589E+006   2.4927E+006   2.0188E+006   1.3823E+006   7.8942E+005   3.7208E+005   1.4797E+005   5.0303E+004   1.5225E+004   4.0923E+003   1.0264E+003   2.4145E+002   5.0473E+001
 1620947713.72251270    0.0405   1.4767E+007    4.1400   5.0187E+005   7.0828E+005   9.8817E+005   1.3324E+006   1.7360E+006   2.1567E+006   2.5031E+006   2.6480E+006   2.4891E+006   2.0215E+006   1.3875E+006   7.9342E+005   3.7385E+005   1.4831E+005   5.0179E+004   1.5082E+004   4.0169E+003   9.9667E+002   2.3165E+002   4.7761E+001
 1620947716.57250740    0.0607   2.1235E+007    4.2800   6.3610E+005   9.0026E+005   1.2612E+006   1.7103E+006   2.2464E+006   2.8220E+006   3.3250E+006   3.5860E+006   3.4521E+006   2.8815E+006   2.0352E+006   1.1954E+006   5.7536E+005   2.3106E+005   7.8286E+004   2.3302E+004   6.0823E+003   1.4663E+003   3.2879E+002   6.4913E+001
 1620947719.42250970    0.0605   2.1231E+007    4.5700   5.8905E+005   8.3542E+005   1.1740E+006   1.5987E+006   2.1123E+006   2.6753E+006   3.1865E+006   3.4839E+006   3.4085E+006   2.8949E+006   2.0772E+006   1.2327E+006   5.9351E+005   2.3514E+005   7.7326E+004   2.1984E+004   5.3947E+003   1.2075E+003   2.4872E+002   4.4538E+001
 1620947722.27250430    0.0605   2.1231E+007    4.6000   5.8487E+005   8.2963E+005   1.1662E+006   1.5887E+006   2.1002E+006   2.6619E+006   3.1738E+006   3.4744E+006   3.4044E+006   2.8961E+006   2.0811E+006   1.2362E+006   5.9522E+005   2.3550E+005   7.7214E+004   2.1851E+004   5.3285E+003   1.1837E+003   2.4170E+002   4.2850E+001
 1620947725.12602520    0.0900   3.0377E+007  999.0000   3.2945E+005   4.7591E+005   6.8722E+005   9.7224E+005   1.3562E+006   1.8550E+006   2.4582E+006   3.0975E+006   3.6374E+006   3.8477E+006   3.4924E+006   2.5374E+006   1.3208E+006   4.2681E+005   6.7947E+004   3.9880E+003   4.9893E+001   7.2152E-002   4.1999E-006   1.0198E-012
 1620947727.99087050    0.0900   3.0377E+007  999.0000   3.2945E+005   4.7591E+005   6.8722E+005   9.7224E+005   1.3562E+006   1.8550E+006   2.4582E+006   3.0975E+006   3.6374E+006   3.8477E+006   3.4924E+006   2.5374E+006   1.3208E+006   4.2681E+005   6.7947E+004   3.9880E+003   4.9893E+001   7.2152E-002   4.1999E-006   1.0198E-012
 1620947730.83501580    0.0905   3.0385E+007    4.9600   7.0575E+005   1.0046E+006   1.4193E+006   1.9474E+006   2.6004E+006   3.3427E+006   4.0629E+006   4.5610E+006   4.6124E+006   4.0722E+006   3.0445E+006   1.8767E+006   9.2934E+005   3.7203E+005   1.2082E+005   3.3091E+004   7.6287E+003   1.5705E+003   2.9216E+002   4.6316E+001
 1620947733.68501040    0.1210   3.1649E+007    5.2400   4.2818E+005   6.1409E+005   8.7736E+005   1.2229E+006   1.6701E+006   2.2168E+006   2.8185E+006   3.3634E+006   3.6890E+006   3.6123E+006   3.0593E+006   2.1709E+006   1.2473E+006   5.7461E+005   2.1044E+005   6.2972E+004   1.5324E+004   3.2138E+003   5.9042E+002   8.9860E+001
 1620947736.53501270    0.1209   3.1647E+007    5.4000   4.1718E+005   5.9860E+005   8.5583E+005   1.1940E+006   1.6329E+006   2.1717E+006   2.7688E+006   3.3161E+006   3.6540E+006   3.5982E+006   3.0658E+006   2.1874E+006   1.2609E+006   5.8032E+005   2.1096E+005   6.2177E+004   1.4772E+004   3.0002E+003   5.2983E+002   7.6867E+001
 1620947739.38500740    0.1207   3.1645E+007    5.6000   4.0470E+005   5.8100E+005   8.3133E+005   1.1611E+006   1.5905E+006   2.1201E+006   2.7114E+006   3.2609E+006   3.6126E+006   3.5806E+006   3.0725E+006   2.2066E+006   1.2771E+006   5.8719E+005   2.1161E+005   6.1247E+004   1.4134E+004   2.7605E+003   4.6438E+002   6.3498E+001
 1620947742.23852830    0.1510   4.4157E+007    5.1200   7.5919E+005   1.0855E+006   1.5438E+006   2.1381E+006   2.8933E+006   3.7903E+006   4.7308E+006   5.5041E+006   5.8355E+006   5.4691E+006   4.3900E+006   2.9287E+006   1.5741E+006   6.7971E+005   2.3507E+005   6.7301E+004   1.5905E+004   3.2915E+003   6.0529E+002   9.3412E+001
 1620947745.10337000    0.1532   4.4185E+007    4.1500   9.5461E+005   1.3580E+006   1.9170E+006   2.6275E+006   3.5039E+006   4.4972E+006   5.4592E+006   6.1274E+006   6.2141E+006   5.5368E+006   4.2252E+006   2.7069E+006   1.4302E+006   6.3056E+005   2.3383E+005   7.5679E+004   2.1360E+004   5.5296E+003   1.3246E+003   2.7899E+002
 1620947747.94750740    0.1622   4.7181E+007    4.4700   9.3533E+005   1.3333E+006   1.8877E+006   2.5981E+006   3.4848E+006   4.5089E+006   5.5333E+006   6.2978E+006   6.4965E+006   5.8996E+006   4.5863E+006   2.9804E+006   1.5828E+006   6.9169E+005   2.4990E+005   7.7397E+004   2.0528E+004   4.9204E+003   1.0774E+003   2.0437E+002
 1620947750.79751350    0.1622   4.7181E+007    4.4700   9.3533E+005   1.3333E+006   1.8877E+006   2.5981E+006   3.4848E+006   4.5089E+006   5.5333E+006   6.2978E+006   6.4965E+006   5.8996E+006   4.5863E+006   2.9804E+006   1.5828E+006   6.9169E+005   2.4990E+005   7.7397E+004   2.0528E+004   4.9204E+003   1.0774E+003   2.0437E+002
 1620947753.64751580    0.1627   4.7188E+007    4.3200   9.7284E+005   1.3855E+006   1.9591E+006   2.6913E+006   3.6005E+006   4.6419E+006   5.6687E+006   6.4116E+006   6.5632E+006   5.9087E+006   4.5545E+006   2.9400E+006   1.5573E+006   6.8309E+005   2.4970E+005   7.8903E+004   2.1535E+004   5.3490E+003   1.2212E+003   2.4322E+002
 1620947756.49751040    0.1916   5.6049E+007    4.9200   1.0052E+006   1.4360E+006   2.0398E+006   2.8201E+006   3.8067E+006   4.9695E+006   6.1729E+006   7.1371E+006   7.5071E+006   6.9709E+006   5.5418E+006   3.6665E+006   1.9618E+006   8.4909E+005   2.9709E+005   8.6972E+004   2.1256E+004   4.5946E+003   8.9033E+002   1.4625E+002
 1620947759.35103130    0.1914   5.6046E+007    5.0400   9.8199E+005   1.4036E+006   1.9951E+006   2.7611E+006   3.7324E+006   4.8822E+006   6.0811E+006   7.0562E+006   7.4553E+006   6.9589E+006   5.5617E+006   3.6959E+006   1.9815E+006   8.5574E+005   2.9709E+005   8.5758E+004   2.0527E+004   4.3205E+003   8.1099E+002   1.2828E+002
 1620947762.21587280    0.1924   5.6060E+007    4.5600   1.0880E+006   1.5517E+006   2.1986E+006   3.0289E+006   4.0682E+006   5.2741E+006   6.4894E+006   7.4112E+006   7.6770E+006   7.0046E+006   5.4709E+006   3.5681E+006   1.8974E+006   8.2725E+005   2.9680E+005   9.0838E+004   2.3688E+004   5.5586E+003   1.1872E+003   2.1874E+002
 1620947765.06001040    0.2518   6.4550E+007    5.4600   8.0831E+005   1.1605E+006   1.6608E+006   2.3201E+006   3.1790E+006   4.2393E+006   5.4256E+006   6.5319E+006   7.2485E+006   7.2032E+006   6.2065E+006   4.4858E+006   2.6215E+006   1.2222E+006   4.4894E+005   1.3317E+005   3.1691E+004   6.4150E+003   1.1238E+003   1.6099E+002
 1620947767.91001270    0.2514   6.4545E+007    5.7200   7.7841E+005   1.1183E+006   1.6019E+006   2.2409E+006   3.0764E+006   4.1137E+006   5.2849E+006   6.3951E+006   7.1435E+006   7.1559E+006   6.2202E+006   4.5327E+006   2.6630E+006   1.2404E+006   4.5089E+005   1.3077E+005   3.0004E+004   5.7785E+003   9.5135E+002   1.2630E+002
 1620947770.76000740    0.2515   6.4547E+007    5.6200   7.8946E+005   1.1340E+006   1.6237E+006   2.2703E+006   3.1144E+006   4.1604E+006   5.3373E+006   6.4462E+006   7.1830E+006   7.1740E+006   6.2155E+006   4.5152E+006   2.6474E+006   1.2335E+006   4.5013E+005   1.3166E+005   3.0630E+004   6.0119E+003   1.0135E+003   1.3852E+002
 1620947773.61001350    0.3417   7.8169E+007    6.3400   6.9466E+005   1.0014E+006   1.4417E+006   2.0312E+006   2.8171E+006   3.8230E+006   5.0156E+006   6.2475E+006   7.2592E+006   7.6582E+006   7.1006E+006   5.5800E+006   3.5578E+006   1.7898E+006   6.9099E+005   2.0658E+005   4.7006E+004   8.6028E+003   1.2909E+003   1.4949E+002
 1620947776.46353030    0.2621   5.9708E+007    5.7400   5.6831E+005   8.1841E+005   1.1764E+006   1.6538E+006   2.2867E+006   3.0895E+006   4.0280E+006   4.9752E+006   5.7168E+006   5.9476E+006   5.4273E+006   4.1977E+006   2.6445E+006   1.3281E+006   5.2092E+005   1.6211E+005   3.9569E+004   8.0091E+003   1.3693E+003   1.8691E+002
 1620947779.32836480    0.2620   5.9707E+007    5.8200   5.6226E+005   8.0983E+005   1.1644E+006   1.6374E+006   2.2651E+006   3.0624E+006   3.9966E+006   4.9428E+006   5.6893E+006   5.9318E+006   5.4261E+006   4.2071E+006   2.6555E+006   1.3341E+006   5.2221E+005   1.6162E+005   3.9073E+004   7.8009E+003   1.3103E+003   1.7493E+002
 1620947782.17251350    0.3953   7.9735E+007    5.5200   6.1803E+005   8.9147E+005   1.2846E+006   1.8122E+006   2.5182E+006   3.4272E+006   4.5157E+006   5.6609E+006   6.6414E+006   7.1096E+006   6.7384E+006   5.4723E+006   3.6644E+006   1.9771E+006   8.4114E+005   2.8552E+005   7.6394E+004   1.6961E+004   3.1809E+003   4.7796E+002
 1620947785.02251580    0.4083   7.9898E+007    4.0800   8.3242E+005   1.1953E+006   1.7107E+006   2.3906E+006   3.2775E+006   4.3757E+006   5.6129E+006   6.7880E+006   7.5989E+006   7.6779E+006   6.8179E+006   5.1904E+006   3.3039E+006   1.7527E+006   7.7356E+005   2.9175E+005   9.3942E+004   2.7092E+004   7.0875E+003   1.6088E+003
 1620947787.87390260    0.5289   9.8057E+007    5.5000   6.4601E+005   9.3304E+005   1.3471E+006   1.9056E+006   2.6585E+006   3.6391E+006   4.8347E+006   6.1317E+006   7.3110E+006   8.0005E+006   7.8046E+006   6.5727E+006   4.5995E+006   2.6077E+006   1.1694E+006   4.1804E+005   1.1744E+005   2.7212E+004   5.2918E+003   8.2024E+002
 1620947790.72668930    0.5258   9.8013E+007    6.1600   5.9477E+005   8.5992E+005   1.2434E+006   1.7627E+006   2.4669E+006   3.3919E+006   4.5349E+006   5.8016E+006   6.9983E+006   7.7737E+006   7.7201E+006   6.6279E+006   4.7191E+006   2.7001E+006   1.2027E+006   4.1694E+005   1.1008E+005   2.3176E+004   3.9577E+003   5.1810E+002
 1620947793.57602210    0.5274   9.8037E+007    5.7800   6.2198E+005   8.9877E+005   1.2985E+006   1.8387E+006   2.5690E+006   3.5238E+006   4.6953E+006   5.9788E+006   7.1671E+006   7.8971E+006   7.7671E+006   6.5988E+006   4.6540E+006   2.6495E+006   1.1846E+006   4.1772E+005   1.1420E+005   2.5378E+004   4.6652E+003   6.7241E+002
 1620947796.44086770    0.7035   1.1695E+008    4.8800   7.0027E+005   1.0116E+006   1.4611E+006   2.0678E+006   2.8871E+006   3.9566E+006   5.2661E+006   6.6977E+006   8.0219E+006   8.8423E+006   8.7270E+006   7.4880E+006   5.3975E+006   3.2001E+006   1.5312E+006   5.9754E+005   1.8831E+005   5.0172E+004   1.1490E+004   2.1597E+003
 1620947799.28501270    0.6990   1.1689E+008    5.1600   6.6775E+005   9.6523E+005   1.3953E+006   1.9771E+006   2.7654E+006   3.7994E+006   5.0751E+006   6.4865E+006   7.8201E+006   8.6925E+006   8.6652E+006   7.5150E+006   5.4698E+006   3.2610E+006   1.5569E+006   5.9944E+005   1.8373E+005   4.6908E+004   1.0144E+004   1.7711E+003
 1620947802.13500740    0.9316   1.1875E+008    2.7500   1.5233E+006   2.1724E+006   3.0783E+006   4.2426E+006   5.7046E+006   7.4150E+006   9.1773E+006   1.0609E+007   1.1255E+007   1.0735E+007   9.0525E+006   6.6808E+006   4.2850E+006   2.4222E+006   1.2194E+006   5.6244E+005   2.3787E+005   9.5466E+004   3.6548E+004   1.2889E+004
 1620947804.98501350    1.4313   1.3764E+008    2.6200   1.3062E+006   1.8689E+006   2.6612E+006   3.6927E+006   5.0135E+006   6.6062E+006   8.3324E+006   9.8782E+006   1.0830E+007   1.0763E+007   9.5309E+006   7.4330E+006   5.0627E+006   3.0440E+006   1.6302E+006   7.9839E+005   3.5816E+005   1.5212E+005   6.1546E+004   2.2968E+004
 1620947807.83501580    1.0456   1.3533E+008    3.5600   8.0277E+005   1.1578E+006   1.6680E+006   2.3525E+006   3.2686E+006   4.4488E+006   5.8663E+006   7.3719E+006   8.7010E+006   9.4392E+006   9.1899E+006   7.8477E+006   5.7410E+006   3.5698E+006   1.8781E+006   8.5262E+005   3.3376E+005   1.1734E+005   3.7531E+004   1.0531E+004
 1620947810.68852520    0.9348   1.3410E+008    5.9600   4.9783E+005   7.2197E+005   1.0487E+006   1.4964E+006   2.1140E+006   2.9468E+006   4.0190E+006   5.2888E+006   6.6396E+006   7.7959E+006   8.3440E+006   7.9015E+006   6.3745E+006   4.2343E+006   2.2358E+006   9.2835E+005   2.9491E+005   7.4073E+004   1.4900E+004   2.2765E+003
 1620947813.55337070    1.0253   1.5180E+008    4.8200   7.3353E+005   1.0613E+006   1.5362E+006   2.1811E+006   3.0592E+006   4.2205E+006   5.6715E+006   7.3111E+006   8.9226E+006   1.0090E+007   1.0300E+007   9.2236E+006   7.0050E+006   4.4073E+006   2.2487E+006   9.3601E+005   3.1409E+005   8.8616E+004   2.1362E+004   4.2091E+003
 1620947816.39751580    1.0328   1.5189E+008    4.6100   7.6340E+005   1.1040E+006   1.5969E+006   2.2651E+006   3.1726E+006   4.3681E+006   5.8532E+006   7.5161E+006   9.1251E+006   1.0250E+007   1.0380E+007   9.2129E+006   6.9391E+006   4.3423E+006   2.2160E+006   9.3040E+005   3.1832E+005   9.2607E+004   2.3278E+004   4.8433E+003
 1620947819.24751040    1.2706   1.7643E+008    5.7200   6.3524E+005   9.2131E+005   1.3384E+006   1.9100E+006   2.6988E+006   3.7631E+006   5.1346E+006   6.7615E+006   8.4976E+006   9.9946E+006   1.0727E+007   1.0203E+007   8.2899E+006   5.5684E+006   2.9905E+006   1.2724E+006   4.1813E+005   1.0971E+005   2.3290E+004   3.8023E+003
 1620947822.09751270    1.2905   1.7669E+008    5.0200   7.0008E+005   1.0144E+006   1.4714E+006   2.0955E+006   2.9522E+006   4.0989E+006   5.5588E+006   7.2586E+006   9.0179E+006   1.0447E+007   1.1003E+007   1.0242E+007   8.1424E+006   5.3794E+006   2.8780E+006   1.2465E+006   4.2986E+005   1.2260E+005   2.9360E+004   5.6455E+003
 1620947824.94750740    1.3096   1.7693E+008    4.6100   7.5235E+005   1.0893E+006   1.5783E+006   2.2440E+006   3.1541E+006   4.3646E+006   5.8911E+006   7.6423E+006   9.4108E+006   1.0777E+007   1.1192E+007   1.0255E+007   8.0266E+006   5.2439E+006   2.8006E+006   1.2289E+006   4.3796E+005   1.3191E+005   3.4106E+004   7.2591E+003
 1620947827.80102780    1.4389   1.9349E+008    5.3800   6.9061E+005   1.0015E+006   1.4546E+006   2.0752E+006   2.9311E+006   4.0849E+006   5.5695E+006   7.3269E+006   9.1969E+006   1.0802E+007   1.1580E+007   1.1010E+007   8.9630E+006   6.0582E+006   3.2981E+006   1.4372E+006   4.9050E+005   1.3570E+005   3.0857E+004   5.4999E+003
 1620947830.66587000    1.4050   1.9302E+008    7.2800   5.7375E+005   8.3344E+005   1.2136E+006   1.7376E+006   2.4670E+006   3.4640E+006   4.7739E+006   6.3751E+006   8.1692E+006   9.8636E+006   1.0949E+007   1.0849E+007   9.2247E+006   6.4609E+006   3.5599E+006   1.5020E+006   4.6364E+005   1.0652E+005   1.8264E+004   2.1849E+003
 1620947833.51000740    1.4108   1.9310E+008    6.7600   5.9671E+005   8.6649E+005   1.2611E+006   1.8042E+006   2.5590E+006   3.5877E+006   4.9337E+006   6.5684E+006   8.3813E+006   1.0062E+007   1.1089E+007   1.0891E+007   9.1732E+006   6.3736E+006   3.5013E+006   1.4877E+006   4.7011E+005   1.1298E+005   2.0784E+004   2.7532E+003
 1620947836.36001350    1.5918   2.2442E+008    7.7600   6.7748E+005   9.8415E+005   1.4331E+006   2.0521E+006   2.9139E+006   4.0922E+006   5.6410E+006   7.5351E+006   9.6585E+006   1.1664E+007   1.2946E+007   1.2814E+007   1.0862E+007   7.5555E+006   4.1067E+006   1.6917E+006   5.0217E+005   1.0893E+005   1.7260E+004   1.8576E+003
 1620947839.21001580    1.5856   2.2432E+008    8.7800   6.4148E+005   9.3229E+005   1.3585E+006   1.9472E+006   2.7688E+006   3.8964E+006   5.3869E+006   7.2256E+006   9.3153E+006   1.1338E+007   1.2712E+007   1.2738E+007   1.0945E+007   7.7029E+006   4.2060E+006   1.7138E+006   4.8995E+005   9.8607E+004   1.3839E+004   1.2424E+003
 1620947842.06001040    1.5788   2.2421E+008   11.0400   5.9055E+005   8.5883E+005   1.2527E+006   1.7981E+006   2.5620E+006   3.6160E+006   5.0208E+006   6.7752E+006   8.8090E+006   1.0846E+007   1.2346E+007   1.2604E+007   1.1059E+007   7.9308E+006   4.3654E+006   1.7487E+006   4.6916E+005   8.2671E+004   9.2623E+003   5.8570E+002
 1620947844.91352730    1.6366   2.3448E+008   12.4800   6.0489E+005   8.7987E+005   1.2838E+006   1.8435E+006   2.6285E+006   3.7135E+006   5.1632E+006   6.9811E+006   9.1011E+006   1.1247E+007   1.2863E+007   1.3205E+007   1.1654E+007   8.3901E+006   4.6085E+006   1.8182E+006   4.6891E+005   7.6511E+004   7.5349E+003   3.8900E+002
 1620947847.77836180    1.6397   2.3454E+008   10.6000   6.3544E+005   9.2396E+005   1.3474E+006   1.9332E+006   2.7532E+006   3.8829E+006   5.3853E+006   7.2557E+006   9.4126E+006   1.1553E+007   1.3095E+007   1.3295E+007   1.1586E+007   8.2447E+006   4.5055E+006   1.7972E+006   4.8345E+005   8.6433E+004   9.9931E+003   6.6782E+002
 1620947850.62251040    1.6383   2.3451E+008   11.3400   6.2188E+005   9.0439E+005   1.3192E+006   1.8934E+006   2.6979E+006   3.8078E+006   5.2871E+006   7.1344E+006   9.2753E+006   1.1419E+007   1.2994E+007   1.3257E+007   1.1616E+007   8.3080E+006   4.5502E+006   1.8065E+006   4.7736E+005   8.2133E+004   8.8845E+003   5.3405E+002
 1620947853.47251270    1.7007   2.5169E+008    9.7000   7.5429E+005   1.0962E+006   1.5971E+006   2.2888E+006   3.2538E+006   4.5772E+006   6.3247E+006   8.4761E+006   1.0913E+007   1.3253E+007   1.4805E+007   1.4745E+007   1.2539E+007   8.6726E+006   4.6003E+006   1.7903E+006   4.7650E+005   8.6519E+004   1.0548E+004   7.8270E+002
 1620947856.32250740    1.6995   2.5167E+008   10.2400   7.3965E+005   1.0751E+006   1.5668E+006   2.2461E+006   3.1947E+006   4.4973E+006   6.2207E+006   8.3490E+006   1.0771E+007   1.3118E+007   1.4708E+007   1.4714E+007   1.2575E+007   8.7357E+006   4.6412E+006   1.7976E+006   4.7074E+005   8.2671E+004   9.5319E+003   6.4903E+002
 1620947859.17251350    1.6496   2.5696E+008    9.2400   8.6943E+005   1.2626E+006   1.8379E+006   2.6302E+006   3.7316E+006   5.2338E+006   7.2008E+006   9.5908E+006   1.2239E+007   1.4680E+007   1.6121E+007   1.5693E+007   1.2953E+007   8.6402E+006   4.3988E+006   1.6429E+006   4.2212E+005   7.5099E+004   9.1744E+003   7.0297E+002
 1620947862.02603030    1.6502   2.5697E+008    9.0400   8.7710E+005   1.2737E+006   1.8538E+006   2.6525E+006   3.7623E+006   5.2750E+006   7.2538E+006   9.6546E+006   1.2309E+007   1.4744E+007   1.6164E+007   1.5702E+007   1.2932E+007   8.6105E+006   4.3819E+006   1.6408E+006   4.2483E+005   7.6708E+004   9.5964E+003   7.6179E+002
 1620947864.89086480    1.6511   2.5698E+008    8.8000   8.8684E+005   1.2877E+006   1.8739E+006   2.6807E+006   3.8012E+006   5.3272E+006   7.3209E+006   9.7353E+006   1.2396E+007   1.4824E+007   1.6217E+007   1.5713E+007   1.2905E+007   8.5732E+006   4.3609E+006   1.6383E+006   4.2825E+005   7.8756E+004   1.0145E+004   8.4091E+002
 1620947867.73500970    1.5378   2.6174E+008    8.5600   1.0917E+006   1.5835E+006   2.3008E+006   3.2839E+006   4.6413E+006   6.4735E+006   8.8343E+006   1.1631E+007   1.4600E+007   1.7112E+007   1.8210E+007   1.7002E+007   1.3302E+007   8.3261E+006   3.9513E+006   1.3789E+006   3.3524E+005   5.7970E+004   7.1459E+003   5.7939E+002
 1620947870.58500430    1.5356   2.6170E+008    9.5000   1.0457E+006   1.5175E+006   2.2061E+006   3.1516E+006   4.4601E+006   6.2322E+006   8.5276E+006   1.1269E+007   1.4219E+007   1.6781E+007   1.8015E+007   1.6995E+007   1.3440E+007   8.4788E+006   4.0220E+006   1.3803E+006   3.2127E+005   5.1304E+004   5.5910E+003   3.7916E+002
 1620947873.43501040    1.5300   2.6161E+008  999.0000   7.3989E+005   1.0768E+006   1.5725E+006   2.2608E+006   3.2288E+006   4.5724E+006   6.3787E+006   8.6628E+006   1.1358E+007   1.4127E+007   1.6246E+007   1.6681E+007   1.4485E+007   9.8582E+006   4.6816E+006   1.3338E+006   1.7274E+005   7.3648E+003   5.9534E+001   2.7743E-002
 1620947876.28852750    1.3741   2.5194E+008    9.0000   1.1898E+006   1.7247E+006   2.5036E+006   3.5687E+006   5.0341E+006   7.0013E+006   9.5149E+006   1.2452E+007   1.5496E+007   1.7936E+007   1.8752E+007   1.7083E+007   1.2916E+007   7.7234E+006   3.4529E+006   1.1185E+006   2.4805E+005   3.8533E+004   4.2041E+003   2.9593E+002
 1620947879.15336180    1.3748   2.5195E+008    8.6800   1.2083E+006   1.7513E+006   2.5415E+006   3.6215E+006   5.1060E+006   7.0963E+006   9.6342E+006   1.2590E+007   1.5637E+007   1.8052E+007   1.8812E+007   1.7072E+007   1.2859E+007   7.6711E+006   3.4329E+006   1.1202E+006   2.5277E+005   4.0476E+004   4.6223E+003   3.4710E+002
 1620947881.99751040    1.3738   2.5193E+008    9.2200   1.1780E+006   1.7078E+006   2.4794E+006   3.5349E+006   4.9880E+006   6.9404E+006   9.4384E+006   1.2363E+007   1.5404E+007   1.7860E+007   1.8713E+007   1.7088E+007   1.2952E+007   7.7576E+006   3.4661E+006   1.1174E+006   2.4499E+005   3.7298E+004   3.9469E+003   2.6598E+002
 1620947884.84751270    1.2346   2.6480E+008    7.1800   1.9120E+006   2.7621E+006   3.9891E+006   5.6454E+006   7.8807E+006   1.0795E+007   1.4353E+007   1.8212E+007   2.1705E+007   2.3683E+007   2.2911E+007   1.8930E+007   1.2743E+007   6.7364E+006   2.6894E+006   8.0737E+005   1.7705E+005   2.9778E+004   3.9089E+003   3.7482E+002
 1620947887.69750740    1.2300   2.6472E+008  999.0000   1.1812E+006   1.7157E+006   2.4980E+006   3.5760E+006   5.0754E+006   7.1213E+006   9.7998E+006   1.3047E+007   1.6612E+007   1.9791E+007   2.1374E+007   2.0018E+007   1.5171E+007   8.4694E+006   3.0067E+006   5.6231E+005   3.9032E+004   6.7335E+002   1.4493E+000   8.8095E-005
 1620947890.54751350    1.0716   2.6306E+008    7.7600   2.3710E+006   3.4199E+006   4.9278E+006   6.9509E+006   9.6568E+006   1.3136E+007   1.7287E+007   2.1618E+007   2.5232E+007   2.6731E+007   2.4826E+007   1.9411E+007   1.2139E+007   5.8433E+006   2.0776E+006   5.4425E+005   1.0189E+005   1.4398E+004   1.5651E+003   1.2173E+002
 1620947893.40103030    1.0715   2.6305E+008    7.9400   2.3433E+006   3.3807E+006   4.8724E+006   6.8753E+006   9.5565E+006   1.3009E+007   1.7138E+007   2.1461E+007   2.5096E+007   2.6651E+007   2.4821E+007   1.9462E+007   1.2198E+007   5.8729E+006   2.0805E+006   5.3994E+005   9.9360E+004   1.3682E+004   1.4365E+003   1.0679E+002
 1620947896.26586480    1.0741   2.6309E+008    6.3800   2.6617E+006   3.8326E+006   5.5082E+006   7.7417E+006   1.0700E+007   1.4447E+007   1.8815E+007   2.3197E+007   2.6569E+007   2.7486E+007   2.4837E+007   1.8891E+007   1.1574E+007   5.5639E+006   2.0453E+006   5.8216E+005   1.2631E+005   2.2142E+004   3.1978E+003   3.5768E+002
 1620947899.11000970    0.8825   2.4033E+008    6.3600   2.9991E+006   4.3095E+006   6.1744E+006   8.6400E+006   1.1866E+007   1.5875E+007   2.0405E+007   2.4698E+007   2.7578E+007   2.7567E+007   2.3825E+007   1.7148E+007   9.8375E+006   4.4006E+006   1.5020E+006   3.9869E+005   8.1262E+004   1.3537E+004   1.8798E+003   2.0418E+002
 1620947901.96000430    0.8800   2.4029E+008  999.0000   1.7162E+006   2.4863E+006   3.6059E+006   5.1332E+006   7.2263E+006   1.0017E+007   1.3542E+007   1.7565E+007   2.1526E+007   2.4243E+007   2.4115E+007   2.0030E+007   1.2708E+007   5.4771E+006   1.3302E+006   1.4369E+005   4.4273E+003   2.3555E+001   9.1162E-003   3.9896E-008
 1620947904.81001040    0.8800   2.4029E+008  999.0000   1.7162E+006   2.4863E+006   3.6059E+006   5.1332E+006   7.2263E+006   1.0017E+007   1.3542E+007   1.7565E+007   2.1526E+007   2.4243E+007   2.4115E+007   2.0030E+007   1.2708E+007   5.4771E+006   1.3302E+006   1.4369E+005   4.4273E+003   2.3555E+001   9.1162E-003   3.9896E-008
 1620947907.66001270    0.7800   2.4324E+008  999.0000   2.2575E+006   3.2649E+006   4.7226E+006   6.6979E+006   9.3773E+006   1.2895E+007   1.7223E+007   2.1955E+007   2.6224E+007   2.8441E+007   2.6774E+007   2.0517E+007   1.1555E+007   4.1877E+006   7.8871E+005   5.9008E+004   1.0565E+003   2.5641E+000   3.1667E-004   2.4200E-010
 1620947910.51000740    0.7800   2.4324E+008  999.0000   2.2575E+006   3.2649E+006   4.7226E+006   6.6979E+006   9.3773E+006   1.2895E+007   1.7223E+007   2.1955E+007   2.6224E+007   2.8441E+007   2.6774E+007   2.0517E+007   1.1555E+007   4.1877E+006   7.8871E+005   5.9008E+004   1.0565E+003   2.5641E+000   3.1667E-004   2.4200E-010
 1620947913.36352830    0.7800   2.4324E+008  999.0000   2.2575E+006   3.2649E+006   4.7226E+006   6.6979E+006   9.3773E+006   1.2895E+007   1.7223E+007   2.1955E+007   2.6224E+007   2.8441E+007   2.6774E+007   2.0517E+007   1.1555E+007   4.1877E+006   7.8871E+005   5.9008E+004   1.0565E+003   2.5641E+000   3.1667E-004   2.4200E-010
 1620947916.22836970    0.6400   2.3429E+008  999.0000   2.9809E+006   4.3006E+006   6.1981E+006   8.7446E+006   1.2149E+007   1.6518E+007   2.1697E+007   2.6992E+007   3.1104E+007   3.2001E+007   2.7892E+007   1.9100E+007   9.1079E+006   2.5910E+006   3.4221E+005   1.5340E+004   1.2892E+002   1.0500E-001   2.6572E-006   1.8174E-013
 1620947919.07250740    0.6400   2.3429E+008  999.0000   2.9809E+006   4.3006E+006   6.1981E+006   8.7446E+006   1.2149E+007   1.6518E+007   2.1697E+007   2.6992E+007   3.1104E+007   3.2001E+007   2.7892E+007   1.9100E+007   9.1079E+006   2.5910E+006   3.4221E+005   1.5340E+004   1.2892E+002   1.0500E-001   2.6572E-006   1.8174E-013
 1620947921.92250970    0.5400   2.2774E+008  999.0000   3.8249E+006   5.5044E+006   7.9034E+006   1.1091E+007   1.5288E+007   2.0546E+007   2.6529E+007   3.2187E+007   3.5750E+007   3.4845E+007   2.8063E+007   1.7122E+007   6.8841E+006   1.5281E+006   1.4032E+005   3.7237E+003   1.4447E+001   3.8629E-003   1.9487E-008   1.1551E-016
 1620947924.77250430    0.5400   2.2774E+008  999.0000   3.8249E+006   5.5044E+006   7.9034E+006   1.1091E+007   1.5288E+007   2.0546E+007   2.6529E+007   3.2187E+007   3.5750E+007   3.4845E+007   2.8063E+007   1.7122E+007   6.8841E+006   1.5281E+006   1.4032E+005   3.7237E+003   1.4447E+001   3.8629E-003   1.9487E-008   1.1551E-016
 1620947927.62602520    0.5400   2.2774E+008  999.0000   3.8249E+006   5.5044E+006   7.9034E+006   1.1091E+007   1.5288E+007   2.0546E+007   2.6529E+007   3.2187E+007   3.5750E+007   3.4845E+007   2.8063E+007   1.7122E+007   6.8841E+006   1.5281E+006   1.4032E+005   3.7237E+003   1.4447E+001   3.8629E-003   1.9487E-008   1.1551E-016
 1620947930.49086690    0.4300   2.1250E+008  999.0000   4.8667E+006   6.9809E+006   9.9743E+006   1.3900E+007   1.8965E+007   2.5104E+007   3.1698E+007   3.7226E+007   3.9414E+007   3.5804E+007   2.6019E+007   1.3661E+007   4.3996E+006   7.0737E+005   4.0510E+004   5.4445E+002   7.7582E-001   4.9144E-005   3.1011E-011   7.9743E-021
 1620947933.33500430    0.4300   2.1250E+008  999.0000   4.8667E+006   6.9809E+006   9.9743E+006   1.3900E+007   1.8965E+007   2.5104E+007   3.1698E+007   3.7226E+007   3.9414E+007   3.5804E+007   2.6019E+007   1.3661E+007   4.3996E+006   7.0737E+005   4.0510E+004   5.4445E+002   7.7582E-001   4.9144E-005   3.1011E-011   7.9743E-021
 1620947936.18501040    0.4300   2.1250E+008  999.0000   4.8667E+006   6.9809E+006   9.9743E+006   1.3900E+007   1.8965E+007   2.5104E+007   3.1698E+007   3.7226E+007   3.9414E+007   3.5804E+007   2.6019E+007   1.3661E+007   4.3996E+006   7.0737E+005   4.0510E+004   5.4445E+002   7.7582E-001   4.9144E-005   3.1011E-011   7.9743E-021
 1620947939.03501270    0.3500   2.1432E+008  999.0000   7.4504E+006   1.0630E+007   1.5068E+007   2.0760E+007   2.7856E+007   3.5975E+007   4.3800E+007   4.8779E+007   4.7767E+007   3.8689E+007   2.3778E+007   9.7763E+006   2.1937E+006   2.0871E+005   5.5488E+003   2.4726E+001   6.9600E-003   4.3135E-008   9.6482E-016   1.6598E-027
 1620947941.88500740    0.3500   2.1432E+008  999.0000   7.4504E+006   1.0630E+007   1.5068E+007   2.0760E+007   2.7856E+007   3.5975E+007   4.3800E+007   4.8779E+007   4.7767E+007   3.8689E+007   2.3778E+007   9.7763E+006   2.1937E+006   2.0871E+005   5.5488E+003   2.4726E+001   6.9600E-003   4.3135E-008   9.6482E-016   1.6598E-027
 1620947944.73852830    0.3500   2.1432E+008  999.0000   7.4504E+006   1.0630E+007   1.5068E+007   2.0760E+007   2.7856E+007   3.5975E+007   4.3800E+007   4.8779E+007   4.7767E+007   3.8689E+007   2.3778E+007   9.7763E+006   2.1937E+006   2.0871E+005   5.5488E+003   2.4726E+001   6.9600E-003   4.3135E-008   9.6482E-016   1.6598E-027
 1620947947.60337000    0.3100   2.0866E+008  999.0000   8.7131E+006   1.2398E+007   1.7502E+007   2.3973E+007   3.1892E+007   4.0667E+007   4.8595E+007   5.2662E+007   4.9540E+007   3.7827E+007   2.1331E+007   7.7348E+006   1.4417E+006   1.0479E+005   1.8799E+003   4.7607E+000   5.8523E-004   1.1102E-009   4.5649E-018   6.2971E-031
 1620947950.44750740    0.3600   2.2442E+008  999.0000   8.0770E+006   1.1519E+007   1.6315E+007   2.2454E+007   3.0082E+007   3.8760E+007   4.7031E+007   5.2118E+007   5.0665E+007   4.0599E+007   2.4565E+007   9.8713E+006   2.1415E+006   1.9400E+005   4.8013E+003   1.9303E+001   4.6721E-003   2.3333E-008   3.8308E-016   4.1541E-028
 1620947953.29750970    0.3600   2.2442E+008  999.0000   8.0770E+006   1.1519E+007   1.6315E+007   2.2454E+007   3.0082E+007   3.8760E+007   4.7031E+007   5.2118E+007   5.0665E+007   4.0599E+007   2.4565E+007   9.8713E+006   2.1415E+006   1.9400E+005   4.8013E+003   1.9303E+001   4.6721E-003   2.3333E-008   3.8308E-016   4.1541E-028
 1620947956.14750430    0.3000   2.1788E+008  999.0000   1.0537E+007   1.4958E+007   2.1040E+007   2.8672E+007   3.7858E+007   4.7742E+007   5.6122E+007   5.9384E+007   5.3937E+007   3.9114E+007   2.0457E+007   6.6462E+006   1.0534E+006   6.0514E+004   7.7003E+002   1.1911E+000   7.1137E-005   4.8200E-011   4.5616E-020   7.1133E-034
 1620947958.99751040    0.3000   2.1788E+008  999.0000   1.0537E+007   1.4958E+007   2.1040E+007   2.8672E+007   3.7858E+007   4.7742E+007   5.6122E+007   5.9384E+007   5.3937E+007   3.9114E+007   2.0457E+007   6.6462E+006   1.0534E+006   6.0514E+004   7.7003E+002   1.1911E+000   7.1137E-005   4.8200E-011   4.5616E-020   7.1133E-034
 1620947961.85103130    0.2500   2.2176E+008  999.0000   1.5754E+007   2.2202E+007   3.0893E+007   4.1451E+007   5.3501E+007   6.5243E+007   7.2987E+007   7.1849E+007   5.8686E+007   3.6413E+007   1.5169E+007   3.5361E+006   3.4345E+005   9.7020E+003   4.3844E+001   1.5385E-002   1.0527E-007   3.2797E-015   3.9186E-026   9.7405E-043
 1620947964.71587280    0.2500   2.2176E+008  999.0000   1.5754E+007   2.2202E+007   3.0893E+007   4.1451E+007   5.3501E+007   6.5243E+007   7.2987E+007   7.1849E+007   5.8686E+007   3.6413E+007   1.5169E+007   3.5361E+006   3.4345E+005   9.7020E+003   4.3844E+001   1.5385E-002   1.0527E-007   3.2797E-015   3.9186E-026   9.7405E-043
 1620947967.56001040    0.2500   2.2176E+008  999.0000   1.5754E+007   2.2202E+007   3.0893E+007   4.1451E+007   5.3501E+007   6.5243E+007   7.2987E+007   7.1849E+007   5.8686E+007   3.6413E+007   1.5169E+007   3.5361E+006   3.4345E+005   9.7020E+003   4.3844E+001   1.5385E-002   1.0527E-007   3.2797E-015   3.9186E-026   9.7405E-043
 1620947970.41001270    0.2100   2.1752E+008  999.0000   2.0770E+007   2.9076E+007   4.0053E+007   5.2976E+007   6.6955E+007   7.9154E+007   8.4584E+007   7.7885E+007   5.7668E+007   3.0978E+007   1.0458E+007   1.7942E+006   1.1090E+005   1.6285E+003   2.8385E+000   2.5519E-004   2.4058E-010   4.5443E-019   1.0439E-031   8.1579E-051
 1620947973.26000740    0.2100   2.1752E+008  999.0000   2.0770E+007   2.9076E+007   4.0053E+007   5.2976E+007   6.6955E+007   7.9154E+007   8.4584E+007   7.7885E+007   5.7668E+007   3.0978E+007   1.0458E+007   1.7942E+006   1.1090E+005   1.6285E+003   2.8385E+000   2.5519E-004   2.4058E-010   4.5443E-019   1.0439E-031   8.1579E-051
 1620947976.11352440    0.2100   2.1752E+008  999.0000   2.0770E+007   2.9076E+007   4.0053E+007   5.2976E+007   6.6955E+007   7.9154E+007   8.4584E+007   7.7885E+007   5.7668E+007   3.0978E+007   1.0458E+007   1.7942E+006   1.1090E+005   1.6285E+003   2.8385E+000   2.5519E-004   2.4058E-010   4.5443E-019   1.0439E-031   8.1579E-051
 1620947978.97835870    0.1900   2.1282E+008  999.0000   2.3572E+007   3.2874E+007   4.5028E+007   5.9075E+007   7.3778E+007   8.5700E+007   8.9230E+007   7.9113E+007   5.5409E+007   2.7430E+007   8.2202E+006   1.1856E+006   5.6753E+004   5.7571E+002   5.8605E-001   2.4458E-005   7.5680E-012   2.9751E-021   7.5644E-035   2.4443E-055
 1620947981.82250740    0.1900   2.1282E+008  999.0000   2.3572E+007   3.2874E+007   4.5028E+007   5.9075E+007   7.3778E+007   8.5700E+007   8.9230E+007   7.9113E+007   5.5409E+007   2.7430E+007   8.2202E+006   1.1856E+006   5.6753E+004   5.7571E+002   5.8605E-001   2.4458E-005   7.5680E-012   2.9751E-021   7.5644E-035   2.4443E-055
 1620947984.67250970    0.1900   2.1282E+008  999.0000   2.3572E+007   3.2874E+007   4.5028E+007   5.9075E+007   7.3778E+007   8.5700E+007   8.9230E+007   7.9113E+007   5.5409E+007   2.7430E+007   8.2202E+006   1.1856E+006   5.6753E+004   5.7571E+002   5.8605E-001   2.4458E-005   7.5680E-012   2.9751E-021   7.5644E-035   2.4443E-055
 1620947987.52250430    0.1700   2.1033E+008  999.0000   2.8104E+007   3.8988E+007   5.2983E+007   6.8731E+007   8.4429E+007   9.5704E+007   9.6116E+007   8.0855E+007   5.2419E+007   2.3169E+007   5.8853E+006   6.6720E+005   2.2402E+004   1.3611E+002   6.5807E-002   9.5077E-007   6.3295E-014   2.8758E-024   3.5953E-039   1.5263E-061
 1620947990.37428780    0.1700   2.1033E+008  999.0000   2.8104E+007   3.8988E+007   5.2983E+007   6.8731E+007   8.4429E+007   9.5704E+007   9.6116E+007   8.0855E+007   5.2419E+007   2.3169E+007   5.8853E+006   6.6720E+005   2.2402E+004   1.3611E+002   6.5807E-002   9.5077E-007   6.3295E-014   2.8758E-024   3.5953E-039   1.5263E-061
 1620947993.23136000    0.1400   1.9431E+008  999.0000   3.2202E+007   4.4370E+007   5.9687E+007   7.6312E+007   9.1767E+007   1.0080E+008   9.6648E+007   7.5988E+007   4.4607E+007   1.7042E+007   3.5004E+006   2.9125E+005   6.2030E+003   1.9531E+001   3.6391E-003   1.3554E-008   1.2739E-016   3.7446E-028   1.0472E-044   1.9683E-069
 1620947996.09086180    0.1400   1.9431E+008  999.0000   3.2202E+007   4.4370E+007   5.9687E+007   7.6312E+007   9.1767E+007   1.0080E+008   9.6648E+007   7.5988E+007   4.4607E+007   1.7042E+007   3.5004E+006   2.9125E+005   6.2030E+003   1.9531E+001   3.6391E-003   1.3554E-008   1.2739E-016   3.7446E-028   1.0472E-044   1.9683E-069
 1620947998.93500660    0.1400   1.9431E+008  999.0000   3.2202E+007   4.4370E+007   5.9687E+007   7.6312E+007   9.1767E+007   1.0080E+008   9.6648E+007   7.5988E+007   4.4607E+007   1.7042E+007   3.5004E+006   2.9125E+005   6.2030E+003   1.9531E+001   3.6391E-003   1.3554E-008   1.2739E-016   3.7446E-028   1.0472E-044   1.9683E-069
 1620948001.78500130    0.1200   1.8593E+008  999.0000   3.7809E+007   5.1719E+007   6.8818E+007   8.6628E+007   1.0182E+008   1.0814E+008   9.8657E+007   7.2149E+007   3.8079E+007   1.2445E+007   2.0362E+006   1.2168E+005   1.5930E+003   2.4858E+000   1.6759E-004   1.4762E-010   1.7418E-019   2.8506E-032   1.4870E-050   1.0072E-077
 1620948004.63500740    0.1200   1.8593E+008  999.0000   3.7809E+007   5.1719E+007   6.8818E+007   8.6628E+007   1.0182E+008   1.0814E+008   9.8657E+007   7.2149E+007   3.8079E+007   1.2445E+007   2.0362E+006   1.2168E+005   1.5930E+003   2.4858E+000   1.6759E-004   1.4762E-010   1.7418E-019   2.8506E-032   1.4870E-050   1.0072E-077
 1620948007.48852830    0.1200   1.8593E+008  999.0000   3.7809E+007   5.1719E+007   6.8818E+007   8.6628E+007   1.0182E+008   1.0814E+008   9.8657E+007   7.2149E+007   3.8079E+007   1.2445E+007   2.0362E+006   1.2168E+005   1.5930E+003   2.4858E+000   1.6759E-004   1.4762E-010   1.7418E-019   2.8506E-032   1.4870E-050   1.0072E-077
 1620948010.35337000    0.1100   1.8227E+008  999.0000   4.1952E+007   5.7110E+007   7.5443E+007   9.3987E+007   1.0881E+008   1.1300E+008   9.9728E+007   6.9499E+007   3.4172E+007   1.0066E+007   1.4157E+006   6.7882E+004   6.4306E+002   6.2961E-001   2.1633E-005   7.3396E-012   2.2024E-021   5.4032E-035   2.0903E-054   3.6924E-083
 1620948013.19750740    0.1100   1.8227E+008  999.0000   4.1952E+007   5.7110E+007   7.5443E+007   9.3987E+007   1.0881E+008   1.1300E+008   9.9728E+007   6.9499E+007   3.4172E+007   1.0066E+007   1.4157E+006   6.7882E+004   6.4306E+002   6.2961E-001   2.1633E-005   7.3396E-012   2.2024E-021   5.4032E-035   2.0903E-054   3.6924E-083
 1620948016.04751350    0.1100   1.8227E+008  999.0000   4.1952E+007   5.7110E+007   7.5443E+007   9.3987E+007   1.0881E+008   1.1300E+008   9.9728E+007   6.9499E+007   3.4172E+007   1.0066E+007   1.4157E+006   6.7882E+004   6.4306E+002   6.2961E-001   2.1633E-005   7.3396E-012   2.2024E-021   5.4032E-035   2.0903E-054   3.6924E-083
 1620948018.89751580    0.0900   1.6760E+008  999.0000   4.7767E+007   6.4428E+007   8.3939E+007   1.0253E+008   1.1530E+008   1.1473E+008   9.5060E+007   6.0426E+007   2.5958E+007   6.2727E+006   6.6120E+005   2.0849E+004   1.0673E+002   4.3089E-002   4.1210E-007   2.2974E-014   5.2084E-025   3.6215E-040   1.0932E-061   2.2776E-093
 1620948021.75102520    0.0900   1.6760E+008  999.0000   4.7767E+007   6.4428E+007   8.3939E+007   1.0253E+008   1.1530E+008   1.1473E+008   9.5060E+007   6.0426E+007   2.5958E+007   6.2727E+006   6.6120E+005   2.0849E+004   1.0673E+002   4.3089E-002   4.1210E-007   2.2974E-014   5.2084E-025   3.6215E-040   1.0932E-061   2.2776E-093
 1620948024.61586710    0.0900   1.6760E+008  999.0000   4.7767E+007   6.4428E+007   8.3939E+007   1.0253E+008   1.1530E+008   1.1473E+008   9.5060E+007   6.0426E+007   2.5958E+007   6.2727E+006   6.6120E+005   2.0849E+004   1.0673E+002   4.3089E-002   4.1210E-007   2.2974E-014   5.2084E-025   3.6215E-040   1.0932E-061   2.2776E-093
