          0.00000000    0.0000   0.0000E+000    0.0000   3.0000E-002   4.4000E-002   6.5000E-002   9.5000E-002   1.3900E-001   2.0400E-001   3.0000E-001   4.4000E-001   6.4600E-001   9.4900E-001   1.3920E+000   2.0400E+000   3.0000E+000   4.4000E+000   6.4600E+000   9.4500E+000   1.3900E+001   2.0400E+001   3.0000E+001   4.5000E+001
 1621070542.58379750    0.0100   1.3489E+006  999.0000   2.3828E+003   3.4736E+003   5.0849E+003   7.3358E+003   1.0531E+004   1.5026E+004   2.1196E+004   2.9257E+004   3.9285E+004   5.0609E+004   6.1268E+004   6.7812E+004   6.5802E+004   5.2649E+004   3.1711E+004   1.2746E+004   2.7497E+003   2.4607E+002   5.8956E+000   1.4706E-002
 1621070545.44628910    0.0100   1.3489E+006  999.0000   2.3828E+003   3.4736E+003   5.0849E+003   7.3358E+003   1.0531E+004   1.5026E+004   2.1196E+004   2.9257E+004   3.9285E+004   5.0609E+004   6.1268E+004   6.7812E+004   6.5802E+004   5.2649E+004   3.1711E+004   1.2746E+004   2.7497E+003   2.4607E+002   5.8956E+000   1.4706E-002
 1621070548.30527730    0.0100   1.5332E+006  999.0000   3.4928E+003   5.0875E+003   7.4383E+003   1.0712E+004   1.5337E+004   2.1799E+004   3.0577E+004   4.1857E+004   5.5523E+004   7.0256E+004   8.2852E+004   8.8254E+004   8.0914E+004   5.9605E+004   3.1796E+004   1.0719E+004   1.7817E+003   1.0915E+002   1.5003E+000   1.5860E-003
 1621070551.15294120    0.0100   1.5332E+006  999.0000   3.4928E+003   5.0875E+003   7.4383E+003   1.0712E+004   1.5337E+004   2.1799E+004   3.0577E+004   4.1857E+004   5.5523E+004   7.0256E+004   8.2852E+004   8.8254E+004   8.0914E+004   5.9605E+004   3.1796E+004   1.0719E+004   1.7817E+003   1.0915E+002   1.5003E+000   1.5860E-003
 1621070554.02129750    0.0100   1.8516E+006  999.0000   6.1329E+003   8.9202E+003   1.3014E+004   1.8684E+004   2.6631E+004   3.7601E+004   5.2226E+004   7.0476E+004   9.1538E+004   1.1229E+005   1.2657E+005   1.2618E+005   1.0489E+005   6.6994E+004   2.8981E+004   7.2141E+003   7.6486E+002   2.4390E+001   1.2889E-001   3.1196E-005
 1621070556.88378910    0.0100   1.8516E+006  999.0000   6.1329E+003   8.9202E+003   1.3014E+004   1.8684E+004   2.6631E+004   3.7601E+004   5.2226E+004   7.0476E+004   9.1538E+004   1.1229E+005   1.2657E+005   1.2618E+005   1.0489E+005   6.6994E+004   2.8981E+004   7.2141E+003   7.6486E+002   2.4390E+001   1.2889E-001   3.1196E-005
 1621070559.74277760    0.0100   1.8516E+006  999.0000   6.1329E+003   8.9202E+003   1.3014E+004   1.8684E+004   2.6631E+004   3.7601E+004   5.2226E+004   7.0476E+004   9.1538E+004   1.1229E+005   1.2657E+005   1.2618E+005   1.0489E+005   6.6994E+004   2.8981E+004   7.2141E+003   7.6486E+002   2.4390E+001   1.2889E-001   3.1196E-005
 1621070562.59044080    0.0200   2.8610E+006  999.0000   5.6789E+003   8.2757E+003   1.2108E+004   1.7454E+004   2.5026E+004   3.5648E+004   5.0160E+004   6.8983E+004   9.2130E+004   1.1775E+005   1.4090E+005   1.5333E+005   1.4509E+005   1.1192E+005   6.3884E+004   2.3754E+004   4.5659E+003   3.4548E+002   6.4714E+000   1.1034E-002
 1621070565.45879750    0.0200   2.8610E+006  999.0000   5.6789E+003   8.2757E+003   1.2108E+004   1.7454E+004   2.5026E+004   3.5648E+004   5.0160E+004   6.8983E+004   9.2130E+004   1.1775E+005   1.4090E+005   1.5333E+005   1.4509E+005   1.1192E+005   6.3884E+004   2.3754E+004   4.5659E+003   3.4548E+002   6.4714E+000   1.1034E-002
 1621070568.32128910    0.0200   2.8610E+006  999.0000   5.6789E+003   8.2757E+003   1.2108E+004   1.7454E+004   2.5026E+004   3.5648E+004   5.0160E+004   6.8983E+004   9.2130E+004   1.1775E+005   1.4090E+005   1.5333E+005   1.4509E+005   1.1192E+005   6.3884E+004   2.3754E+004   4.5659E+003   3.4548E+002   6.4714E+000   1.1034E-002
 1621070571.18027780    0.0200   3.8332E+006  999.0000   1.3594E+004   1.9767E+004   2.8825E+004   4.1358E+004   5.8895E+004   8.3044E+004   1.1511E+005   1.5488E+005   2.0031E+005   2.4418E+005   2.7268E+005   2.6821E+005   2.1855E+005   1.3558E+005   5.6199E+004   1.3150E+004   1.2722E+003   3.5520E+001   1.5453E-001   2.7725E-005
 1621070574.02794120    0.0200   3.8332E+006  999.0000   1.3594E+004   1.9767E+004   2.8825E+004   4.1358E+004   5.8895E+004   8.3044E+004   1.1511E+005   1.5488E+005   2.0031E+005   2.4418E+005   2.7268E+005   2.6821E+005   2.1855E+005   1.3558E+005   5.6199E+004   1.3150E+004   1.2722E+003   3.5520E+001   1.5453E-001   2.7725E-005
 1621070576.89630130    0.0200   3.8332E+006  999.0000   1.3594E+004   1.9767E+004   2.8825E+004   4.1358E+004   5.8895E+004   8.3044E+004   1.1511E+005   1.5488E+005   2.0031E+005   2.4418E+005   2.7268E+005   2.6821E+005   2.1855E+005   1.3558E+005   5.6199E+004   1.3150E+004   1.2722E+003   3.5520E+001   1.5453E-001   2.7725E-005
 1621070579.75880050    0.0200   5.5024E+006  999.0000   3.9888E+004   5.7782E+004   8.3790E+004   1.1926E+005   1.6783E+005   2.3256E+005   3.1417E+005   4.0715E+005   4.9827E+005   5.6004E+005   5.5546E+005   4.5938E+005   2.8962E+005   1.2368E+005   2.9632E+004   3.1388E+003   9.3954E+001   4.7939E-001   1.7455E-004   6.9585E-010
 1621070582.61777780    0.0200   5.5024E+006  999.0000   3.9888E+004   5.7782E+004   8.3790E+004   1.1926E+005   1.6783E+005   2.3256E+005   3.1417E+005   4.0715E+005   4.9827E+005   5.6004E+005   5.5546E+005   4.5938E+005   2.8962E+005   1.2368E+005   2.9632E+004   3.1388E+003   9.3954E+001   4.7939E-001   1.7455E-004   6.9585E-010
 1621070585.46544120    0.0200   5.5024E+006  999.0000   3.9888E+004   5.7782E+004   8.3790E+004   1.1926E+005   1.6783E+005   2.3256E+005   3.1417E+005   4.0715E+005   4.9827E+005   5.6004E+005   5.5546E+005   4.5938E+005   2.8962E+005   1.2368E+005   2.9632E+004   3.1388E+003   9.3954E+001   4.7939E-001   1.7455E-004   6.9585E-010
 1621070588.33380130    0.0200   6.3115E+006  999.0000   5.9962E+004   8.6704E+004   1.2539E+005   1.7777E+005   2.4875E+005   3.4178E+005   4.5600E+005   5.8030E+005   6.9142E+005   7.4716E+005   6.9966E+005   5.3203E+005   2.9624E+005   1.0559E+005   1.9407E+004   1.4017E+003   2.3824E+001   5.3632E-002   5.9377E-006   3.8409E-012
 1621070591.19591020    0.0200   6.3115E+006  999.0000   5.9962E+004   8.6704E+004   1.2539E+005   1.7777E+005   2.4875E+005   3.4178E+005   4.5600E+005   5.8030E+005   6.9142E+005   7.4716E+005   6.9966E+005   5.3203E+005   2.9624E+005   1.0559E+005   1.9407E+004   1.4017E+003   2.3824E+001   5.3632E-002   5.9377E-006   3.8409E-012
 1621070594.04942040    0.0200   6.3115E+006  999.0000   5.9962E+004   8.6704E+004   1.2539E+005   1.7777E+005   2.4875E+005   3.4178E+005   4.5600E+005   5.8030E+005   6.9142E+005   7.4716E+005   6.9966E+005   5.3203E+005   2.9624E+005   1.0559E+005   1.9407E+004   1.4017E+003   2.3824E+001   5.3632E-002   5.9377E-006   3.8409E-012
 1621070596.90294120    0.0200   7.2025E+006  999.0000   8.8730E+004   1.2805E+005   1.8462E+005   2.6062E+005   3.6239E+005   4.9332E+005   6.4919E+005   8.0977E+005   9.3682E+005   9.6944E+005   8.5214E+005   5.9077E+005   2.8691E+005   8.3819E+004   1.1510E+004   5.4577E+002   4.9834E+000   4.5747E-003   1.3770E-007   1.2259E-014
 1621070599.77130130    0.0200   7.2025E+006  999.0000   8.8730E+004   1.2805E+005   1.8462E+005   2.6062E+005   3.6239E+005   4.9332E+005   6.4919E+005   8.0977E+005   9.3682E+005   9.6944E+005   8.5214E+005   5.9077E+005   2.8691E+005   8.3819E+004   1.1510E+004   5.4577E+002   4.9834E+000   4.5747E-003   1.3770E-007   1.2259E-014
 1621070602.63380050    0.0400   1.1814E+007  999.0000   9.8510E+004   1.4257E+005   2.0646E+005   2.9328E+005   4.1157E+005   5.6789E+005   7.6240E+005   9.7909E+005   1.1823E+006   1.3030E+006   1.2557E+006   9.9576E+005   5.8996E+005   2.3015E+005   4.8293E+004   4.2234E+003   9.5232E+001   3.2257E-001   6.4690E-005   1.0363E-010
 1621070605.49277760    0.0400   1.1814E+007  999.0000   9.8510E+004   1.4257E+005   2.0646E+005   2.9328E+005   4.1157E+005   5.6789E+005   7.6240E+005   9.7909E+005   1.1823E+006   1.3030E+006   1.2557E+006   9.9576E+005   5.8996E+005   2.3015E+005   4.8293E+004   4.2234E+003   9.5232E+001   3.2257E-001   6.4690E-005   1.0363E-010
 1621070608.34044080    0.0400   1.1814E+007  999.0000   9.8510E+004   1.4257E+005   2.0646E+005   2.9328E+005   4.1157E+005   5.6789E+005   7.6240E+005   9.7909E+005   1.1823E+006   1.3030E+006   1.2557E+006   9.9576E+005   5.8996E+005   2.3015E+005   4.8293E+004   4.2234E+003   9.5232E+001   3.2257E-001   6.4690E-005   1.0363E-010
 1621070611.20880130    0.0500   1.7689E+007  999.0000   2.1042E+005   3.0374E+005   4.3812E+005   6.1885E+005   8.6130E+005   1.1740E+006   1.5480E+006   1.9364E+006   2.2497E+006   2.3425E+006   2.0777E+006   1.4595E+006   7.2279E+005   2.1723E+005   3.1097E+004   1.5656E+003   1.5618E+001   1.6290E-002   5.9012E-007   6.9627E-014
 1621070614.07130050    0.0500   1.7689E+007  999.0000   2.1042E+005   3.0374E+005   4.3812E+005   6.1885E+005   8.6130E+005   1.1740E+006   1.5480E+006   1.9364E+006   2.2497E+006   2.3425E+006   2.0777E+006   1.4595E+006   7.2279E+005   2.1723E+005   3.1097E+004   1.5656E+003   1.5618E+001   1.6290E-002   5.9012E-007   6.9627E-014
 1621070616.93027780    0.0500   1.7689E+007  999.0000   2.1042E+005   3.0374E+005   4.3812E+005   6.1885E+005   8.6130E+005   1.1740E+006   1.5480E+006   1.9364E+006   2.2497E+006   2.3425E+006   2.0777E+006   1.4595E+006   7.2279E+005   2.1723E+005   3.1097E+004   1.5656E+003   1.5618E+001   1.6290E-002   5.9012E-007   6.9627E-014
 1621070619.77794120    0.0700   2.2333E+007  999.0000   2.1679E+005   3.1342E+005   4.5315E+005   6.4223E+005   8.9823E+005   1.2333E+006   1.6437E+006   2.0885E+006   2.4827E+006   2.6738E+006   2.4915E+006   1.8810E+006   1.0363E+006   3.6367E+005   6.5344E+004   4.5673E+003   7.3960E+001   1.5525E-001   1.5527E-005   8.6011E-012
 1621070622.64630130    0.0700   2.2333E+007  999.0000   2.1679E+005   3.1342E+005   4.5315E+005   6.4223E+005   8.9823E+005   1.2333E+006   1.6437E+006   2.0885E+006   2.4827E+006   2.6738E+006   2.4915E+006   1.8810E+006   1.0363E+006   3.6367E+005   6.5344E+004   4.5673E+003   7.3960E+001   1.5525E-001   1.5527E-005   8.6011E-012
 1621070625.50880430    0.0700   2.2333E+007  999.0000   2.1679E+005   3.1342E+005   4.5315E+005   6.4223E+005   8.9823E+005   1.2333E+006   1.6437E+006   2.0885E+006   2.4827E+006   2.6738E+006   2.4915E+006   1.8810E+006   1.0363E+006   3.6367E+005   6.5344E+004   4.5673E+003   7.3960E+001   1.5525E-001   1.5527E-005   8.6011E-012
 1621070628.37130360    0.1100   2.8100E+007  999.0000   1.7596E+005   2.5512E+005   3.7044E+005   5.2825E+005   7.4549E+005   1.0372E+006   1.4098E+006   1.8432E+006   2.2852E+006   2.6182E+006   2.6703E+006   2.3005E+006   1.5406E+006   7.1836E+005   1.9581E+005   2.4992E+004   9.8561E+002   7.4950E+000   4.8813E-003   4.7394E-008
 1621070631.23028040    0.1100   2.8100E+007  999.0000   1.7596E+005   2.5512E+005   3.7044E+005   5.2825E+005   7.4549E+005   1.0372E+006   1.4098E+006   1.8432E+006   2.2852E+006   2.6182E+006   2.6703E+006   2.3005E+006   1.5406E+006   7.1836E+005   1.9581E+005   2.4992E+004   9.8561E+002   7.4950E+000   4.8813E-003   4.7394E-008
 1621070634.07794050    0.1100   2.8100E+007  999.0000   1.7596E+005   2.5512E+005   3.7044E+005   5.2825E+005   7.4549E+005   1.0372E+006   1.4098E+006   1.8432E+006   2.2852E+006   2.6182E+006   2.6703E+006   2.3005E+006   1.5406E+006   7.1836E+005   1.9581E+005   2.4992E+004   9.8561E+002   7.4950E+000   4.8813E-003   4.7394E-008
 1621070636.94628910    0.1309   3.5530E+007    5.3000   5.1091E+005   7.3228E+005   1.0452E+006   1.4549E+006   1.9832E+006   2.6250E+006   3.3245E+006   3.9453E+006   4.2944E+006   4.1625E+006   3.4791E+006   2.4287E+006   1.3681E+006   6.1645E+005   2.2037E+005   6.4315E+004   1.5253E+004   3.1187E+003   5.5868E+002   8.2844E+001
 1621070639.80879210    0.1000   3.1075E+007  999.0000   2.8640E+005   4.1423E+005   5.9922E+005   8.4994E+005   1.1901E+006   1.6369E+006   2.1872E+006   2.7894E+006   3.3342E+006   3.6199E+006   3.4131E+006   2.6215E+006   1.4814E+006   5.3951E+005   1.0235E+005   7.7371E+003   1.4067E+002   3.4907E-001   4.4524E-005   3.5743E-011
 1621070642.66778040    0.1000   3.1075E+007  999.0000   2.8640E+005   4.1423E+005   5.9922E+005   8.4994E+005   1.1901E+006   1.6369E+006   2.1872E+006   2.7894E+006   3.3342E+006   3.6199E+006   3.4131E+006   2.6215E+006   1.4814E+006   5.3951E+005   1.0235E+005   7.7371E+003   1.4067E+002   3.4907E-001   4.4524E-005   3.5743E-011
 1621070645.51544380    0.1300   3.5909E+007  999.0000   2.6236E+005   3.8005E+005   5.5106E+005   7.8423E+005   1.1035E+006   1.5287E+006   2.0645E+006   2.6742E+006   3.2703E+006   3.6718E+006   3.6360E+006   3.0003E+006   1.8851E+006   8.0106E+005   1.9055E+005   1.9975E+004   5.8878E+002   2.9380E+000   1.0356E-003   3.9285E-009
 1621070648.38380050    0.1309   3.5922E+007    5.3000   5.2801E+005   7.5659E+005   1.0795E+006   1.5018E+006   2.0455E+006   2.7046E+006   3.4197E+006   4.0495E+006   4.3949E+006   4.2434E+006   3.5295E+006   2.4497E+006   1.3710E+006   6.1358E+005   2.1790E+005   6.3220E+004   1.4918E+004   3.0376E+003   5.4245E+002   8.0242E+001
 1621070651.24629210    0.1300   3.5909E+007  999.0000   2.6236E+005   3.8005E+005   5.5106E+005   7.8423E+005   1.1035E+006   1.5287E+006   2.0645E+006   2.6742E+006   3.2703E+006   3.6718E+006   3.6360E+006   3.0003E+006   1.8851E+006   8.0106E+005   1.9055E+005   1.9975E+004   5.8878E+002   2.9380E+000   1.0356E-003   3.9285E-009
 1621070654.10528060    0.3322   6.1345E+007    7.1400   3.3084E+005   4.7893E+005   6.9381E+005   9.8618E+005   1.3854E+006   1.9154E+006   2.5810E+006   3.3379E+006   4.0866E+006   4.6287E+006   4.7091E+006   4.1560E+006   3.0421E+006   1.7765E+006   7.9357E+005   2.6789E+005   6.6051E+004   1.2371E+004   1.7851E+003   1.8596E+002
 1621070656.95294380    0.3300   6.1308E+007  999.0000   2.0441E+005   2.9730E+005   4.3372E+005   6.2265E+005   8.8741E+005   1.2528E+006   1.7397E+006   2.3470E+006   3.0472E+006   3.7359E+006   4.2070E+006   4.1889E+006   3.4755E+006   2.2136E+006   9.5372E+005   2.3601E+005   2.4805E+004   7.8106E+002   4.0516E+000   9.5309E-004
 1621070659.82130430    0.3115   6.5715E+007    6.8600   4.7232E+005   6.8227E+005   9.8519E+005   1.3939E+006   1.9453E+006   2.6635E+006   3.5392E+006   4.4876E+006   5.3438E+006   5.8260E+006   5.6341E+006   4.6593E+006   3.1480E+006   1.6784E+006   6.8111E+005   2.1003E+005   4.7958E+004   8.5192E+003   1.1985E+003   1.2532E+002
 1621070662.68380360    0.3122   6.5725E+007    6.2800   4.9963E+005   7.2118E+005   1.0402E+006   1.4695E+006   2.0461E+006   2.7926E+006   3.6939E+006   4.6546E+006   5.4965E+006   5.9287E+006   5.6610E+006   4.6191E+006   3.0853E+006   1.6376E+006   6.7052E+005   2.1285E+005   5.1385E+004   9.9331E+003   1.5662E+003   1.8989E+002
 1621070665.54278040    0.3130   6.5738E+007    5.8200   5.2717E+005   7.6037E+005   1.0955E+006   1.5453E+006   2.1469E+006   2.9208E+006   3.8462E+006   4.8171E+006   5.6423E+006   6.0234E+006   5.6823E+006   4.5785E+006   3.0264E+006   1.6003E+006   6.6077E+005   2.1526E+005   5.4543E+004   1.1329E+004   1.9645E+003   2.6904E+002
 1621070668.39044050    0.4443   8.3058E+007    6.3400   4.9618E+005   7.1753E+005   1.0378E+006   1.4719E+006   2.0612E+006   2.8367E+006   3.7974E+006   4.8665E+006   5.8841E+006   6.5557E+006   6.5338E+006   5.6307E+006   4.0220E+006   2.3041E+006   1.0235E+006   3.5174E+005   9.1327E+004   1.8741E+004   3.0913E+003   3.8677E+002
 1621070671.25878910    0.4434   8.3044E+007    6.8000   4.7485E+005   6.8704E+005   9.9451E+005   1.4120E+006   1.9804E+006   2.7317E+006   3.6686E+006   4.7223E+006   5.7442E+006   6.4500E+006   6.4898E+006   5.6515E+006   4.0763E+006   2.3481E+006   1.0394E+006   3.5094E+005   8.7757E+004   1.6960E+004   2.5729E+003   2.8802E+002
 1621070674.12129210    0.4435   8.3046E+007    6.7200   4.7831E+005   6.9200E+005   1.0016E+006   1.4218E+006   1.9936E+006   2.7488E+006   3.6897E+006   4.7461E+006   5.7674E+006   6.4677E+006   6.4974E+006   5.6484E+006   4.0674E+006   2.3407E+006   1.0367E+006   3.5103E+005   8.8332E+004   1.7244E+004   2.6536E+003   3.0276E+002
 1621070676.98028040    0.5554   1.0155E+008    6.5000   5.7089E+005   8.2598E+005   1.1956E+006   1.6975E+006   2.3808E+006   3.2837E+006   4.4099E+006   5.6769E+006   6.9070E+006   7.7604E+006   7.8196E+006   6.8304E+006   4.9561E+006   2.8857E+006   1.3006E+006   4.5137E+005   1.1746E+005   2.3928E+004   3.8774E+003   4.7110E+002
 1621070679.82794430    0.5541   1.0153E+008    7.0200   5.4509E+005   7.8909E+005   1.1431E+006   1.6247E+006   2.2824E+006   3.1553E+006   4.2515E+006   5.4980E+006   6.7308E+006   7.6239E+006   7.7584E+006   6.8520E+006   5.0239E+006   2.9434E+006   1.3226E+006   4.5069E+005   1.1271E+005   2.1522E+004   3.1831E+003   3.4213E+002
 1621070682.69630050    0.5540   1.0153E+008    7.0600   5.4339E+005   7.8664E+005   1.1396E+006   1.6199E+006   2.2759E+006   3.1468E+006   4.2410E+006   5.4860E+006   6.7190E+006   7.6147E+006   7.7543E+006   6.8535E+006   5.0286E+006   2.9474E+006   1.3241E+006   4.5058E+005   1.1235E+005   2.1350E+004   3.1361E+003   3.3396E+002
 1621070685.55879210    1.0182   1.8352E+008    6.9800   9.5704E+005   1.3857E+006   2.0079E+006   2.8549E+006   4.0127E+006   5.5518E+006   7.4892E+006   9.7009E+006   1.1904E+007   1.3528E+007   1.3829E+007   1.2288E+007   9.0826E+006   5.3748E+006   2.4444E+006   8.4446E+005   2.1443E+005   4.1605E+004   6.2556E+003   6.8415E+002
 1621070688.41778040    1.0152   1.8347E+008    7.9000   8.9638E+005   1.2988E+006   1.8839E+006   2.6828E+006   3.7790E+006   5.2449E+006   7.1069E+006   9.2632E+006   1.1464E+007   1.3175E+007   1.3657E+007   1.2328E+007   9.2521E+006   5.5284E+006   2.5050E+006   8.4249E+005   2.0122E+005   3.5230E+004   4.5640E+003   4.0688E+002
 1621070691.26544380    1.0151   1.8347E+008    7.9200   8.9530E+005   1.2972E+006   1.8817E+006   2.6797E+006   3.7748E+006   5.2394E+006   7.1000E+006   9.2552E+006   1.1456E+007   1.3169E+007   1.3654E+007   1.2328E+007   9.2553E+006   5.5313E+006   2.5061E+006   8.4241E+005   2.0096E+005   3.5109E+004   4.5342E+003   4.0250E+002
 1621070694.13380050    1.0963   1.8424E+008    8.3200   7.5966E+005   1.1019E+006   1.6010E+006   2.2852E+006   3.2299E+006   4.5051E+006   6.1487E+006   8.0967E+006   1.0167E+007   1.1922E+007   1.2700E+007   1.1879E+007   9.3236E+006   5.8689E+006   2.8120E+006   9.9636E+005   2.4791E+005   4.4282E+004   5.6980E+003   4.8866E+002
 1621070696.99629210    1.0977   1.8426E+008    7.8600   7.8016E+005   1.1313E+006   1.6431E+006   2.3440E+006   3.3104E+006   4.6120E+006   6.2840E+006   8.2555E+006   1.0333E+007   1.2065E+007   1.2782E+007   1.1880E+007   9.2643E+006   5.8042E+006   2.7817E+006   9.9506E+005   2.5367E+005   4.7318E+004   6.5014E+003   6.1200E+002
 1621070699.85528060    1.0960   1.8424E+008    8.4600   7.5392E+005   1.0936E+006   1.5892E+006   2.2687E+006   3.2073E+006   4.4751E+006   6.1106E+006   8.0518E+006   1.0119E+007   1.1881E+007   1.2675E+007   1.1877E+007   9.3401E+006   5.8874E+006   2.8209E+006   9.9684E+005   2.4630E+005   4.3444E+004   5.4833E+003   4.5743E+002
 1621070702.70294380    1.4165   2.0988E+008   10.9800   6.0244E+005   8.7579E+005   1.2767E+006   1.8310E+006   2.6059E+006   3.6716E+006   5.0849E+006   6.8366E+006   8.8416E+006   1.0804E+007   1.2167E+007   1.2239E+007   1.0523E+007   7.3495E+006   3.9128E+006   1.5069E+006   3.8674E+005   6.5122E+004   6.9897E+003   4.2550E+002
 1621070705.57130050    1.4138   2.0984E+008   13.7200   5.6566E+005   8.2274E+005   1.2003E+006   1.7232E+006   2.4562E+006   3.4685E+006   4.8192E+006   6.5092E+006   8.4726E+006   1.0445E+007   1.1901E+007   1.2145E+007   1.0615E+007   7.5232E+006   4.0280E+006   1.5258E+006   3.6879E+005   5.4589E+004   4.6716E+003   1.9719E+002
 1621070708.43379210    1.4170   2.0989E+008   10.6600   6.0825E+005   8.8418E+005   1.2888E+006   1.8480E+006   2.6295E+006   3.7035E+006   5.1265E+006   6.8876E+006   8.8986E+006   1.0859E+007   1.2207E+007   1.2252E+007   1.0508E+007   7.3234E+006   3.8958E+006   1.5041E+006   3.8934E+005   6.6739E+004   7.3847E+003   4.7154E+002
 1621070711.29629520    1.5925   2.2883E+008    9.4000   6.5521E+005   9.5232E+005   1.3879E+006   1.9897E+006   2.8301E+006   3.9842E+006   5.5114E+006   7.3984E+006   9.5480E+006   1.1636E+007   1.3066E+007   1.3109E+007   1.1266E+007   7.9094E+006   4.2841E+006   1.7149E+006   4.7410E+005   9.0350E+004   1.1696E+004   9.3561E+002
 1621070714.15528350    1.5895   2.2878E+008   10.4200   6.3147E+005   9.1810E+005   1.3386E+006   1.9203E+006   2.7338E+006   3.8539E+006   5.3415E+006   7.1897E+006   9.3142E+006   1.1411E+007   1.2900E+007   1.3051E+007   1.1322E+007   8.0149E+006   4.3557E+006   1.7293E+006   4.6422E+005   8.3226E+004   9.7188E+003   6.6265E+002
 1621070717.00294690    1.5968   2.3836E+008   11.1800   6.9003E+005   1.0031E+006   1.4623E+006   2.0971E+006   2.9843E+006   4.2044E+006   5.8221E+006   7.8263E+006   1.0119E+007   1.2359E+007   1.3908E+007   1.3973E+007   1.1992E+007   8.3486E+006   4.4216E+006   1.6888E+006   4.2782E+005   7.0673E+004   7.3849E+003   4.3312E+002
 1621070719.87130360    1.6055   2.3850E+008    8.2400   7.7412E+005   1.1243E+006   1.6365E+006   2.3421E+006   3.3231E+006   4.6615E+006   6.4148E+006   8.5474E+006   1.0916E+007   1.3112E+007   1.4439E+007   1.4128E+007   1.1776E+007   7.9969E+006   4.2009E+006   1.6518E+006   4.6034E+005   9.2117E+004   1.3210E+004   1.2555E+003
 1621070722.73379520    1.6141   2.3863E+008    7.0600   8.3542E+005   1.2124E+006   1.7631E+006   2.5196E+006   3.5674E+006   4.9889E+006   6.8354E+006   9.0521E+006   1.1463E+007   1.3612E+007   1.4772E+007   1.4204E+007   1.1621E+007   7.7723E+006   4.0659E+006   1.6276E+006   4.7869E+005   1.0602E+005   1.7812E+004   2.1287E+003
 1621070725.59278350    1.5955   2.4858E+008    7.7000   9.1819E+005   1.3324E+006   1.9373E+006   2.7679E+006   3.9176E+006   5.4758E+006   7.4964E+006   9.9154E+006   1.2532E+007   1.4836E+007   1.6022E+007   1.5284E+007   1.2342E+007   8.0827E+006   4.0904E+006   1.5583E+006   4.2644E+005   8.5712E+004   1.2712E+004   1.2958E+003
 1621070728.44044350    1.5881   2.4846E+008    9.6000   8.3461E+005   1.2122E+006   1.7647E+006   2.5260E+006   3.5848E+006   5.0299E+006   6.9243E+006   9.2302E+006   1.1792E+007   1.4165E+007   1.5585E+007   1.5202E+007   1.2571E+007   8.3914E+006   4.2624E+006   1.5796E+006   3.9901E+005   6.8920E+004   8.0472E+003   5.7739E+002
 1621070731.30879210    1.5926   2.4853E+008    8.2800   8.8713E+005   1.2878E+006   1.8732E+006   2.6781E+006   3.7943E+006   5.3110E+006   7.2856E+006   9.6639E+006   1.2262E+007   1.4594E+007   1.5867E+007   1.5258E+007   1.2426E+007   8.1923E+006   4.1511E+006   1.5664E+006   4.1718E+005   7.9730E+004   1.0936E+004   9.9576E+002
 1621070734.17129520    1.4954   2.5359E+008    9.5800   9.9998E+005   1.4512E+006   2.1101E+006   3.0149E+006   4.2677E+006   5.9657E+006   8.1675E+006   1.0802E+007   1.3645E+007   1.6128E+007   1.7351E+007   1.6414E+007   1.3025E+007   8.2500E+006   3.9295E+006   1.3532E+006   3.1547E+005   5.0315E+004   5.4546E+003   3.6611E+002
 1621070737.03379820    1.5010   2.5368E+008    7.6400   1.1052E+006   1.6024E+006   2.3265E+006   3.3173E+006   4.6816E+006   6.5159E+006   8.8652E+006   1.1623E+007   1.4506E+007   1.6872E+007   1.7784E+007   1.6426E+007   1.2717E+007   7.9110E+006   3.7711E+006   1.3476E+006   3.4565E+005   6.5507E+004   9.2499E+003   9.0740E+002
 1621070739.89278270    1.4958   2.5360E+008    9.2800   1.0127E+006   1.4694E+006   2.1362E+006   3.0515E+006   4.3179E+006   6.0326E+006   8.2529E+006   1.0903E+007   1.3752E+007   1.6223E+007   1.7408E+007   1.6418E+007   1.2987E+007   8.2063E+006   3.9087E+006   1.3525E+006   3.1939E+005   5.2172E+004   5.8724E+003   4.1648E+002
 1621070742.74043510    1.2730   2.5076E+008    8.8600   1.3740E+006   1.9899E+006   2.8844E+006   4.1032E+006   5.7712E+006   7.9922E+006   1.0794E+007   1.4002E+007   1.7205E+007   1.9564E+007   1.9963E+007   1.7606E+007   1.2764E+007   7.2521E+006   3.0569E+006   9.3074E+005   1.9425E+005   2.8645E+004   3.0060E+003   2.0667E+002
 1621070745.60879520    1.2721   2.5075E+008    9.6200   1.3287E+006   1.9249E+006   2.7918E+006   3.9747E+006   5.5967E+006   7.7633E+006   1.0510E+007   1.3677E+007   1.6881E+007   1.9310E+007   1.9850E+007   1.7654E+007   1.2901E+007   7.3635E+006   3.0913E+006   9.2301E+005   1.8436E+005   2.5226E+004   2.3687E+003   1.3931E+002
 1621070748.47129820    1.2732   2.5077E+008    8.7000   1.3850E+006   2.0056E+006   2.9068E+006   4.1344E+006   5.8134E+006   8.0476E+006   1.0863E+007   1.4080E+007   1.7282E+007   1.9624E+007   1.9990E+007   1.7595E+007   1.2731E+007   7.2260E+006   3.0486E+006   9.3233E+005   1.9650E+005   2.9461E+004   3.1678E+003   2.2530E+002
 1621070751.33028650    1.0500   2.4583E+008  999.0000   1.2956E+006   1.8804E+006   2.7343E+006   3.9070E+006   5.5305E+006   7.7293E+006   1.0575E+007   1.3959E+007   1.7553E+007   2.0531E+007   2.1585E+007   1.9438E+007   1.3900E+007   7.1300E+006   2.2357E+006   3.4938E+005   1.8591E+004   2.1817E+002   2.6756E-001   6.8555E-006
 1621070754.17794610    1.0518   2.4586E+008    7.9200   1.9914E+006   2.8751E+006   4.1485E+006   5.8633E+006   8.1692E+006   1.1159E+007   1.4774E+007   1.8633E+007   2.2008E+007   2.3698E+007   2.2486E+007   1.8066E+007   1.1677E+007   5.8304E+006   2.1517E+006   5.8268E+005   1.1187E+005   1.6017E+004   1.7405E+003   1.3338E+002
 1621070757.04629520    1.0532   2.4588E+008    7.0400   2.1227E+006   3.0620E+006   4.4124E+006   6.2246E+006   8.6495E+006   1.1769E+007   1.5498E+007   1.9401E+007   2.2687E+007   2.4120E+007   2.2546E+007   1.7834E+007   1.1384E+007   5.6695E+006   2.1267E+006   6.0231E+005   1.2570E+005   2.0411E+004   2.6287E+003   2.5136E+002
 1621070759.90879820    0.8900   2.3538E+008    4.8900   3.4919E+006   5.0005E+006   7.1280E+006   9.9035E+006   1.3464E+007   1.7757E+007   2.2376E+007   2.6386E+007   2.8498E+007   2.7388E+007   2.2717E+007   1.5796E+007   8.9337E+006   4.0930E+006   1.5136E+006   4.6593E+005   1.1906E+005   2.6720E+004   5.3434E+003   9.0214E+002
 1621070762.76778290    0.8974   2.3548E+008    4.3800   3.9261E+006   5.6090E+006   7.9678E+006   1.1017E+007   1.4876E+007   1.9431E+007   2.4167E+007   2.8011E+007   2.9606E+007   2.7744E+007   2.2416E+007   1.5240E+007   8.5136E+006   3.9229E+006   1.4951E+006   4.8745E+005   1.3584E+005   3.4097E+004   7.7988E+003   1.5448E+003
 1621070765.61543510    0.8887   2.3536E+008    5.0200   3.4051E+006   4.8784E+006   6.9590E+006   9.6783E+006   1.3176E+007   1.7412E+007   2.2002E+007   2.6039E+007   2.8253E+007   2.7301E+007   2.2775E+007   1.5917E+007   9.0278E+006   4.1312E+006   1.5172E+006   4.6071E+005   1.1529E+005   2.5173E+004   4.8691E+003   7.8988E+002
 1621070768.48379520    0.7262   2.2567E+008    4.7600   4.7183E+006   6.7243E+006   9.5174E+006   1.3092E+007   1.7547E+007   2.2676E+007   2.7774E+007   3.1512E+007   3.2341E+007   2.9127E+007   2.2350E+007   1.4237E+007   7.3428E+006   3.0827E+006   1.0570E+006   3.0720E+005   7.5559E+004   1.6647E+004   3.3245E+003   5.6895E+002
 1621070771.34629820    0.7200   2.2557E+008  999.0000   2.1127E+006   3.0553E+006   4.4190E+006   6.2664E+006   8.7714E+006   1.2058E+007   1.6099E+007   2.0508E+007   2.4472E+007   2.6503E+007   2.4898E+007   1.9023E+007   1.0666E+007   3.8405E+006   7.1650E+005   5.2876E+004   9.2777E+002   2.1868E+000   2.5883E-004   1.8539E-010
 1621070774.20528290    0.5600   2.1018E+008  999.0000   2.8082E+006   4.0497E+006   5.8328E+006   8.2219E+006   1.1408E+007   1.5481E+007   2.0277E+007   2.5120E+007   2.8771E+007   2.9337E+007   2.5237E+007   1.6953E+007   7.8587E+006   2.1454E+006   2.6677E+005   1.0961E+004   8.1013E+001   5.4826E-002   1.0607E-006   4.8247E-014
 1621070777.05293510    0.5600   2.1018E+008  999.0000   2.8082E+006   4.0497E+006   5.8328E+006   8.2219E+006   1.1408E+007   1.5481E+007   2.0277E+007   2.5120E+007   2.8771E+007   2.9337E+007   2.5237E+007   1.6953E+007   7.8587E+006   2.1454E+006   2.6677E+005   1.0961E+004   8.1013E+001   5.4826E-002   1.0607E-006   4.8247E-014
 1621070779.92129520    0.5600   2.1018E+008  999.0000   2.8082E+006   4.0497E+006   5.8328E+006   8.2219E+006   1.1408E+007   1.5481E+007   2.0277E+007   2.5120E+007   2.8771E+007   2.9337E+007   2.5237E+007   1.6953E+007   7.8587E+006   2.1454E+006   2.6677E+005   1.0961E+004   8.1013E+001   5.4826E-002   1.0607E-006   4.8247E-014
 1621070782.78379820    0.4500   2.0741E+008  999.0000   4.1450E+006   5.9545E+006   8.5270E+006   1.1921E+007   1.6342E+007   2.1782E+007   2.7788E+007   3.3126E+007   3.5853E+007   3.3640E+007   2.5628E+007   1.4417E+007   5.1410E+006   9.5852E+005   6.8180E+004   1.2521E+003   2.8248E+000   3.4626E-004   5.6612E-010   6.1135E-019
 1621070785.64278270    0.4508   2.0742E+008    5.2000   8.4339E+006   1.1893E+007   1.6570E+007   2.2297E+007   2.8956E+007   3.5778E+007   4.1151E+007   4.2883E+007   3.9314E+007   3.0651E+007   1.9736E+007   1.0263E+007   4.2238E+006   1.4022E+006   3.7956E+005   8.7801E+004   1.7302E+004   3.0912E+003   5.0505E+002   7.0616E+001
 1621070788.49043510    0.4514   2.0743E+008    4.7700   9.1868E+006   1.2918E+007   1.7926E+007   2.3986E+007   3.0908E+007   3.7786E+007   4.2858E+007   4.3902E+007   3.9464E+007   3.0164E+007   1.9119E+007   9.8814E+006   4.1072E+006   1.4060E+006   4.0177E+005   1.0035E+005   2.1827E+004   4.3780E+003   8.1466E+002   1.3207E+002
 1621070791.35879520    0.3575   1.9503E+008    3.4600   1.9412E+007   2.6505E+007   3.5242E+007   4.4502E+007   5.2986E+007   5.8301E+007   5.7814E+007   5.0480E+007   3.8006E+007   2.4345E+007   1.3281E+007   6.2312E+006   2.5354E+006   9.2818E+005   3.1025E+005   9.8083E+004   2.9026E+004   8.3483E+003   2.3260E+003   5.9553E+002
 1621070794.22129820    0.3564   1.9502E+008    3.5500   1.8538E+007   2.5371E+007   3.3852E+007   4.2942E+007   5.1439E+007   5.7039E+007   5.7090E+007   5.0353E+007   3.8285E+007   2.4717E+007   1.3540E+007   6.3462E+006   2.5643E+006   9.2687E+005   3.0428E+005   9.4089E+004   2.7132E+004   7.5858E+003   2.0504E+003   5.0777E+002
 1621070797.08028290    0.3537   1.9499E+008    3.8200   1.6452E+007   2.2652E+007   3.0482E+007   3.9111E+007   4.7566E+007   5.3787E+007   5.5130E+007   4.9919E+007   3.8956E+007   2.5693E+007   1.4236E+007   6.6553E+006   2.6373E+006   9.1911E+005   2.8637E+005   8.2987E+004   2.2171E+004   5.6998E+003   1.4077E+003   3.1559E+002
 1621070799.92793510    0.3220   1.9011E+008    4.0500   1.6640E+007   2.2913E+007   3.0838E+007   3.9567E+007   4.8110E+007   5.4355E+007   5.5592E+007   5.0111E+007   3.8777E+007   2.5209E+007   1.3661E+007   6.1879E+006   2.3511E+006   7.7816E+005   2.2822E+005   6.1845E+004   1.5347E+004   3.6506E+003   8.3121E+002   1.7068E+002
 1621070802.79629520    0.3251   1.9015E+008    3.5500   2.0433E+007   2.7838E+007   3.6900E+007   4.6396E+007   5.4911E+007   5.9924E+007   5.8773E+007   5.0600E+007   3.7433E+007   2.3478E+007   1.2503E+007   5.7113E+006   2.2570E+006   8.0137E+005   2.5946E+005   7.9412E+004   2.2727E+004   6.3203E+003   1.7019E+003   4.2031E+002
 1621070805.65879820    0.3245   1.9014E+008    3.6300   1.9658E+007   2.6838E+007   3.5681E+007   4.5042E+007   5.3588E+007   5.8873E+007   5.8203E+007   5.0542E+007   3.7700E+007   2.3799E+007   1.2712E+007   5.7982E+006   2.2760E+006   7.9863E+005   2.5437E+005   7.6313E+004   2.1339E+004   5.7859E+003   1.5164E+003   3.6353E+002
 1621070808.52130130    0.2700   1.8109E+008  999.0000   7.5099E+006   1.0687E+007   1.5089E+007   2.0672E+007   2.7511E+007   3.5098E+007   4.1971E+007   4.5533E+007   4.2902E+007   3.2835E+007   1.8579E+007   6.7701E+006   1.2712E+006   9.3378E+004   1.7013E+003   4.4053E+000   5.5947E-004   1.1118E-009   4.8857E-018   7.4393E-031
 1621070811.38028600    0.2700   1.8109E+008  999.0000   7.5099E+006   1.0687E+007   1.5089E+007   2.0672E+007   2.7511E+007   3.5098E+007   4.1971E+007   4.5533E+007   4.2902E+007   3.2835E+007   1.8579E+007   6.7701E+006   1.2712E+006   9.3378E+004   1.7013E+003   4.4053E+000   5.5947E-004   1.1118E-009   4.8857E-018   7.4393E-031
 1621070814.22793820    0.2700   1.8109E+008  999.0000   7.5099E+006   1.0687E+007   1.5089E+007   2.0672E+007   2.7511E+007   3.5098E+007   4.1971E+007   4.5533E+007   4.2902E+007   3.2835E+007   1.8579E+007   6.7701E+006   1.2712E+006   9.3378E+004   1.7013E+003   4.4053E+000   5.5947E-004   1.1118E-009   4.8857E-018   7.4393E-031
 1621070817.09629820    0.2400   1.7660E+008  999.0000   8.7594E+006   1.2429E+007   1.7471E+007   2.3786E+007   3.1364E+007   3.9475E+007   4.6267E+007   4.8746E+007   4.3996E+007   3.1610E+007   1.6310E+007   5.1952E+006   7.9973E+005   4.4040E+004   5.2683E+002   7.4579E-001   3.9128E-005   2.2041E-011   1.6033E-020   1.6933E-034
 1621070819.95880130    0.2400   1.7660E+008  999.0000   8.7594E+006   1.2429E+007   1.7471E+007   2.3786E+007   3.1364E+007   3.9475E+007   4.6267E+007   4.8746E+007   4.3996E+007   3.1610E+007   1.6310E+007   5.1952E+006   7.9973E+005   4.4040E+004   5.2683E+002   7.4579E-001   3.9128E-005   2.2041E-011   1.6033E-020   1.6933E-034
 1621070822.81778570    0.2400   1.7660E+008  999.0000   8.7594E+006   1.2429E+007   1.7471E+007   2.3786E+007   3.1364E+007   3.9475E+007   4.6267E+007   4.8746E+007   4.3996E+007   3.1610E+007   1.6310E+007   5.1952E+006   7.9973E+005   4.4040E+004   5.2683E+002   7.4579E-001   3.9128E-005   2.2041E-011   1.6033E-020   1.6933E-034
 1621070825.66543820    0.1900   1.6217E+008  999.0000   1.0700E+007   1.5103E+007   2.1062E+007   2.8352E+007   3.6768E+007   4.5153E+007   5.1037E+007   5.1003E+007   4.2591E+007   2.7300E+007   1.1925E+007   2.9790E+006   3.2042E+005   1.0493E+004   5.8820E+001   2.8096E-002   3.0142E-007   1.7773E-014   5.2390E-025   4.8982E-041
 1621070828.53379820    0.1900   1.6217E+008  999.0000   1.0700E+007   1.5103E+007   2.1062E+007   2.8352E+007   3.6768E+007   4.5153E+007   5.1037E+007   5.1003E+007   4.2591E+007   2.7300E+007   1.1925E+007   2.9790E+006   3.2042E+005   1.0493E+004   5.8820E+001   2.8096E-002   3.0142E-007   1.7773E-014   5.2390E-025   4.8982E-041
 1621070831.39278270    0.1900   1.6217E+008  999.0000   1.0700E+007   1.5103E+007   2.1062E+007   2.8352E+007   3.6768E+007   4.5153E+007   5.1037E+007   5.1003E+007   4.2591E+007   2.7300E+007   1.1925E+007   2.9790E+006   3.2042E+005   1.0493E+004   5.8820E+001   2.8096E-002   3.0142E-007   1.7773E-014   5.2390E-025   4.8982E-041
 1621070834.24043510    0.1500   1.4080E+008  999.0000   1.1144E+007   1.5669E+007   2.1727E+007   2.9007E+007   3.7168E+007   4.4840E+007   4.9372E+007   4.7488E+007   3.7490E+007   2.2127E+007   8.5688E+006   1.7959E+006   1.4910E+005   3.3559E+003   1.0892E+001   2.3804E-003   8.1697E-009   9.5795E-017   2.8776E-028   9.4911E-046
 1621070837.10879520    0.1517   1.4082E+008    3.4200   3.7305E+007   4.8512E+007   6.0188E+007   6.9339E+007   7.3130E+007   6.8906E+007   5.6588E+007   3.9919E+007   2.3939E+007   1.2239E+007   5.4315E+006   2.1361E+006   7.5329E+005   2.4765E+005   7.6616E+004   2.2993E+004   6.5802E+003   1.8571E+003   5.1299E+002   1.3120E+002
 1621070839.97129820    0.1317   1.3784E+008    3.3000   4.8228E+007   6.1387E+007   7.3934E+007   8.2006E+007   8.2460E+007   7.3378E+007   5.6533E+007   3.7379E+007   2.1105E+007   1.0266E+007   4.3979E+006   1.6959E+006   5.9519E+005   1.9726E+005   6.2163E+004   1.9149E+004   5.6602E+003   1.6566E+003   4.7608E+002   1.2721E+002
 1621070842.83028650    0.1311   1.3783E+008    3.4900   4.3572E+007   5.6047E+007   6.8478E+007   7.7321E+007   7.9444E+007   7.2432E+007   5.7189E+007   3.8607E+007   2.2090E+007   1.0770E+007   4.5657E+006   1.7201E+006   5.8270E+005   1.8464E+005   5.5192E+004   1.6042E+004   4.4515E+003   1.2197E+003   3.2734E+002   8.1266E+001
 1621070845.67794610    0.1320   1.3784E+008    3.2600   4.9349E+007   6.2657E+007   7.5210E+007   8.3073E+007   8.3118E+007   7.3555E+007   5.6360E+007   3.7095E+007   2.0887E+007   1.0156E+007   4.3617E+006   1.6907E+006   5.9797E+005   2.0011E+005   6.3778E+004   1.9890E+004   5.9588E+003   1.7685E+003   5.1563E+002   1.3994E+002
 1621070848.54629520    0.1314   1.3419E+008    3.3700   4.3161E+007   5.5348E+007   6.7346E+007   7.5666E+007   7.7303E+007   7.0073E+007   5.5067E+007   3.7103E+007   2.1284E+007   1.0465E+007   4.5040E+006   1.7337E+006   6.0374E+005   1.9758E+005   6.1236E+004   1.8501E+004   5.3503E+003   1.5298E+003   4.2900E+002   1.1162E+002
 1621070851.40879820    0.1107   1.2127E+008    3.5600   3.9660E+007   5.0944E+007   6.2115E+007   6.9936E+007   7.1569E+007   6.4889E+007   5.0847E+007   3.3990E+007   1.9209E+007   9.2251E+006   3.8430E+006   1.4196E+006   4.7060E+005   1.4573E+005   4.2522E+004   1.2057E+004   3.2610E+003   8.7066E+002   2.2758E+002   5.4943E+001
 1621070854.27130130    0.1111   1.2127E+008    3.3900   4.3165E+007   5.4956E+007   6.6200E+007   7.3421E+007   7.3779E+007   6.5535E+007   5.0305E+007   3.3048E+007   1.8476E+007   8.8626E+006   3.7293E+006   1.4073E+006   4.8168E+005   1.5531E+005   4.7518E+004   1.4194E+004   4.0626E+003   1.1506E+003   3.1977E+002   8.2455E+001
 1621070857.13028600    0.1209   1.2241E+008    3.5200   3.5686E+007   4.6181E+007   5.6897E+007   6.4938E+007   6.7639E+007   6.2700E+007   5.0444E+007   3.4723E+007   2.0240E+007   1.0027E+007   4.3020E+006   1.6332E+006   5.5518E+005   1.7586E+005   5.2395E+004   1.5144E+004   4.1712E+003   1.1331E+003   3.0120E+002   7.3977E+001
 1621070859.97793820    0.1205   1.2240E+008    3.7200   3.2618E+007   4.2565E+007   5.3049E+007   6.1436E+007   6.5156E+007   6.1676E+007   5.0722E+007   3.5605E+007   2.1039E+007   1.0462E+007   4.4513E+006   1.6540E+006   5.4339E+005   1.6462E+005   4.6493E+004   1.2662E+004   3.2671E+003   8.2874E+002   2.0511E+002   4.6644E+001
 1621070862.84629820    0.1209   1.2241E+008    3.5100   3.5858E+007   4.6382E+007   5.7108E+007   6.5128E+007   6.7770E+007   6.2750E+007   5.0425E+007   3.4674E+007   2.0198E+007   1.0004E+007   4.2943E+006   1.6321E+006   5.5578E+005   1.7645E+005   5.2714E+004   1.5282E+004   4.2230E+003   1.1512E+003   3.0709E+002   7.5717E+001
 1621070865.70880130    0.1011   1.1471E+008    3.3300   4.5153E+007   5.6970E+007   6.7784E+007   7.4018E+007   7.2966E+007   6.3380E+007   4.7494E+007   3.0484E+007   1.6701E+007   7.8916E+006   3.2921E+006   1.2397E+006   4.2596E+005   1.3857E+005   4.2942E+004   1.3030E+004   3.7970E+003   1.0966E+003   3.1112E+002   8.2056E+001
 1621070868.56778570    0.1018   1.1471E+008    3.1500   5.0350E+007   6.2709E+007   7.3330E+007   7.8401E+007   7.5395E+007   6.3752E+007   4.6554E+007   2.9275E+007   1.5857E+007   7.4962E+006   3.1693E+006   1.2245E+006   4.3649E+005   1.4856E+005   4.8503E+004   1.5573E+004   4.8240E+003   1.4841E+003   4.4954E+002   1.2717E+002
 1621070871.41543820    0.1006   1.1470E+008    3.5300   4.0744E+007   5.1998E+007   6.2830E+007   6.9927E+007   7.0523E+007   6.2827E+007   4.8268E+007   3.1619E+007   1.7531E+007   8.2839E+006   3.4095E+006   1.2500E+006   4.1299E+005   1.2795E+005   3.7464E+004   1.0684E+004   2.9113E+003   7.8408E+002   2.0693E+002   5.0498E+001
 1621070874.28379820    0.0813   1.0383E+008    3.1500   5.5859E+007   6.8239E+007   7.7733E+007   8.0446E+007   7.4351E+007   6.0047E+007   4.1727E+007   2.4979E+007   1.2922E+007   5.8695E+006   2.4018E+006   9.0457E+005   3.1625E+005   1.0614E+005   3.4303E+004   1.0936E+004   3.3707E+003   1.0335E+003   3.1228E+002   8.8195E+001
 1621070877.14630130    0.0806   1.0382E+008    3.4000   4.8432E+007   6.0303E+007   7.0445E+007   7.5135E+007   7.1892E+007   6.0221E+007   4.3277E+007   2.6554E+007   1.3888E+007   6.2698E+006   2.5051E+006   9.0623E+005   2.9991E+005   9.4243E+004   2.8269E+004   8.3184E+003   2.3527E+003   6.6015E+002   1.8205E+002   4.6625E+001
 1621070880.00528570    0.0807   1.0383E+008    3.3500   4.9698E+007   6.1674E+007   7.1728E+007   7.6096E+007   7.2361E+007   6.0214E+007   4.3005E+007   2.6266E+007   1.3709E+007   6.1963E+006   2.4872E+006   9.0686E+005   3.0338E+005   9.6580E+004   2.9402E+004   8.7908E+003   2.5293E+003   7.2234E+002   2.0287E+002   5.2982E+001
 1621070882.85293820    0.0703   9.1989E+007    3.5800   4.0201E+007   5.0500E+007   5.9694E+007   6.4584E+007   6.2825E+007   5.3549E+007   3.9091E+007   2.4240E+007   1.2707E+007   5.6894E+006   2.2289E+006   7.8211E+005   2.4860E+005   7.4467E+004   2.1164E+004   5.8774E+003   1.5625E+003   4.1129E+002   1.0620E+002   2.5348E+001
 1621070885.72129820    0.0706   9.1992E+007    3.3800   4.4250E+007   5.4921E+007   6.3882E+007   6.7774E+007   6.4433E+007   5.3580E+007   3.8212E+007   2.3282E+007   1.2106E+007   5.4439E+006   2.1711E+006   7.8562E+005   2.6054E+005   8.2164E+004   2.4763E+004   7.3273E+003   2.0854E+003   5.8906E+002   1.6359E+002   4.2217E+001
 1621070888.58380130    0.0700   9.1984E+007  999.0000   1.3762E+007   1.9026E+007   2.5721E+007   3.3120E+007   4.0246E+007   4.4895E+007   4.4035E+007   3.5788E+007   2.2057E+007   9.0506E+006   2.0630E+006   1.9975E+005   5.3172E+003   2.3101E+001   6.8653E-003   4.9638E-008   1.2150E-015   1.3599E-026   2.4249E-042   6.3618E-066
 1621070891.44278600    0.0700   8.5746E+007  999.0000   1.1244E+007   1.5606E+007   2.1226E+007   2.7568E+007   3.3923E+007   3.8552E+007   3.8865E+007   3.2875E+007   2.1487E+007   9.6111E+006   2.4842E+006   2.8884E+005   1.0066E+004   6.4544E+001   3.3742E-002   5.4485E-007   4.2605E-014   2.4257E-024   4.1526E-039   2.7662E-061
 1621070894.29043820    0.0700   8.5746E+007  999.0000   1.1244E+007   1.5606E+007   2.1226E+007   2.7568E+007   3.3923E+007   3.8552E+007   3.8865E+007   3.2875E+007   2.1487E+007   9.6111E+006   2.4842E+006   2.8884E+005   1.0066E+004   6.4544E+001   3.3742E-002   5.4485E-007   4.2605E-014   2.4257E-024   4.1526E-039   2.7662E-061
 1621070897.15879820    0.0700   8.5746E+007  999.0000   1.1244E+007   1.5606E+007   2.1226E+007   2.7568E+007   3.3923E+007   3.8552E+007   3.8865E+007   3.2875E+007   2.1487E+007   9.6111E+006   2.4842E+006   2.8884E+005   1.0066E+004   6.4544E+001   3.3742E-002   5.4485E-007   4.2605E-014   2.4257E-024   4.1526E-039   2.7662E-061
 1621070900.02130130    0.0600   7.4273E+007  999.0000   9.9339E+006   1.3780E+007   1.8726E+007   2.4291E+007   2.9836E+007   3.3816E+007   3.3955E+007   2.8555E+007   1.8505E+007   8.1740E+006   2.0745E+006   2.3487E+005   7.8711E+003   4.7691E+001   2.2964E-002   3.2989E-007   2.1780E-014   9.7809E-025   1.2032E-039   4.9906E-062
