          0.00000000    0.0000   0.0000E+000    0.0000   3.0000E-002   4.4000E-002   6.5000E-002   9.5000E-002   1.3900E-001   2.0400E-001   3.0000E-001   4.4000E-001   6.4600E-001   9.4900E-001   1.3920E+000   2.0400E+000   3.0000E+000   4.4000E+000   6.4600E+000   9.4500E+000   1.3900E+001   2.0400E+001   3.0000E+001   4.5000E+001
 1620835674.79082420    0.0209   2.3894E+006    6.2000   5.4801E+003   7.9675E+003   1.1617E+004   1.6664E+004   2.3725E+004   3.3448E+004   4.6374E+004   6.2467E+004   8.1067E+004   9.9699E+004   1.1364E+005   1.1693E+005   1.0492E+005   7.9170E+004   4.8294E+004   2.3282E+004   8.5454E+003   2.4283E+003   5.3657E+002   8.7190E+001
 1620835677.62597990    0.0200   2.3752E+006  999.0000   3.2569E+003   4.7514E+003   6.9631E+003   1.0061E+004   1.4476E+004   2.0724E+004   2.9380E+004   4.0849E+004   5.5440E+004   7.2551E+004   8.9870E+004   1.0286E+005   1.0490E+005   9.0231E+004   6.0446E+004   2.8342E+004   7.6846E+003   9.5889E+002   3.7417E+001   1.9850E-001
 1620835680.48183940    0.0100   2.7219E+006  999.0000   1.9319E+004   2.7990E+004   4.0596E+004   5.7796E+004   8.1372E+004   1.1282E+005   1.5255E+005   1.9796E+005   2.4274E+005   2.7361E+005   2.7250E+005   2.2674E+005   1.4424E+005   6.2406E+004   1.5242E+004   1.6600E+003   5.1769E+001   2.8030E-001   1.1128E-004   5.0636E-010
 1620835683.32832650    0.0100   2.7219E+006  999.0000   1.9319E+004   2.7990E+004   4.0596E+004   5.7796E+004   8.1372E+004   1.1282E+005   1.5255E+005   1.9796E+005   2.4274E+005   2.7361E+005   2.7250E+005   2.2674E+005   1.4424E+005   6.2406E+004   1.5242E+004   1.6600E+003   5.1769E+001   2.8030E-001   1.1128E-004   5.0636E-010
 1620835686.16347460    0.0100   2.7219E+006  999.0000   1.9319E+004   2.7990E+004   4.0596E+004   5.7796E+004   8.1372E+004   1.1282E+005   1.5255E+005   1.9796E+005   2.4274E+005   2.7361E+005   2.7250E+005   2.2674E+005   1.4424E+005   6.2406E+004   1.5242E+004   1.6600E+003   5.1769E+001   2.8030E-001   1.1128E-004   5.0636E-010
 1620835689.01582650    0.0400   1.8195E+007  999.0000   3.5439E+005   5.0924E+005   7.2954E+005   1.0205E+006   1.4001E+006   1.8687E+006   2.3883E+006   2.8548E+006   3.1021E+006   2.9277E+006   2.2496E+006   1.2814E+006   4.6545E+005   8.9139E+004   6.5943E+003   1.2815E+002   3.1422E-001   4.3416E-005   8.4375E-011   1.1828E-019
 1620835691.85097460    0.0400   1.8195E+007  999.0000   3.5439E+005   5.0924E+005   7.2954E+005   1.0205E+006   1.4001E+006   1.8687E+006   2.3883E+006   2.8548E+006   3.1021E+006   2.9277E+006   2.2496E+006   1.2814E+006   4.6545E+005   8.9139E+004   6.5943E+003   1.2815E+002   3.1422E-001   4.3416E-005   8.4375E-011   1.1828E-019
 1620835694.70332650    0.0400   1.8195E+007  999.0000   3.5439E+005   5.0924E+005   7.2954E+005   1.0205E+006   1.4001E+006   1.8687E+006   2.3883E+006   2.8548E+006   3.1021E+006   2.9277E+006   2.2496E+006   1.2814E+006   4.6545E+005   8.9139E+004   6.5943E+003   1.2815E+002   3.1422E-001   4.3416E-005   8.4375E-011   1.1828E-019
 1620835697.53847460    0.0200   2.3150E+007  999.0000   2.7281E+006   3.7982E+006   5.1894E+006   6.7838E+006   8.4276E+006   9.7134E+006   9.9979E+006   8.7169E+006   5.9565E+006   2.8440E+006   8.0851E+005   1.0799E+005   4.6161E+003   3.9758E+001   3.1907E-002   9.4876E-007   1.7960E-013   3.5375E-023   3.4219E-037   2.7450E-058
 1620835700.39082650    0.0200   2.3150E+007  999.0000   2.7281E+006   3.7982E+006   5.1894E+006   6.7838E+006   8.4276E+006   9.7134E+006   9.9979E+006   8.7169E+006   5.9565E+006   2.8440E+006   8.0851E+005   1.0799E+005   4.6161E+003   3.9758E+001   3.1907E-002   9.4876E-007   1.7960E-013   3.5375E-023   3.4219E-037   2.7450E-058
 1620835703.22597460    0.0200   2.3128E+007  999.0000   2.7207E+006   3.7881E+006   5.1760E+006   6.7670E+006   8.4081E+006   9.6931E+006   9.9802E+006   8.7057E+006   5.9531E+006   2.8454E+006   8.1014E+005   1.0845E+005   4.6509E+003   4.0248E+001   3.2523E-002   9.7659E-007   1.8751E-013   3.7679E-023   3.7478E-037   3.1297E-058
 1620835706.07832650    0.0200   2.3128E+007  999.0000   2.7207E+006   3.7881E+006   5.1760E+006   6.7670E+006   8.4081E+006   9.6931E+006   9.9802E+006   8.7057E+006   5.9531E+006   2.8454E+006   8.1014E+005   1.0845E+005   4.6509E+003   4.0248E+001   3.2523E-002   9.7659E-007   1.8751E-013   3.7679E-023   3.7478E-037   3.1297E-058
 1620835708.91347460    0.0200   1.0234E+007  999.0000   2.5083E+005   3.5951E+005   5.1307E+005   7.1377E+005   9.7147E+005   1.2813E+006   1.6091E+006   1.8749E+006   1.9623E+006   1.7526E+006   1.2424E+006   6.2912E+005   1.9204E+005   2.8567E+004   1.4600E+003   1.6657E+001   1.8653E-002   8.3600E-007   3.2053E-013   3.8946E-023
 1620835711.76582650    0.0200   1.0234E+007  999.0000   2.5083E+005   3.5951E+005   5.1307E+005   7.1377E+005   9.7147E+005   1.2813E+006   1.6091E+006   1.8749E+006   1.9623E+006   1.7526E+006   1.2424E+006   6.2912E+005   1.9204E+005   2.8567E+004   1.4600E+003   1.6657E+001   1.8653E-002   8.3600E-007   3.2053E-013   3.8946E-023
 1620835714.60097460    0.0203   1.0238E+007    3.6700   7.8324E+005   1.0808E+006   1.4591E+006   1.8806E+006   2.3019E+006   2.6264E+006   2.7255E+006   2.5087E+006   1.9999E+006   1.3547E+006   7.7510E+005   3.7610E+005   1.5548E+005   5.6734E+004   1.8568E+004   5.6633E+003   1.5964E+003   4.3344E+002   1.1319E+002   2.6928E+001
 1620835717.45332650    0.1700   3.5490E+007  999.0000   1.4908E+005   2.1661E+005   3.1552E+005   4.5196E+005   6.4205E+005   9.0208E+005   1.2438E+006   1.6608E+006   2.1237E+006   2.5461E+006   2.7750E+006   2.6341E+006   2.0364E+006   1.1702E+006   4.3344E+005   8.6193E+004   6.5526E+003   1.2897E+002   3.3657E-001   2.7507E-005
 1620835720.28847460    0.1714   3.5512E+007    6.1200   2.6667E+005   3.8492E+005   5.5521E+005   7.8435E+005   1.0921E+006   1.4906E+006   1.9719E+006   2.4853E+006   2.9360E+006   3.1693E+006   3.0308E+006   2.4799E+006   1.6648E+006   8.9104E+005   3.6962E+005   1.1956E+005   2.9618E+004   5.9151E+003   9.6996E+002   1.2330E+002
 1620835723.14082650    0.1717   3.5516E+007    5.8400   2.7576E+005   3.9786E+005   5.7348E+005   8.0939E+005   1.1255E+006   1.5331E+006   2.0225E+006   2.5394E+006   2.9848E+006   3.2015E+006   3.0386E+006   2.4669E+006   1.6452E+006   8.7831E+005   3.6612E+005   1.2028E+005   3.0682E+004   6.4002E+003   1.1120E+003   1.5221E+002
 1620835725.97597460    0.4926   8.6836E+007    8.0200   4.0067E+005   5.8075E+005   8.4289E+005   1.2013E+006   1.6941E+006   2.3552E+006   3.1993E+006   4.1847E+006   5.2047E+006   6.0230E+006   6.3018E+006   5.7580E+006   4.3881E+006   2.6690E+006   1.2327E+006   4.2211E+005   1.0230E+005   1.8057E+004   2.3391E+003   2.0653E+002
 1620835728.82832650    0.4925   8.6833E+007    8.1200   3.9837E+005   5.7745E+005   8.3817E+005   1.1947E+006   1.6851E+006   2.3434E+006   3.1845E+006   4.1674E+006   5.1871E+006   6.0084E+006   6.2941E+006   5.7590E+006   4.3949E+006   2.6756E+006   1.2354E+006   4.2201E+005   1.0168E+005   1.7769E+004   2.2677E+003   1.9608E+002
 1620835731.66347460    0.4958   8.6884E+007    6.4200   4.5299E+005   6.5571E+005   9.4981E+005   1.3499E+006   1.8960E+006   2.6206E+006   3.5303E+006   4.5646E+006   5.5883E+006   6.3339E+006   6.4585E+006   5.7311E+006   4.2443E+006   2.5339E+006   1.1762E+006   4.2177E+005   1.1372E+005   2.4019E+004   4.0363E+003   5.0915E+002
 1620835734.51582650    0.4251   9.0461E+007    5.4600   7.8652E+005   1.1333E+006   1.6305E+006   2.2951E+006   3.1792E+006   4.3070E+006   5.6376E+006   7.0028E+006   8.1124E+006   8.5383E+006   7.9183E+006   6.2615E+006   4.0647E+006   2.1220E+006   8.7408E+005   2.8845E+005   7.5478E+004   1.6518E+004   3.0778E+003   4.6284E+002
 1620835737.35097460    0.4241   9.0447E+007    5.7200   7.5828E+005   1.0932E+006   1.5741E+006   2.2181E+006   3.0774E+006   4.1784E+006   5.4868E+006   6.8449E+006   7.9748E+006   8.4537E+006   7.9047E+006   6.3033E+006   4.1194E+006   2.1550E+006   8.8245E+005   2.8636E+005   7.2701E+004   1.5230E+004   2.6811E+003   3.7536E+002
 1620835740.20332650    0.4267   9.0483E+007    5.1000   8.3398E+005   1.2007E+006   1.7252E+006   2.4239E+006   3.3489E+006   4.5200E+006   5.8858E+006   7.2600E+006   8.3331E+006   8.6704E+006   7.9358E+006   6.1932E+006   3.9788E+006   2.0707E+006   8.6060E+005   2.9118E+005   7.9635E+004   1.8562E+004   3.7504E+003   6.2406E+002
 1620835743.03847460    0.3499   8.8039E+007    4.0900   1.4915E+006   2.1290E+006   3.0207E+006   4.1696E+006   5.6167E+006   7.3130E+006   9.0565E+006   1.0442E+007   1.0971E+007   1.0222E+007   8.2291E+006   5.6002E+006   3.1575E+006   1.4851E+006   5.8578E+005   2.0045E+005   5.9487E+004   1.6089E+004   4.0061E+003   8.7477E+002
 1620835745.89082650    0.3578   8.8127E+007    3.6400   1.7528E+006   2.4929E+006   3.5182E+006   4.8208E+006   6.4270E+006   8.2487E+006   1.0019E+007   1.1269E+007   1.1486E+007   1.0343E+007   8.0495E+006   5.3299E+006   2.9642E+006   1.4046E+006   5.7267E+005   2.0799E+005   6.7267E+004   2.0258E+004   5.7205E+003   1.4469E+003
 1620835748.72597460    0.3516   8.8061E+007    3.9700   1.5490E+006   2.2093E+006   3.1308E+006   4.3144E+006   5.7980E+006   7.5244E+006   9.2769E+006   1.0635E+007   1.1095E+007   1.0255E+007   8.1888E+006   5.5359E+006   3.1107E+006   1.4658E+006   5.8305E+005   2.0259E+005   6.1478E+004   1.7102E+004   4.4014E+003   9.9914E+002
 1620835751.57832650    0.0672   2.7373E+007    2.2400   1.3156E+007   1.5713E+007   1.7446E+007   1.7635E+007   1.6053E+007   1.3005E+007   9.3419E+006   6.0146E+006   3.5036E+006   1.8777E+006   9.4532E+005   4.5385E+005   2.0867E+005   9.3970E+004   4.1449E+004   1.8191E+004   7.8179E+003   3.3554E+003   1.4275E+003   5.7943E+002
 1620835754.41347460    0.3507   2.7458E+007    2.0300   1.9459E+007   2.1762E+007   2.2296E+007   2.0647E+007   1.7167E+007   1.2771E+007   8.5472E+006   5.2391E+006   2.9755E+006   1.5915E+006   8.1617E+005   4.0580E+005   1.9581E+005   9.3395E+004   4.3945E+004   2.0661E+004   9.5549E+003   4.4216E+003   2.0325E+003   8.9599E+002
 1620835757.26582650    1.0115   2.7476E+007    2.0100   2.0071E+007   2.2302E+007   2.2674E+007   2.0832E+007   1.7188E+007   1.2702E+007   8.4596E+006   5.1713E+006   2.9354E+006   1.5722E+006   8.0877E+005   4.0386E+005   1.9592E+005   9.4011E+004   4.4525E+004   2.1077E+004   9.8174E+003   4.5763E+003   2.1194E+003   9.4173E+002
 1620835760.10097460    0.2923   6.1960E+007    4.0100   7.7521E+005   1.1107E+006   1.5845E+006   2.2040E+006   3.0019E+006   3.9704E+006   5.0267E+006   5.9718E+006   6.5295E+006   6.4023E+006   5.4840E+006   4.0091E+006   2.4455E+006   1.2462E+006   5.3137E+005   1.9533E+005   6.1882E+004   1.7728E+004   4.6460E+003   1.0643E+003
 1620835762.95684170    0.2880   6.1907E+007    4.4100   6.9360E+005   9.9573E+005   1.4247E+006   1.9899E+006   2.7260E+006   3.6351E+006   4.6544E+006   5.6125E+006   6.2539E+006   6.2718E+006   5.5039E+006   4.1144E+006   2.5481E+006   1.3006E+006   5.4501E+005   1.9263E+005   5.7310E+004   1.5102E+004   3.5736E+003   7.2410E+002
 1620835765.80332140    0.2909   6.1944E+007    4.1300   7.4726E+005   1.0713E+006   1.5299E+006   2.1310E+006   2.9081E+006   3.8569E+006   4.9015E+006   5.8521E+006   6.4388E+006   6.3605E+006   5.4916E+006   4.0438E+006   2.4787E+006   1.2638E+006   5.3598E+005   1.9464E+005   6.0485E+004   1.6891E+004   4.2914E+003   9.4722E+002
 1620835768.63847680    0.4987   1.2515E+008    4.5600   1.8165E+006   2.6006E+006   3.7058E+006   5.1463E+006   6.9920E+006   9.2138E+006   1.1600E+007   1.3666E+007   1.4755E+007   1.4194E+007   1.1820E+007   8.2947E+006   4.7744E+006   2.2515E+006   8.6897E+005   2.8321E+005   7.7812E+004   1.9015E+004   4.1878E+003   7.8976E+002
 1620835771.49082140    0.5001   1.2516E+008    4.4400   1.8700E+006   2.6757E+006   3.8095E+006   5.2842E+006   7.1674E+006   9.4231E+006   1.1826E+007   1.3874E+007   1.4901E+007   1.4246E+007   1.1787E+007   8.2252E+006   4.7191E+006   2.2276E+006   8.6557E+005   2.8585E+005   8.0140E+004   2.0103E+004   4.5689E+003   8.9456E+002
 1620835774.32597680    0.4990   1.2515E+008    4.5200   1.8350E+006   2.6266E+006   3.7417E+006   5.1942E+006   7.0530E+006   9.2868E+006   1.1679E+007   1.3740E+007   1.4808E+007   1.4215E+007   1.1810E+007   8.2712E+006   4.7549E+006   2.2426E+006   8.6730E+005   2.8386E+005   7.8503E+004   1.9349E+004   4.3058E+003   8.2215E+002
 1620835777.17832140    0.8293   1.9314E+008    4.4200   2.5224E+006   3.6148E+006   5.1589E+006   7.1799E+006   9.7854E+006   1.2953E+007   1.6414E+007   1.9512E+007   2.1329E+007   2.0863E+007   1.7753E+007   1.2800E+007   7.6149E+006   3.7300E+006   1.5022E+006   5.1241E+005   1.4783E+005   3.7987E+004   8.8099E+003   1.7557E+003
 1620835780.01347680    0.8411   1.9328E+008    4.0000   2.8416E+006   4.0631E+006   5.7791E+006   8.0052E+006   1.0838E+007   1.4213E+007   1.7780E+007   2.0784E+007   2.2244E+007   2.1227E+007   1.7599E+007   1.2400E+007   7.2726E+006   3.5671E+006   1.4690E+006   5.2452E+005   1.6235E+005   4.5725E+004   1.1842E+004   2.6915E+003
 1620835782.86582110    0.8298   1.9314E+008    4.4000   2.5345E+006   3.6319E+006   5.1826E+006   7.2115E+006   9.8259E+006   1.3002E+007   1.6467E+007   1.9562E+007   2.1365E+007   2.0878E+007   1.7747E+007   1.2784E+007   7.6007E+006   3.7234E+006   1.5011E+006   5.1312E+005   1.4852E+005   3.8328E+004   8.9351E+003   1.7917E+003
 1620835785.70098020    0.3284   9.0868E+007    2.3300   1.4997E+007   1.9626E+007   2.4610E+007   2.8836E+007   3.1264E+007   3.0800E+007   2.7113E+007   2.1178E+007   1.4647E+007   9.0370E+006   5.0607E+006   2.6168E+006   1.2611E+006   5.8194E+005   2.5864E+005   1.1296E+005   4.7875E+004   2.0136E+004   8.3565E+003   3.2935E+003
 1620835788.55333260    0.9581   1.8295E+008    3.4100   2.5540E+006   3.6484E+006   5.1822E+006   7.1651E+006   9.6763E+006   1.2648E+007   1.5761E+007   1.8350E+007   1.9579E+007   1.8689E+007   1.5612E+007   1.1222E+007   6.8420E+006   3.5719E+006   1.6089E+006   6.4496E+005   2.3026E+005   7.6359E+004   2.3711E+004   6.6156E+003
 1620835791.38848020    0.9510   1.8288E+008    3.4700   2.4874E+006   3.5552E+006   5.0538E+006   6.9953E+006   9.4616E+006   1.2394E+007   1.5490E+007   1.8102E+007   1.9404E+007   1.8620E+007   1.5639E+007   1.1294E+007   6.9056E+006   3.6053E+006   1.6182E+006   6.4408E+005   2.2747E+005   7.4395E+004   2.2725E+004   6.2191E+003
 1620835794.24083260    0.8913   1.8222E+008    4.7100   1.7050E+006   2.4532E+006   3.5219E+006   4.9424E+006   6.8168E+006   9.1787E+006   1.1913E+007   1.4633E+007   1.6708E+007   1.7283E+007   1.5736E+007   1.2247E+007   7.8939E+006   4.1633E+006   1.7789E+006   6.2952E+005   1.8366E+005   4.6500E+004   1.0378E+004   1.9452E+003
 1620835797.07597680    1.2750   2.5806E+008    5.6800   1.9641E+006   2.8340E+006   4.0852E+006   5.7664E+006   8.0196E+006   1.0927E+007   1.4421E+007   1.8119E+007   2.1320E+007   2.2907E+007   2.1803E+007   1.7781E+007   1.1945E+007   6.4482E+006   2.7319E+006   9.1760E+005   2.4099E+005   5.2093E+004   9.4369E+003   1.3573E+003
 1620835799.93183660    1.2877   2.5823E+008    4.8900   2.2299E+006   3.2116E+006   4.6172E+006   6.4927E+006   8.9810E+006   1.2143E+007   1.5853E+007   1.9628E+007   2.2651E+007   2.3752E+007   2.1981E+007   1.7419E+007   1.1430E+007   6.1157E+006   2.6334E+006   9.3010E+005   2.6778E+005   6.6139E+004   1.4248E+004   2.5486E+003
 1620835802.77832370    1.2620   2.5786E+008    9.3400   1.4845E+006   2.1494E+006   3.1147E+006   4.4289E+006   6.2251E+006   8.6122E+006   1.1614E+007   1.5033E+007   1.8413E+007   2.0837E+007   2.1112E+007   1.8423E+007   1.3145E+007   7.2971E+006   2.9739E+006   8.6403E+005   1.6911E+005   2.2964E+004   2.1759E+003   1.3177E+002
 1620835805.61486360    2.1248   3.7412E+008    7.4000   1.7991E+006   2.6065E+006   3.7807E+006   5.3832E+006   7.5816E+006   1.0521E+007   1.4252E+007   1.8571E+007   2.2978E+007   2.6407E+007   2.7392E+007   2.4781E+007   1.8699E+007   1.1297E+007   5.2237E+006   1.8167E+006   4.5706E+005   8.6054E+004   1.2263E+004   1.2364E+003
 1620835808.47000030    2.1288   3.7419E+008    6.9600   1.8602E+006   2.6942E+006   3.9057E+006   5.5569E+006   7.8177E+006   1.0831E+007   1.4639E+007   1.9016E+007   2.3427E+007   2.6772E+007   2.7575E+007   2.4749E+007   1.8529E+007   1.1138E+007   5.1579E+006   1.8170E+006   4.7082E+005   9.3153E+004   1.4263E+004   1.5869E+003
 1620835811.29745630    2.1495   3.7448E+008    5.6200   2.1418E+006   3.0970E+006   4.4789E+006   6.3509E+006   8.8913E+006   1.2232E+007   1.6369E+007   2.0971E+007   2.5359E+007   2.8282E+007   2.8278E+007   2.4555E+007   1.7816E+007   1.0503E+007   4.8949E+006   1.8091E+006   5.2114E+005   1.2241E+005   2.3848E+004   3.6593E+003
 1620835814.13847680    2.7952   4.3343E+008    6.5400   1.7523E+006   2.5406E+006   3.6891E+006   5.2611E+006   7.4267E+006   1.0341E+007   1.4079E+007   1.8479E+007   2.3108E+007   2.6972E+007   2.8611E+007   2.6727E+007   2.1117E+007   1.3598E+007   6.8615E+006   2.6750E+006   7.7994E+005   1.7572E+005   3.0957E+004   4.0218E+003
 1620835816.99082140    2.7709   4.3305E+008    8.3800   1.5414E+006   2.2375E+006   3.2550E+006   4.6540E+006   6.5944E+006   9.2317E+006   1.2667E+007   1.6807E+007   2.1335E+007   2.5407E+007   2.7643E+007   2.6603E+007   2.1680E+007   1.4298E+007   7.2394E+006   2.7246E+006   7.2166E+005   1.3663E+005   1.8480E+004   1.6496E+003
 1620835819.82597680    2.7642   4.3295E+008    9.5200   1.4625E+006   2.1241E+006   3.0922E+006   4.4256E+006   6.2799E+006   8.8099E+006   1.2125E+007   1.6156E+007   2.0630E+007   2.4764E+007   2.7220E+007   2.6520E+007   2.1899E+007   1.4597E+007   7.4061E+006   2.7442E+006   6.9434E+005   1.2046E+005   1.4178E+004   1.0302E+003
 1620835822.68183660    4.0272   5.3628E+008   11.6200   1.2227E+006   1.7793E+006   2.5979E+006   3.7339E+006   5.3311E+006   7.5466E+006   1.0524E+007   1.4289E+007   1.8745E+007   2.3376E+007   2.7087E+007   2.8337E+007   2.5698E+007   1.9221E+007   1.1137E+007   4.7233E+006   1.3430E+006   2.4843E+005   2.8637E+004   1.8057E+003
 1620835825.52832370    4.0237   5.3622E+008   12.3400   1.2021E+006   1.7496E+006   2.5550E+006   3.6732E+006   5.2463E+006   7.4307E+006   1.0370E+007   1.4097E+007   1.8522E+007   2.3150E+007   2.6903E+007   2.8249E+007   2.5730E+007   1.9326E+007   1.1224E+007   4.7475E+006   1.3328E+006   2.3939E+005   2.6151E+004   1.5081E+003
 1620835828.36347150    4.0202   5.3616E+008   13.3600   1.1773E+006   1.7137E+006   2.5031E+006   3.5998E+006   5.1439E+006   7.2905E+006   1.0184E+007   1.3863E+007   1.8251E+007   2.2872E+007   2.6676E+007   2.8138E+007   2.5766E+007   1.9453E+007   1.1332E+007   4.7781E+006   1.3201E+006   2.2833E+005   2.3255E+004   1.1915E+003
 1620835831.21582720    4.0221   5.3620E+008   12.7400   1.1919E+006   1.7348E+006   2.5336E+006   3.6429E+006   5.2041E+006   7.3729E+006   1.0294E+007   1.4001E+007   1.8411E+007   2.3036E+007   2.6811E+007   2.8204E+007   2.5745E+007   1.9378E+007   1.1268E+007   4.7599E+006   1.3275E+006   2.3481E+005   2.4935E+004   1.3712E+003
 1620835834.05098270    4.2290   5.9297E+008   10.3200   1.5594E+006   2.2677E+006   3.3074E+006   4.7465E+006   6.7616E+006   9.5405E+006   1.3241E+007   1.7857E+007   2.3198E+007   2.8534E+007   3.2443E+007   3.3086E+007   2.9024E+007   2.0855E+007   1.1557E+007   4.7008E+006   1.2997E+006   2.4102E+005   2.9216E+004   2.0765E+003
 1620835836.90332700    4.2268   5.9294E+008   10.7200   1.5396E+006   2.2392E+006   3.2663E+006   4.6884E+006   6.6810E+006   9.4308E+006   1.3097E+007   1.7679E+007   2.2996E+007   2.8335E+007   3.2291E+007   3.3026E+007   2.9065E+007   2.0947E+007   1.1624E+007   4.7166E+006   1.2914E+006   2.3445E+005   2.7394E+004   1.8368E+003
 1620835839.73848300    4.2296   5.9298E+008   10.3400   1.5580E+006   2.2657E+006   3.3045E+006   4.7423E+006   6.7558E+006   9.5326E+006   1.3230E+007   1.7844E+007   2.3183E+007   2.8519E+007   3.2430E+007   3.3080E+007   2.9025E+007   2.0861E+007   1.1562E+007   4.7029E+006   1.2998E+006   2.4082E+005   2.9141E+004   2.0653E+003
 1620835842.59082340    4.2384   6.4889E+008   10.5400   2.0156E+006   2.9290E+006   4.2672E+006   6.1145E+006   8.6910E+006   1.2222E+007   1.6881E+007   2.2608E+007   2.9076E+007   3.5249E+007   3.9266E+007   3.8920E+007   3.2823E+007   2.2386E+007   1.1598E+007   4.3459E+006   1.0897E+006   1.8133E+005   1.9586E+004   1.2311E+003
 1620835845.42597150    4.2424   6.4896E+008    9.8000   2.0681E+006   3.0045E+006   4.3759E+006   6.2673E+006   8.9022E+006   1.2507E+007   1.7250E+007   2.3057E+007   2.9571E+007   3.5714E+007   3.9590E+007   3.9007E+007   3.2682E+007   2.2166E+007   1.1466E+007   4.3277E+006   1.1108E+006   1.9371E+005   2.2615E+004   1.6015E+003
 1620835848.27832370    4.2304   6.4876E+008   13.0400   1.8913E+006   2.7498E+006   4.0093E+006   5.7513E+006   8.1880E+006   1.1542E+007   1.5996E+007   2.1526E+007   2.7871E+007   3.4101E+007   3.8447E+007   3.8677E+007   3.3162E+007   2.2943E+007   1.1939E+007   4.3891E+006   1.0329E+006   1.5066E+005   1.2980E+004   5.7030E+002
 1620835851.11347150    3.6761   5.4394E+008   11.2000   1.5467E+006   2.2486E+006   3.2784E+006   4.7023E+006   6.6936E+006   9.4337E+006   1.3071E+007   1.7584E+007   2.2760E+007   2.7844E+007   3.1406E+007   3.1654E+007   2.7281E+007   1.9100E+007   1.0187E+007   3.9229E+006   1.0028E+006   1.6718E+005   1.7614E+004   1.0402E+003
 1620835853.96934220    3.6600   5.4366E+008  999.0000   1.1630E+006   1.6943E+006   2.4780E+006   3.5702E+006   5.1152E+006   7.2778E+006   1.0223E+007   1.4025E+007   1.8663E+007   2.3725E+007   2.8170E+007   3.0306E+007   2.8198E+007   2.1222E+007   1.1683E+007   4.1225E+006   7.3317E+005   4.9552E+004   7.8663E+002   1.0387E+000
 1620835856.81582950    3.6710   5.4386E+008   13.0200   1.4812E+006   2.1542E+006   3.1424E+006   4.5105E+006   6.4274E+006   9.0725E+006   1.2598E+007   1.7002E+007   2.2104E+007   2.7206E+007   3.0933E+007   3.1487E+007   2.7444E+007   1.9408E+007   1.0391E+007   3.9566E+006   9.7102E+005   1.4832E+005   1.3407E+004   6.1859E+002
 1620835859.65097760    3.0612   4.6904E+008   11.2200   1.4283E+006   2.0759E+006   3.0252E+006   4.3364E+006   6.1668E+006   8.6790E+006   1.2000E+007   1.6096E+007   2.0745E+007   2.5224E+007   2.8205E+007   2.8087E+007   2.3809E+007   1.6309E+007   8.4594E+006   3.1503E+006   7.7457E+005   1.2386E+005   1.2511E+004   7.0864E+002
 1620835862.50332950    3.0587   4.6900E+008   12.3200   1.3892E+006   2.0195E+006   2.9439E+006   4.2219E+006   6.0082E+006   8.4646E+006   1.1721E+007   1.5755E+007   2.0365E+007   2.4861E+007   2.7946E+007   2.8009E+007   2.3916E+007   1.6485E+007   8.5671E+006   3.1639E+006   7.5656E+005   1.1417E+005   1.0441E+004   5.0517E+002
 1620835865.33847760    3.0678   4.6915E+008    9.5000   1.5130E+006   2.1979E+006   3.2006E+006   4.5830E+006   6.5078E+006   9.1389E+006   1.2596E+007   1.6821E+007   2.1545E+007   2.5976E+007   2.8730E+007   2.8229E+007   2.3579E+007   1.5951E+007   8.2444E+006   3.1215E+006   8.0928E+005   1.4400E+005   1.7377E+004   1.2939E+003
 1620835868.19082950    3.2379   4.9762E+008    8.2200   1.7296E+006   2.5111E+006   3.6534E+006   5.2246E+006   7.4050E+006   1.0371E+007   1.4238E+007   1.8909E+007   2.4034E+007   2.8675E+007   3.1285E+007   3.0229E+007   2.4780E+007   1.6480E+007   8.4431E+006   3.2290E+006   8.7392E+005   1.7006E+005   2.3794E+004   2.2150E+003
 1620835871.02597760    3.2419   4.9769E+008    7.8600   1.7660E+006   2.5634E+006   3.7284E+006   5.3297E+006   7.5496E+006   1.0564E+007   1.4487E+007   1.9206E+007   2.4354E+007   2.8965E+007   3.1473E+007   3.0265E+007   2.4683E+007   1.6348E+007   8.3682E+006   3.2185E+006   8.8539E+005   1.7764E+005   2.6067E+004   2.6002E+003
 1620835873.88184480    3.2285   4.9747E+008    9.4000   1.6356E+006   2.3757E+006   3.4589E+006   4.9518E+006   7.0290E+006   9.8660E+006   1.3589E+007   1.8127E+007   2.3185E+007   2.7896E+007   3.0766E+007   3.0117E+007   2.5037E+007   1.6841E+007   8.6508E+006   3.2567E+006   8.4094E+005   1.4953E+005   1.8117E+004   1.3630E+003
 1620835876.72832420    3.2226   4.9737E+008   10.8400   1.5545E+006   2.2589E+006   3.2911E+006   4.7158E+006   6.7030E+006   9.4268E+006   1.3020E+007   1.7438E+007   2.2426E+007   2.7186E+007   3.0277E+007   2.9992E+007   2.5258E+007   1.7177E+007   8.8491E+006   3.2824E+006   8.0899E+005   1.3108E+005   1.3622E+004   8.1063E+002
 1620835879.56347990    2.2095   3.8722E+008    8.6400   1.7038E+006   2.4706E+006   3.5881E+006   5.1183E+006   7.2275E+006   1.0067E+007   1.3713E+007   1.8005E+007   2.2513E+007   2.6239E+007   2.7706E+007   2.5596E+007   1.9740E+007   1.2130E+007   5.6260E+006   1.9111E+006   4.5048E+005   7.5352E+004   8.9720E+003   7.0119E+002
 1620835882.41582440    2.2042   3.8714E+008   11.1000   1.5501E+006   2.2499E+006   3.2720E+006   4.6765E+006   6.6224E+006   9.2625E+006   1.2691E+007   1.6802E+007   2.1250E+007   2.5150E+007   2.7080E+007   2.5599E+007   2.0217E+007   1.2637E+007   5.8458E+006   1.9050E+006   4.0350E+005   5.5467E+004   4.8591E+003   2.4225E+002
 1620835885.25097990    2.2051   3.8715E+008   10.4200   1.5834E+006   2.2977E+006   3.3405E+006   4.7724E+006   6.7540E+006   9.4381E+006   1.2915E+007   1.7067E+007   2.1530E+007   2.5395E+007   2.7225E+007   2.5603E+007   2.0111E+007   1.2520E+007   5.7951E+006   1.9072E+006   4.1459E+005   5.9844E+004   5.6682E+003   3.1756E+002
 1620835888.10332440    2.1993   3.8316E+008    8.7400   1.6576E+006   2.4040E+006   3.4919E+006   4.9823E+006   7.0381E+006   9.8087E+006   1.3371E+007   1.7575E+007   2.2009E+007   2.5707E+007   2.7221E+007   2.5239E+007   1.9552E+007   1.2073E+007   5.6256E+006   1.9173E+006   4.5216E+005   7.5357E+004   8.8929E+003   6.8437E+002
 1620835890.93496440    2.2027   3.8322E+008    8.0000   1.7254E+006   2.5012E+006   3.6310E+006   5.1763E+006   7.3030E+006   1.0160E+007   1.3814E+007   1.8092E+007   2.2545E+007   2.6159E+007   2.7471E+007   2.5226E+007   1.9352E+007   1.1869E+007   5.5367E+006   1.9175E+006   4.7052E+005   8.4109E+004   1.1033E+004   9.8638E+002
 1620835893.77597380    2.2047   3.8325E+008    7.6600   1.7628E+006   2.5548E+006   3.7076E+006   5.2830E+006   7.4486E+006   1.0352E+007   1.4055E+007   1.8373E+007   2.2834E+007   2.6400E+007   2.7601E+007   2.5216E+007   1.9245E+007   1.1761E+007   5.4900E+006   1.9170E+006   4.7982E+005   8.8780E+004   1.2258E+004   1.1774E+003
 1620835896.63183360    1.5654   3.4349E+008    7.1400   2.6025E+006   3.7582E+006   5.4245E+006   7.6705E+006   1.0695E+007   1.4624E+007   1.9395E+007   2.4523E+007   2.9082E+007   3.1516E+007   3.0214E+007   2.4677E+007   1.6379E+007   8.5214E+006   3.3454E+006   9.8854E+005   2.1387E+005   3.5625E+004   4.6523E+003   4.4581E+002
 1620835899.47832420    1.5649   3.4348E+008    7.3600   2.5581E+006   3.6950E+006   5.3351E+006   7.5476E+006   1.0531E+007   1.4414E+007   1.9143E+007   2.4251E+007   2.8833E+007   3.1350E+007   3.0173E+007   2.4747E+007   1.6484E+007   8.5869E+006   3.3600E+006   9.8273E+005   2.0844E+005   3.3679E+004   4.2190E+003   3.8283E+002
 1620835902.31347990    1.6342   3.5694E+008    7.7200   2.5640E+006   3.7050E+006   5.3529E+006   7.5794E+006   1.0588E+007   1.4519E+007   1.9332E+007   2.4578E+007   2.9364E+007   3.2131E+007   3.1167E+007   2.5790E+007   1.7327E+007   9.0776E+006   3.5493E+006   1.0262E+006   2.1191E+005   3.2757E+004   3.8531E+003   3.2121E+002
 1620835905.16582440    1.6300   3.5687E+008  999.0000   1.6471E+006   2.3921E+006   3.4820E+006   4.9827E+006   7.0683E+006   9.9099E+006   1.3622E+007   1.8105E+007   2.2995E+007   2.7298E+007   2.9325E+007   2.7254E+007   2.0421E+007   1.1212E+007   3.8845E+006   7.0128E+005   4.6201E+004   7.3889E+002   1.4238E+000   7.3018E-005
 1620835908.00097990    1.2672   3.0894E+008    5.8800   3.2922E+006   4.7365E+006   6.7986E+006   9.5383E+006   1.3149E+007   1.7690E+007   2.2922E+007   2.8067E+007   3.1860E+007   3.2597E+007   2.9093E+007   2.1869E+007   1.3294E+007   6.4015E+006   2.3938E+006   7.0761E+005   1.6353E+005   3.1309E+004   5.0600E+003   6.5113E+002
 1620835910.85332440    1.2629   3.0887E+008    7.1400   2.8962E+006   4.1750E+006   6.0102E+006   8.4669E+006   1.1741E+007   1.5929E+007   2.0886E+007   2.5987E+007   3.0129E+007   3.1651E+007   2.9113E+007   2.2548E+007   1.4010E+007   6.7543E+006   2.4402E+006   6.6337E+005   1.3251E+005   2.0584E+004   2.5362E+003   2.3168E+002
 1620835913.68847970    1.2645   3.0890E+008    6.5400   3.0559E+006   4.4016E+006   6.3288E+006   8.9008E+006   1.2313E+007   1.6647E+007   2.1721E+007   2.6848E+007   3.0855E+007   3.2059E+007   2.9116E+007   2.2265E+007   1.3704E+007   6.6030E+006   2.4218E+006   6.8344E+005   1.4583E+005   2.4932E+004   3.4830E+003   3.7335E+002
 1620835916.54082420    1.1311   3.1343E+008    7.6000   3.6234E+006   5.2144E+006   7.4875E+006   1.0510E+007   1.4498E+007   1.9519E+007   2.5309E+007   3.0995E+007   3.5135E+007   3.5765E+007   3.1513E+007   2.3049E+007   1.3290E+007   5.8410E+006   1.8882E+006   4.5220E+005   7.8318E+004   1.0443E+004   1.0949E+003   8.3917E+001
 1620835919.37597990    1.1321   3.1345E+008    6.7400   3.8847E+006   5.5839E+006   8.0042E+006   1.1208E+007   1.5408E+007   2.0641E+007   2.6579E+007   3.2247E+007   3.6108E+007   3.6202E+007   3.1361E+007   2.2573E+007   1.2887E+007   5.6888E+006   1.8926E+006   4.8220E+005   9.2632E+004   1.4293E+004   1.8082E+003   1.7547E+002
 1620835922.23183940    1.1338   3.1348E+008    6.0800   4.1639E+006   5.9780E+006   8.5538E+006   1.1948E+007   1.6365E+007   2.1812E+007   2.7887E+007   3.3513E+007   3.7063E+007   3.6600E+007   3.1181E+007   2.2100E+007   1.2502E+007   5.5431E+006   1.8928E+006   5.0915E+005   1.0682E+005   1.8607E+004   2.7421E+003   3.2134E+002
 1620835925.07832650    1.1336   3.1347E+008    6.1200   4.1445E+006   5.9507E+006   8.5157E+006   1.1896E+007   1.6299E+007   2.1732E+007   2.7798E+007   3.3427E+007   3.6999E+007   3.6575E+007   3.1194E+007   2.2132E+007   1.2527E+007   5.5526E+006   1.8928E+006   5.0737E+005   1.0586E+005   1.8299E+004   2.6713E+003   3.0942E+002
 1620835927.91347460    0.8923   2.7777E+008    5.9000   4.7587E+006   6.8107E+006   9.7001E+006   1.3460E+007   1.8264E+007   2.4016E+007   3.0120E+007   3.5250E+007   3.7608E+007   3.5429E+007   2.8461E+007   1.8824E+007   9.8616E+006   4.0496E+006   1.2899E+006   3.2851E+005   6.6466E+004   1.1399E+004   1.6866E+003   2.0208E+002
 1620835930.76582650    0.8900   2.7773E+008  999.0000   2.5810E+006   3.7327E+006   5.3993E+006   7.6574E+006   1.0720E+007   1.4741E+007   1.9688E+007   2.5094E+007   2.9969E+007   3.2496E+007   3.0582E+007   2.3426E+007   1.3185E+007   4.7738E+006   8.9787E+005   6.7041E+004   1.1968E+003   2.8925E+000   3.5503E-004   2.6879E-010
 1620835933.60097460    0.8900   2.7773E+008  999.0000   2.5810E+006   3.7327E+006   5.3993E+006   7.6574E+006   1.0720E+007   1.4741E+007   1.9688E+007   2.5094E+007   2.9969E+007   3.2496E+007   3.0582E+007   2.3426E+007   1.3185E+007   4.7738E+006   8.9787E+005   6.7041E+004   1.1968E+003   2.8925E+000   3.5503E-004   2.6879E-010
 1620835936.45332650    0.9400   2.7185E+008  999.0000   2.1747E+006   3.1483E+006   4.5610E+006   6.4828E+006   9.1053E+006   1.2580E+007   1.6921E+007   2.1790E+007   2.6419E+007   2.9291E+007   2.8475E+007   2.2871E+007   1.3809E+007   5.5369E+006   1.2096E+006   1.1213E+005   2.7555E+003   1.0570E+001   2.5404E-003   5.3662E-009
 1620835939.28847460    0.9400   2.7185E+008  999.0000   2.1747E+006   3.1483E+006   4.5610E+006   6.4828E+006   9.1053E+006   1.2580E+007   1.6921E+007   2.1790E+007   2.6419E+007   2.9291E+007   2.8475E+007   2.2871E+007   1.3809E+007   5.5369E+006   1.2096E+006   1.1213E+005   2.7555E+003   1.0570E+001   2.5404E-003   5.3662E-009
 1620835942.14082650    0.9400   2.7185E+008  999.0000   2.1747E+006   3.1483E+006   4.5610E+006   6.4828E+006   9.1053E+006   1.2580E+007   1.6921E+007   2.1790E+007   2.6419E+007   2.9291E+007   2.8475E+007   2.2871E+007   1.3809E+007   5.5369E+006   1.2096E+006   1.1213E+005   2.7555E+003   1.0570E+001   2.5404E-003   5.3662E-009
 1620835944.97597460    0.8518   2.7781E+008    5.9400   5.1840E+006   7.4117E+006   1.0540E+007   1.4593E+007   1.9739E+007   2.5836E+007   3.2194E+007   3.7340E+007   3.9353E+007   3.6474E+007   2.8703E+007   1.8513E+007   9.4205E+006   3.7486E+006   1.1559E+006   2.8531E+005   5.6031E+004   9.3524E+003   1.3500E+003   1.5800E+002
 1620835947.82832650    0.8500   2.7778E+008  999.0000   2.8272E+006   4.0860E+006   5.9045E+006   8.3619E+006   1.1682E+007   1.6014E+007   2.1292E+007   2.6959E+007   3.1884E+007   3.4080E+007   3.1408E+007   2.3333E+007   1.2552E+007   4.2549E+006   7.2663E+005   4.7195E+004   6.8573E+002   1.2308E+000   9.8048E-005   3.8398E-011
 1620835950.66347460    0.8519   2.7781E+008    5.8800   5.2238E+006   7.4674E+006   1.0616E+007   1.4694E+007   1.9866E+007   2.5986E+007   3.2351E+007   3.7476E+007   3.9436E+007   3.6487E+007   2.8661E+007   1.8460E+007   9.3889E+006   3.7409E+006   1.1579E+006   2.8773E+005   5.7070E+004   9.6488E+003   1.4145E+003   1.6864E+002
 1620835953.51582650    0.8516   2.7781E+008    6.0800   5.0949E+006   7.2869E+006   1.0368E+007   1.4366E+007   1.9453E+007   2.5500E+007   3.1841E+007   3.7031E+007   3.9161E+007   3.6443E+007   2.8796E+007   1.8635E+007   9.4930E+006   3.7665E+006   1.1515E+006   2.7990E+005   5.3728E+004   8.7064E+003   1.2126E+003   1.3596E+002
 1620835956.35097460    0.5514   2.1679E+008    5.2600   6.4458E+006   9.1433E+006   1.2852E+007   1.7506E+007   2.3134E+007   2.9297E+007   3.4865E+007   3.8019E+007   3.6968E+007   3.0999E+007   2.1721E+007   1.2380E+007   5.5940E+006   2.0239E+006   5.8961E+005   1.4437E+005   2.9638E+004   5.4314E+003   8.9877E+002   1.2599E+002
 1620835959.20684170    0.5508   2.1678E+008    5.7000   6.0186E+006   8.5530E+006   1.2054E+007   1.6481E+007   2.1893E+007   2.7926E+007   3.3559E+007   3.7053E+007   3.6572E+007   3.1172E+007   2.2170E+007   1.2752E+007   5.7487E+006   2.0395E+006   5.7013E+005   1.3095E+005   2.4625E+004   4.0543E+003   5.9253E+002   7.1895E+001
 1620835962.05332140    0.5525   2.1681E+008    4.8400   6.9844E+006   9.8854E+006   1.3849E+007   1.8780E+007   2.4661E+007   3.0958E+007   3.6414E+007   3.9127E+007   3.7383E+007   3.0763E+007   2.1197E+007   1.1963E+007   5.4206E+006   2.0030E+006   6.0926E+005   1.5927E+005   3.5702E+004   7.2748E+003   1.3595E+003   2.1927E+002
 1620835964.88848020    0.6723   2.3571E+008    5.2800   5.5965E+006   7.9677E+006   1.1260E+007   1.5455E+007   2.0646E+007   2.6552E+007   3.2287E+007   3.6247E+007   3.6622E+007   3.2235E+007   2.3933E+007   1.4558E+007   7.0471E+006   2.7249E+006   8.4293E+005   2.1693E+005   4.6319E+004   8.7339E+003   1.4736E+003   2.0915E+002
 1620835967.74083260    0.6710   2.3569E+008    6.0800   4.9906E+006   7.1240E+006   1.0107E+007   1.3949E+007   1.8780E+007   2.4415E+007   3.0130E+007   3.4480E+007   3.5673E+007   3.2257E+007   2.4589E+007   1.5248E+007   7.4022E+006   2.7939E+006   8.1362E+005   1.8934E+005   3.5004E+004   5.5047E+003   7.4911E+002   8.2497E+001
 1620835970.57597680    0.6714   2.3570E+008    5.7200   5.2288E+006   7.4562E+006   1.0562E+007   1.4545E+007   1.9521E+007   2.5268E+007   3.0999E+007   3.5201E+007   3.6070E+007   3.2258E+007   2.4324E+007   1.4963E+007   7.2546E+006   2.7663E+006   8.2672E+005   2.0097E+005   3.9575E+004   6.7423E+003   1.0093E+003   1.2446E+002
 1620835973.42832140    0.6715   2.3570E+008    5.7000   5.2434E+006   7.4765E+006   1.0590E+007   1.4581E+007   1.9566E+007   2.5320E+007   3.1051E+007   3.5243E+007   3.6093E+007   3.2258E+007   2.4308E+007   1.4946E+007   7.2459E+006   2.7647E+006   8.2749E+005   2.0166E+005   3.9854E+004   6.8207E+003   1.0266E+003   1.2739E+002
 1620835976.26347680    0.5508   2.2959E+008    5.5600   7.2705E+006   1.0307E+007   1.4474E+007   1.9691E+007   2.5972E+007   3.2798E+007   3.8867E+007   4.2120E+007   4.0577E+007   3.3564E+007   2.3060E+007   1.2786E+007   5.5623E+006   1.9162E+006   5.2517E+005   1.1969E+005   2.2614E+004   3.7838E+003   5.6757E+002   7.1370E+001
 1620835979.11582110    0.6814   2.9724E+008    5.2000   1.0911E+007   1.5417E+007   2.1545E+007   2.9111E+007   3.8028E+007   4.7380E+007   5.5126E+007   5.8331E+007   5.4545E+007   4.3578E+007   2.8866E+007   1.5481E+007   6.5767E+006   2.2493E+006   6.2511E+005   1.4778E+005   2.9632E+004   5.3640E+003   8.8493E+002   1.2463E+002
 1620835981.95097680    0.6809   2.9723E+008    5.4800   1.0416E+007   1.4738E+007   2.0637E+007   2.7962E+007   3.6672E+007   4.5937E+007   5.3832E+007   5.7476E+007   5.4316E+007   4.3877E+007   2.9338E+007   1.5804E+007   6.6855E+006   2.2492E+006   6.0599E+005   1.3688E+005   2.5840E+004   4.3530E+003   6.6156E+002   8.4793E+001
 1620835984.80332140    0.6822   2.9725E+008    4.8500   1.1679E+007   1.6467E+007   2.2941E+007   3.0867E+007   4.0086E+007   4.9542E+007   5.7030E+007   5.9551E+007   5.4833E+007   4.3117E+007   2.8187E+007   1.5024E+007   6.4208E+006   2.2455E+006   6.5027E+005   1.6317E+005   3.5368E+004   7.0204E+003   1.2855E+003   2.0397E+002
 1620835987.63847680    0.4813   1.7861E+008    5.3800   4.6525E+006   6.6152E+006   9.3308E+006   1.2773E+007   1.6997E+007   2.1739E+007   2.6227E+007   2.9128E+007   2.9002E+007   2.5042E+007   1.8149E+007   1.0722E+007   5.0165E+006   1.8686E+006   5.5554E+005   1.3730E+005   2.8130E+004   5.0917E+003   8.2483E+002   1.1223E+002
 1620835990.49081750    0.4812   1.7861E+008    5.4000   4.6376E+006   6.5945E+006   9.3027E+006   1.2736E+007   1.6953E+007   2.1689E+007   2.6179E+007   2.9090E+007   2.8985E+007   2.5046E+007   1.8165E+007   1.0737E+007   5.0231E+006   1.8696E+006   5.5485E+005   1.3674E+005   2.7908E+004   5.0274E+003   8.0989E+002   1.0948E+002
 1620835993.32596540    0.4800   1.7859E+008  999.0000   2.3455E+006   3.3830E+006   4.8737E+006   6.8721E+006   9.5396E+006   1.2954E+007   1.6984E+007   2.1072E+007   2.4187E+007   2.4740E+007   2.1382E+007   1.4461E+007   6.7708E+006   1.8755E+006   2.3824E+005   1.0094E+004   7.8070E+001   5.6407E-002   1.1999E-006   6.3029E-014
 1620835996.18183660    0.3900   1.8793E+008  999.0000   4.0966E+006   5.8795E+006   8.4077E+006   1.1730E+007   1.6033E+007   2.1277E+007   2.6969E+007   3.1848E+007   3.3996E+007   3.1255E+007   2.3114E+007   1.2450E+007   4.1637E+006   7.0719E+005   4.3885E+004   6.6210E+002   1.1184E+000   9.0449E-005   8.1167E-011   3.5473E-020
 1620835999.02832370    0.3900   1.8793E+008  999.0000   4.0966E+006   5.8795E+006   8.4077E+006   1.1730E+007   1.6033E+007   2.1277E+007   2.6969E+007   3.1848E+007   3.3996E+007   3.1255E+007   2.3114E+007   1.2450E+007   4.1637E+006   7.0719E+005   4.3885E+004   6.6210E+002   1.1184E+000   9.0449E-005   8.1167E-011   3.5473E-020
 1620836001.86347150    0.3900   1.8793E+008  999.0000   4.0966E+006   5.8795E+006   8.4077E+006   1.1730E+007   1.6033E+007   2.1277E+007   2.6969E+007   3.1848E+007   3.3996E+007   3.1255E+007   2.3114E+007   1.2450E+007   4.1637E+006   7.0719E+005   4.3885E+004   6.6210E+002   1.1184E+000   9.0449E-005   8.1167E-011   3.5473E-020
 1620836004.71582340    0.3900   1.8793E+008  999.0000   4.0966E+006   5.8795E+006   8.4077E+006   1.1730E+007   1.6033E+007   2.1277E+007   2.6969E+007   3.1848E+007   3.3996E+007   3.1255E+007   2.3114E+007   1.2450E+007   4.1637E+006   7.0719E+005   4.3885E+004   6.6210E+002   1.1184E+000   9.0449E-005   8.1167E-011   3.5473E-020
 1620836007.55097150    0.4200   1.8859E+008  999.0000   3.5813E+006   5.1475E+006   7.3773E+006   1.0325E+007   1.4178E+007   1.8946E+007   2.4258E+007   2.9073E+007   3.1714E+007   3.0102E+007   2.3322E+007   1.3447E+007   4.9727E+006   9.7747E+005   7.5124E+004   1.5424E+003   4.1008E+000   6.3657E-004   1.4636E-009   2.6444E-018
 1620836010.40332340    0.4200   1.8859E+008  999.0000   3.5813E+006   5.1475E+006   7.3773E+006   1.0325E+007   1.4178E+007   1.8946E+007   2.4258E+007   2.9073E+007   3.1714E+007   3.0102E+007   2.3322E+007   1.3447E+007   4.9727E+006   9.7747E+005   7.5124E+004   1.5424E+003   4.1008E+000   6.3657E-004   1.4636E-009   2.6444E-018
 1620836013.23847150    0.4200   1.8859E+008  999.0000   3.5813E+006   5.1475E+006   7.3773E+006   1.0325E+007   1.4178E+007   1.8946E+007   2.4258E+007   2.9073E+007   3.1714E+007   3.0102E+007   2.3322E+007   1.3447E+007   4.9727E+006   9.7747E+005   7.5124E+004   1.5424E+003   4.1008E+000   6.3657E-004   1.4636E-009   2.6444E-018
 1620836016.09434250    0.4200   1.8859E+008  999.0000   3.5813E+006   5.1475E+006   7.3773E+006   1.0325E+007   1.4178E+007   1.8946E+007   2.4258E+007   2.9073E+007   3.1714E+007   3.0102E+007   2.3322E+007   1.3447E+007   4.9727E+006   9.7747E+005   7.5124E+004   1.5424E+003   4.1008E+000   6.3657E-004   1.4636E-009   2.6444E-018
 1620836018.94082950    0.3000   1.4121E+008  999.0000   2.9403E+006   4.2221E+006   6.0421E+006   8.4390E+006   1.1553E+007   1.5367E+007   1.9545E+007   2.3198E+007   2.4945E+007   2.3184E+007   1.7419E+007   9.6024E+006   3.3231E+006   5.9317E+005   3.9587E+004   6.6322E+002   1.3070E+000   1.3192E-004   1.6296E-010   1.1529E-019
 1620836021.77597380    0.3000   1.4121E+008  999.0000   2.9403E+006   4.2221E+006   6.0421E+006   8.4390E+006   1.1553E+007   1.5367E+007   1.9545E+007   2.3198E+007   2.4945E+007   2.3184E+007   1.7419E+007   9.6024E+006   3.3231E+006   5.9317E+005   3.9587E+004   6.6322E+002   1.3070E+000   1.3192E-004   1.6296E-010   1.1529E-019
 1620836024.62971020    0.3000   1.4121E+008  999.0000   2.9403E+006   4.2221E+006   6.0421E+006   8.4390E+006   1.1553E+007   1.5367E+007   1.9545E+007   2.3198E+007   2.4945E+007   2.3184E+007   1.7419E+007   9.6024E+006   3.3231E+006   5.9317E+005   3.9587E+004   6.6322E+002   1.3070E+000   1.3192E-004   1.6296E-010   1.1529E-019
 1620836027.46765040    0.3000   1.4121E+008  999.0000   2.9403E+006   4.2221E+006   6.0421E+006   8.4390E+006   1.1553E+007   1.5367E+007   1.9545E+007   2.3198E+007   2.4945E+007   2.3184E+007   1.7419E+007   9.6024E+006   3.3231E+006   5.9317E+005   3.9587E+004   6.6322E+002   1.3070E+000   1.3192E-004   1.6296E-010   1.1529E-019
 1620836030.31581830    0.2500   1.3241E+008  999.0000   3.4713E+006   4.9714E+006   7.0862E+006   9.8412E+006   1.3360E+007   1.7555E+007   2.1925E+007   2.5342E+007   2.6209E+007   2.3003E+007   1.5896E+007   7.7557E+006   2.2408E+006   3.0775E+005   1.3995E+004   1.3495E+002   1.1802E-001   3.7102E-006   8.5385E-013   4.8182E-023
 1620836033.15068050    0.2700   1.4050E+008  999.0000   3.5583E+006   5.0980E+006   7.2713E+006   1.0107E+007   1.3740E+007   1.8088E+007   2.2656E+007   2.6296E+007   2.7364E+007   2.4235E+007   1.6970E+007   8.4402E+006   2.5090E+006   3.5911E+005   1.7347E+004   1.8248E+002   1.8136E-001   6.8489E-006   2.0522E-012   1.7214E-022
