          0.00000000    0.0000   0.0000E+000    0.0000   3.0000E-002   4.4000E-002   6.5000E-002   9.5000E-002   1.3900E-001   2.0400E-001   3.0000E-001   4.4000E-001   6.4600E-001   9.4900E-001   1.3920E+000   2.0400E+000   3.0000E+000   4.4000E+000   6.4600E+000   9.4500E+000   1.3900E+001   2.0400E+001   3.0000E+001   4.5000E+001
 1621039969.57130720    0.0200   7.5180E+006  999.0000   1.0075E+005   1.4530E+005   2.0926E+005   2.9496E+005   4.0924E+005   5.5525E+005   7.2716E+005   9.0061E+005   1.0311E+006   1.0508E+006   9.0317E+005   6.0599E+005   2.8040E+005   7.6351E+004   9.4576E+003   3.8645E+002   2.8332E+000   1.8950E-003   3.6046E-008   1.5978E-015
 1621039972.43966720    0.0200   6.4146E+006  999.0000   6.2918E+004   9.0958E+004   1.3149E+005   1.8633E+005   2.6054E+005   3.5760E+005   4.7635E+005   6.0479E+005   7.1815E+005   7.7216E+005   7.1779E+005   5.4001E+005   2.9596E+005   1.0308E+005   1.8318E+004   1.2601E+003   1.9929E+001   4.0430E-002   3.8480E-006   1.9765E-012
 1621039975.29865170    0.0200   6.4146E+006  999.0000   6.2918E+004   9.0958E+004   1.3149E+005   1.8633E+005   2.6054E+005   3.5760E+005   4.7635E+005   6.0479E+005   7.1815E+005   7.7216E+005   7.1779E+005   5.4001E+005   2.9596E+005   1.0308E+005   1.8318E+004   1.2601E+003   1.9929E+001   4.0430E-002   3.8480E-006   1.9765E-012
 1621039978.14630410    0.0200   9.5317E+006  999.0000   2.0336E+005   2.9193E+005   4.1761E+005   5.8294E+005   7.9735E+005   1.0593E+006   1.3449E+006   1.5920E+006   1.7053E+006   1.5758E+006   1.1741E+006   6.3940E+005   2.1732E+005   3.7788E+004   2.4269E+003   3.8473E+001   6.9898E-002   6.2767E-006   6.5502E-012   3.5938E-021
 1621039981.01466420    0.0200   9.5317E+006  999.0000   2.0336E+005   2.9193E+005   4.1761E+005   5.8294E+005   7.9735E+005   1.0593E+006   1.3449E+006   1.5920E+006   1.7053E+006   1.5758E+006   1.1741E+006   6.3940E+005   2.1732E+005   3.7788E+004   2.4269E+003   3.8473E+001   6.9898E-002   6.2767E-006   6.5502E-012   3.5938E-021
 1621039983.87364910    0.0200   9.5317E+006  999.0000   2.0336E+005   2.9193E+005   4.1761E+005   5.8294E+005   7.9735E+005   1.0593E+006   1.3449E+006   1.5920E+006   1.7053E+006   1.5758E+006   1.1741E+006   6.3940E+005   2.1732E+005   3.7788E+004   2.4269E+003   3.8473E+001   6.9898E-002   6.2767E-006   6.5502E-012   3.5938E-021
 1621039986.72130110    0.0205   6.5551E+006    3.9300   1.8856E+005   2.6678E+005   3.7358E+005   5.0632E+005   6.6458E+005   8.3431E+005   9.8267E+005   1.0605E+006   1.0237E+006   8.6033E+005   6.1602E+005   3.7046E+005   1.8504E+005   7.8270E+004   2.8379E+004   9.1666E+003   2.6333E+003   7.0561E+002   1.7740E+002   3.9757E+001
 1621039989.58966110    0.0200   6.5489E+006  999.0000   6.6911E+004   9.6701E+004   1.3973E+005   1.9788E+005   2.7642E+005   3.7887E+005   5.0363E+005   6.3750E+005   7.5364E+005   8.0505E+005   7.4126E+005   5.4995E+005   2.9526E+005   9.9800E+004   1.6972E+004   1.0956E+003   1.5777E+001   2.7954E-002   2.1853E-006   8.3161E-013
 1621039992.44864960    0.0200   6.5489E+006  999.0000   6.6911E+004   9.6701E+004   1.3973E+005   1.9788E+005   2.7642E+005   3.7887E+005   5.0363E+005   6.3750E+005   7.5364E+005   8.0505E+005   7.4126E+005   5.4995E+005   2.9526E+005   9.9800E+004   1.6972E+004   1.0956E+003   1.5777E+001   2.7954E-002   2.1853E-006   8.3161E-013
 1621039995.29631300    0.0200   9.1293E+006  999.0000   1.7902E+005   2.5722E+005   3.6846E+005   5.1533E+005   7.0688E+005   9.4310E+005   1.2048E+006   1.4391E+006   1.5621E+006   1.4721E+006   1.1286E+006   6.4075E+005   2.3162E+005   4.4048E+004   3.2252E+003   6.1756E+001   1.4816E-001   1.9839E-005   3.6849E-011   4.8242E-020
 1621039998.16466950    0.0200   9.1293E+006  999.0000   1.7902E+005   2.5722E+005   3.6846E+005   5.1533E+005   7.0688E+005   9.4310E+005   1.2048E+006   1.4391E+006   1.5621E+006   1.4721E+006   1.1286E+006   6.4075E+005   2.3162E+005   4.4048E+004   3.2252E+003   6.1756E+001   1.4816E-001   1.9839E-005   3.6849E-011   4.8242E-020
 1621040001.02364680    0.0200   9.1293E+006  999.0000   1.7902E+005   2.5722E+005   3.6846E+005   5.1533E+005   7.0688E+005   9.4310E+005   1.2048E+006   1.4391E+006   1.5621E+006   1.4721E+006   1.1286E+006   6.4075E+005   2.3162E+005   4.4048E+004   3.2252E+003   6.1756E+001   1.4816E-001   1.9839E-005   3.6849E-011   4.8242E-020
 1621040003.87131020    0.0200   7.1184E+006  999.0000   8.5693E+004   1.2369E+005   1.7838E+005   2.5192E+005   3.5050E+005   4.7755E+005   6.2926E+005   7.8640E+005   9.1231E+005   9.4795E+005   8.3824E+005   5.8622E+005   2.8840E+005   8.5849E+004   1.2118E+004   5.9783E+002   5.7879E+000   5.7816E-003   1.9671E-007   2.1099E-014
 1621040006.73967030    0.0200   7.1184E+006  999.0000   8.5693E+004   1.2369E+005   1.7838E+005   2.5192E+005   3.5050E+005   4.7755E+005   6.2926E+005   7.8640E+005   9.1231E+005   9.4795E+005   8.3824E+005   5.8622E+005   2.8840E+005   8.5849E+004   1.2118E+004   5.9783E+002   5.7879E+000   5.7816E-003   1.9671E-007   2.1099E-014
 1621040009.59865500    0.0200   7.1184E+006  999.0000   8.5693E+004   1.2369E+005   1.7838E+005   2.5192E+005   3.5050E+005   4.7755E+005   6.2926E+005   7.8640E+005   9.1231E+005   9.4795E+005   8.3824E+005   5.8622E+005   2.8840E+005   8.5849E+004   1.2118E+004   5.9783E+002   5.7879E+000   5.7816E-003   1.9671E-007   2.1099E-014
 1621040012.44630720    0.0200   7.0146E+006  999.0000   8.2040E+004   1.1844E+005   1.7088E+005   2.4144E+005   3.3617E+005   4.5852E+005   6.0516E+005   7.5804E+005   8.8244E+005   9.2154E+005   8.2092E+005   5.8032E+005   2.9008E+005   8.8371E+004   1.2904E+004   6.6859E+002   6.9583E+000   7.7148E-003   3.0537E-007   4.1230E-014
 1621040015.31466720    0.0200   7.0146E+006  999.0000   8.2040E+004   1.1844E+005   1.7088E+005   2.4144E+005   3.3617E+005   4.5852E+005   6.0516E+005   7.5804E+005   8.8244E+005   9.2154E+005   8.2092E+005   5.8032E+005   2.9008E+005   8.8371E+004   1.2904E+004   6.6859E+002   6.9583E+000   7.7148E-003   3.0537E-007   4.1230E-014
 1621040018.17365190    0.0200   7.0146E+006  999.0000   8.2040E+004   1.1844E+005   1.7088E+005   2.4144E+005   3.3617E+005   4.5852E+005   6.0516E+005   7.5804E+005   8.8244E+005   9.2154E+005   8.2092E+005   5.8032E+005   2.9008E+005   8.8371E+004   1.2904E+004   6.6859E+002   6.9583E+000   7.7148E-003   3.0537E-007   4.1230E-014
 1621040021.02130410    0.0200   8.0453E+006  999.0000   1.2316E+005   1.7740E+005   2.5505E+005   3.5858E+005   4.9566E+005   6.6882E+005   8.6879E+005   1.0633E+006   1.1964E+006   1.1883E+006   9.8390E+005   6.2503E+005   2.6675E+005   6.4580E+004   6.7339E+003   2.1463E+002   1.0909E+000   4.3039E-004   3.8111E-009   5.2967E-017
 1621040023.88966420    0.0205   8.0512E+006    3.7200   3.7758E+005   5.2827E+005   7.2771E+005   9.6419E+005   1.2261E+006   1.4734E+006   1.6367E+006   1.6393E+006   1.4446E+006   1.0937E+006   7.0142E+005   3.7934E+005   1.7266E+005   6.8093E+004   2.3630E+004   7.5024E+003   2.1690E+003   5.9654E+002   1.5635E+002   3.7064E+001
 1621040026.74865270    0.0200   7.1139E+006  999.0000   8.5531E+004   1.2345E+005   1.7805E+005   2.5145E+005   3.4987E+005   4.7671E+005   6.2820E+005   7.8515E+005   9.1100E+005   9.4679E+005   8.3749E+005   5.8597E+005   2.8848E+005   8.5959E+004   1.2151E+004   6.0076E+002   5.8347E+000   5.8549E-003   2.0052E-007   2.1724E-014
 1621040029.59631230    0.0200   7.1139E+006  999.0000   8.5531E+004   1.2345E+005   1.7805E+005   2.5145E+005   3.4987E+005   4.7671E+005   6.2820E+005   7.8515E+005   9.1100E+005   9.4679E+005   8.3749E+005   5.8597E+005   2.8848E+005   8.5959E+004   1.2151E+004   6.0076E+002   5.8347E+000   5.8549E-003   2.0052E-007   2.1724E-014
 1621040032.46466140    0.0200   7.1139E+006  999.0000   8.5531E+004   1.2345E+005   1.7805E+005   2.5145E+005   3.4987E+005   4.7671E+005   6.2820E+005   7.8515E+005   9.1100E+005   9.4679E+005   8.3749E+005   5.8597E+005   2.8848E+005   8.5959E+004   1.2151E+004   6.0076E+002   5.8347E+000   5.8549E-003   2.0052E-007   2.1724E-014
 1621040035.32364990    0.0200   6.9766E+006  999.0000   8.0728E+004   1.1656E+005   1.6818E+005   2.3767E+005   3.3102E+005   4.5167E+005   5.9646E+005   7.4779E+005   8.7160E+005   9.1190E+005   8.1453E+005   5.7808E+005   2.9065E+005   8.9299E+004   1.3203E+004   6.9646E+002   7.4429E+000   8.5736E-003   3.5872E-007   5.2699E-014
 1621040038.17131330    0.0200   6.9766E+006  999.0000   8.0728E+004   1.1656E+005   1.6818E+005   2.3767E+005   3.3102E+005   4.5167E+005   5.9646E+005   7.4779E+005   8.7160E+005   9.1190E+005   8.1453E+005   5.7808E+005   2.9065E+005   8.9299E+004   1.3203E+004   6.9646E+002   7.4429E+000   8.5736E-003   3.5872E-007   5.2699E-014
 1621040041.03966950    0.0204   6.9825E+006    3.8700   2.3300E+005   3.2865E+005   4.5815E+005   6.1708E+005   8.0290E+005   9.9577E+005   1.1537E+006   1.2188E+006   1.1457E+006   9.3350E+005   6.4631E+005   3.7589E+005   1.8211E+005   7.5187E+004   2.6811E+004   8.5869E+003   2.4638E+003   6.6360E+002   1.6853E+002   3.8331E+001
 1621040043.89864680    0.0205   7.5590E+006    3.7000   3.1576E+005   4.4293E+005   6.1250E+005   8.1587E+005   1.0452E+006   1.2690E+006   1.4292E+006   1.4570E+006   1.3121E+006   1.0189E+006   6.7179E+005   3.7376E+005   1.7489E+005   7.0735E+004   2.5100E+004   8.1222E+003   2.3872E+003   6.6587E+002   1.7668E+002   4.2369E+001
 1621040046.74631020    0.0200   7.5524E+006  999.0000   1.0213E+005   1.4726E+005   2.1207E+005   2.9887E+005   4.1456E+005   5.6227E+005   7.3596E+005   9.1081E+005   1.0416E+006   1.0597E+006   9.0862E+005   6.0747E+005   2.7961E+005   7.5554E+004   9.2543E+003   3.7206E+002   2.6633E+000   1.7210E-003   3.1141E-008   1.2796E-015
 1621040049.61467030    0.0200   7.5524E+006  999.0000   1.0213E+005   1.4726E+005   2.1207E+005   2.9887E+005   4.1456E+005   5.6227E+005   7.3596E+005   9.1081E+005   1.0416E+006   1.0597E+006   9.0862E+005   6.0747E+005   2.7961E+005   7.5554E+004   9.2543E+003   3.7206E+002   2.6633E+000   1.7210E-003   3.1141E-008   1.2796E-015
 1621040052.47365470    0.0204   7.2466E+006    3.9300   2.5466E+005   3.5890E+005   4.9971E+005   6.7192E+005   8.7214E+005   1.0779E+006   1.2429E+006   1.3046E+006   1.2161E+006   9.8015E+005   6.6970E+005   3.8351E+005   1.8255E+005   7.3935E+004   2.5831E+004   8.1000E+003   2.2735E+003   5.9886E+002   1.4869E+002   3.3016E+001
 1621040055.32130720    0.0204   7.2474E+006    3.8300   2.6436E+005   3.7214E+005   5.1727E+005   6.9393E+005   8.9783E+005   1.1049E+006   1.2668E+006   1.3205E+006   1.2211E+006   9.7625E+005   6.6245E+005   3.7783E+005   1.7994E+005   7.3330E+004   2.5937E+004   8.2806E+003   2.3790E+003   6.4394E+002   1.6484E+002   3.7895E+001
 1621040058.18966720    0.0206   7.2486E+006    3.6800   2.8123E+005   3.9511E+005   5.4764E+005   7.3179E+005   9.4170E+005   1.1504E+006   1.3065E+006   1.3462E+006   1.2287E+006   9.6940E+005   6.5051E+005   3.6866E+005   1.7571E+005   7.2305E+004   2.6067E+004   8.5543E+003   2.5464E+003   7.1836E+002   1.9260E+002   4.6653E+001
 1621040061.04865170    0.0206   9.3930E+006    3.3900   6.9842E+005   9.6268E+005   1.2978E+006   1.6697E+006   2.0395E+006   2.3222E+006   2.4066E+006   2.2172E+006   1.7767E+006   1.2185E+006   7.1284E+005   3.5793E+005   1.5520E+005   6.0142E+004   2.1146E+004   6.9883E+003   2.1529E+003   6.4205E+002   1.8501E+002   4.8969E+001
 1621040063.89630410    0.0200   9.3855E+006  999.0000   1.9428E+005   2.7898E+005   3.9929E+005   5.5776E+005   7.6370E+005   1.0162E+006   1.2930E+006   1.5356E+006   1.6529E+006   1.5383E+006   1.1581E+006   6.4030E+005   2.2255E+005   3.9978E+004   2.6929E+003   4.5720E+001   9.1890E-002   9.5402E-006   1.2274E-011   9.2329E-021
 1621040066.76466420    0.0206   9.3926E+006    3.4100   6.9118E+005   9.5317E+005   1.2859E+006   1.6559E+006   2.0251E+006   2.3095E+006   2.3983E+006   2.2143E+006   1.7784E+006   1.2219E+006   7.1570E+005   3.5941E+005   1.5566E+005   6.0171E+004   2.1078E+004   6.9333E+003   2.1241E+003   6.2959E+002   1.8022E+002   4.7352E+001
 1621040069.62365270    0.0206   8.1910E+006    3.5300   4.3319E+005   6.0362E+005   8.2663E+005   1.0865E+006   1.3666E+006   1.6183E+006   1.7640E+006   1.7274E+006   1.4842E+006   1.0956E+006   6.8773E+005   3.6689E+005   1.6657E+005   6.6383E+004   2.3586E+004   7.7549E+003   2.3460E+003   6.8025E+002   1.8912E+002   4.7923E+001
 1621040072.47131610    0.0206   8.1910E+006    3.5300   4.3319E+005   6.0362E+005   8.2663E+005   1.0865E+006   1.3666E+006   1.6183E+006   1.7640E+006   1.7274E+006   1.4842E+006   1.0956E+006   6.8773E+005   3.6689E+005   1.6657E+005   6.6383E+004   2.3586E+004   7.7549E+003   2.3460E+003   6.8025E+002   1.8912E+002   4.7923E+001
 1621040075.33967260    0.0206   8.1916E+006    3.5000   4.3931E+005   6.1180E+005   8.3718E+005   1.0992E+006   1.3805E+006   1.6317E+006   1.7743E+006   1.7325E+006   1.4841E+006   1.0925E+006   6.8437E+005   3.6483E+005   1.6580E+005   6.6271E+004   2.3659E+004   7.8288E+003   2.3870E+003   6.9828E+002   1.9602E+002   5.0209E+001
 1621040078.19864960    0.0206   7.1884E+006    3.6900   2.7284E+005   3.8353E+005   5.3198E+005   7.1163E+005   9.1711E+005   1.1227E+006   1.2784E+006   1.3218E+006   1.2114E+006   9.6023E+005   6.4748E+005   3.6861E+005   1.7637E+005   7.2776E+004   2.6278E+004   8.6267E+003   2.5662E+003   7.2285E+002   1.9337E+002   4.6709E+001
 1621040081.04630950    0.0205   7.1878E+006    3.7600   2.6492E+005   3.7274E+005   5.1772E+005   6.9384E+005   8.9650E+005   1.1012E+006   1.2597E+006   1.3097E+006   1.2078E+006   9.6338E+005   6.5306E+005   3.7293E+005   1.7838E+005   7.3276E+004   2.6224E+004   8.4992E+003   2.4868E+003   6.8708E+002   1.7988E+002   4.2402E+001
 1621040083.91465810    0.0208   7.5165E+006    3.4400   3.5053E+005   4.8975E+005   6.7335E+005   8.8989E+005   1.1279E+006   1.3498E+006   1.4926E+006   1.4888E+006   1.3092E+006   9.9368E+005   6.4380E+005   3.5549E+005   1.6740E+005   6.9229E+004   2.5529E+004   8.7064E+003   2.7321E+003   8.2123E+002   2.3663E+002   6.2241E+001
 1621040086.77364680    0.0205   7.5131E+006    3.7300   3.0655E+005   4.3030E+005   5.9562E+005   7.9444E+005   1.0197E+006   1.2411E+006   1.4024E+006   1.4355E+006   1.2989E+006   1.0137E+006   6.7154E+005   3.7502E+005   1.7584E+005   7.1113E+004   2.5176E+004   8.1112E+003   2.3692E+003   6.5579E+002   1.7248E+002   4.0945E+001
 1621040089.62131020    0.0205   7.5132E+006    3.7200   3.0778E+005   4.3197E+005   5.9781E+005   7.9715E+005   1.0228E+006   1.2443E+006   1.4051E+006   1.4371E+006   1.2992E+006   1.0131E+006   6.7069E+005   3.7441E+005   1.7559E+005   7.1063E+004   2.5193E+004   8.1324E+003   2.3812E+003   6.6097E+002   1.7439E+002   4.1543E+001
 1621040092.48967030    0.0307   9.4680E+006    3.9700   2.4912E+005   3.5307E+005   4.9566E+005   6.7416E+005   8.8929E+005   1.1242E+006   1.3367E+006   1.4604E+006   1.4316E+006   1.2254E+006   8.9521E+005   5.4938E+005   2.7958E+005   1.2005E+005   4.3982E+004   1.4282E+004   4.1052E+003   1.0962E+003   2.7373E+002   6.0749E+001
 1621040095.34865500    0.0308   9.4693E+006    3.8700   2.5815E+005   3.6551E+005   5.1241E+005   6.9560E+005   9.1512E+005   1.1526E+006   1.3638E+006   1.4808E+006   1.4412E+006   1.2241E+006   8.8792E+005   5.4222E+005   2.7563E+005   1.1885E+005   4.3984E+004   1.4512E+004   4.2618E+003   1.1678E+003   3.0033E+002   6.8946E+001
 1621040098.19769930    0.0300   9.4587E+006  999.0000   8.9702E+004   1.2971E+005   1.8758E+005   2.6595E+005   3.7216E+005   5.1138E+005   6.8234E+005   8.6844E+005   1.0349E+006   1.1187E+006   1.0480E+006   7.9738E+005   4.4437E+005   1.5858E+005   2.9203E+004   2.1149E+003   3.6089E+001   8.1710E-002   9.1223E-006   5.9765E-012
 1621040101.06884380    0.0308   1.0991E+007    3.7300   4.2587E+005   5.9848E+005   8.2980E+005   1.1094E+006   1.4285E+006   1.7466E+006   1.9855E+006   2.0481E+006   1.8709E+006   1.4764E+006   9.8992E+005   5.5957E+005   2.6543E+005   1.0843E+005   3.8713E+004   1.2555E+004   3.6855E+003   1.0239E+003   2.7003E+002   6.4226E+001
 1621040103.92365190    0.0308   1.0991E+007    3.6800   4.3531E+005   6.1131E+005   8.4672E+005   1.1304E+006   1.4528E+006   1.7716E+006   2.0071E+006   2.0619E+006   1.8748E+006   1.4726E+006   9.8351E+005   5.5470E+005   2.6318E+005   1.0787E+005   3.8760E+004   1.2687E+004   3.7691E+003   1.0618E+003   2.8437E+002   6.8831E+001
 1621040106.77130410    0.0305   1.0987E+007    3.9900   3.8619E+005   5.4439E+005   7.5821E+005   1.0199E+006   1.3246E+006   1.6383E+006   1.8906E+006   1.9862E+006   1.8526E+006   1.4933E+006   1.0192E+006   5.8191E+005   2.7548E+005   1.1066E+005   3.8230E+004   1.1824E+004   3.2653E+003   8.4472E+002   2.0567E+002   4.4687E+001
 1621040109.63966420    0.0314   1.3223E+007    3.2400   9.4784E+005   1.3064E+006   1.7612E+006   2.2661E+006   2.7690E+006   3.1558E+006   3.2771E+006   3.0308E+006   2.4454E+006   1.6959E+006   1.0088E+006   5.1830E+005   2.3152E+005   9.2985E+004   3.4069E+004   1.1779E+004   3.8117E+003   1.1968E+003   3.6384E+002   1.0202E+002
 1621040112.49865270    0.0306   1.3215E+007    3.7000   7.4643E+005   1.0393E+006   1.4216E+006   1.8653E+006   2.3402E+006   2.7609E+006   2.9929E+006   2.9072E+006   2.4692E+006   1.7933E+006   1.1014E+006   5.7124E+005   2.5038E+005   9.5738E+004   3.2449E+004   1.0135E+004   2.8995E+003   7.9312E+002   2.0751E+002   4.9254E+001
 1621040115.34631230    0.0304   1.3213E+007    3.9500   6.7617E+005   9.4499E+005   1.2997E+006   1.7181E+006   2.1774E+006   2.6036E+006   2.8711E+006   2.8455E+006   2.4701E+006   1.8312E+006   1.1418E+006   5.9534E+005   2.5883E+005   9.6686E+004   3.1527E+004   9.3494E+003   2.5088E+003   6.3814E+002   1.5415E+002   3.3462E+001
 1621040118.21466140    0.0305   1.7141E+007    3.6200   1.6529E+006   2.2623E+006   3.0184E+006   3.8288E+006   4.5855E+006   5.0822E+006   5.0816E+006   4.4733E+006   3.3896E+006   2.1763E+006   1.1825E+006   5.4814E+005   2.1834E+005   7.7590E+004   2.4980E+004   7.5615E+003   2.1306E+003   5.8150E+002   1.5328E+002   3.6947E+001
 1621040121.07364990    0.0305   1.7141E+007    3.6200   1.6529E+006   2.2623E+006   3.0184E+006   3.8288E+006   4.5855E+006   5.0822E+006   5.0816E+006   4.4733E+006   3.3896E+006   2.1763E+006   1.1825E+006   5.4814E+005   2.1834E+005   7.7590E+004   2.4980E+004   7.5615E+003   2.1306E+003   5.8150E+002   1.5328E+002   3.6947E+001
 1621040123.92131330    0.0303   1.7139E+007    3.8500   1.4981E+006   2.0606E+006   2.7689E+006   3.5457E+006   4.3005E+006   4.8445E+006   4.9405E+006   4.4449E+006   3.4414E+006   2.2486E+006   1.2330E+006   5.6995E+005   2.2319E+005   7.6857E+004   2.3659E+004   6.7752E+003   1.7886E+003   4.5441E+002   1.1091E+002   2.4561E+001
 1621040126.78966950    0.0300   2.0022E+007  999.0000   8.2242E+005   1.1705E+006   1.6530E+006   2.2654E+006   3.0162E+006   3.8508E+006   4.6095E+006   5.0081E+006   4.7290E+006   3.6310E+006   2.0641E+006   7.5733E+005   1.4364E+005   1.0707E+004   1.9930E+002   5.3215E-001   7.0693E-005   1.4981E-010   7.2160E-019   1.2595E-031
 1621040129.64864680    0.0304   2.0028E+007    3.5300   2.6991E+006   3.6429E+006   4.7638E+006   5.8817E+006   6.7929E+006   7.1794E+006   6.7649E+006   5.5577E+006   3.9043E+006   2.3224E+006   1.1765E+006   5.1451E+005   1.9620E+005   6.7832E+004   2.1557E+004   6.5214E+003   1.8544E+003   5.1454E+002   1.3865E+002   3.4345E+001
 1621040132.49631020    0.0303   2.0026E+007    3.6500   2.5531E+006   3.4576E+006   4.5435E+006   5.6457E+006   6.5750E+006   7.0218E+006   6.6970E+006   5.5716E+006   3.9590E+006   2.3738E+006   1.2053E+006   5.2449E+005   1.9746E+005   6.6906E+004   2.0704E+004   6.0685E+003   1.6645E+003   4.4423E+002   1.1487E+002   2.7201E+001
 1621040135.36466650    0.0300   2.4397E+007  999.0000   1.4672E+006   2.0746E+006   2.9011E+006   3.9204E+006   5.1131E+006   6.3321E+006   7.2467E+006   7.3740E+006   6.3237E+006   4.2147E+006   1.9490E+006   5.2906E+005   6.4325E+004   2.5161E+003   1.8273E+001   1.2648E-002   2.3320E-007   2.9668E-014   2.6019E-024   1.2091E-039
 1621040138.22364380    0.0304   2.4402E+007    3.4200   5.0061E+006   6.6103E+006   8.3797E+006   9.9296E+006   1.0863E+007   1.0717E+007   9.2923E+006   6.9579E+006   4.4374E+006   2.4066E+006   1.1256E+006   4.6261E+005   1.6901E+005   5.7074E+004   1.8012E+004   5.4828E+003   1.5853E+003   4.5060E+002   1.2509E+002   3.2107E+001
 1621040141.07130720    0.0303   2.4401E+007    3.5400   4.7050E+006   6.2424E+006   7.9662E+006   9.5210E+006   1.0530E+007   1.0524E+007   9.2578E+006   7.0290E+006   4.5334E+006   2.4737E+006   1.1560E+006   4.7088E+005   1.6915E+005   5.5776E+004   1.7086E+004   5.0272E+003   1.3994E+003   3.8210E+002   1.0169E+002   2.4934E+001
 1621040143.93615290    0.0403   3.0282E+007    3.6800   4.8029E+006   6.4438E+006   8.3542E+006   1.0194E+007   1.1586E+007   1.1984E+007   1.0980E+007   8.7141E+006   5.8740E+006   3.3331E+006   1.6038E+006   6.6424E+005   2.3932E+005   7.8131E+004   2.3434E+004   6.6933E+003   1.7956E+003   4.7021E+002   1.1955E+002   2.7862E+001
 1621040146.78381250    0.0400   3.5229E+007  999.0000   2.4688E+006   3.4802E+006   4.8445E+006   6.5041E+006   8.4024E+006   1.0260E+007   1.1500E+007   1.1353E+007   9.3118E+006   5.8131E+006   2.4433E+006   5.7703E+005   5.7131E+004   1.6594E+003   7.8090E+000   2.9038E-003   2.1621E-008   7.5940E-016   1.0750E-026   3.4259E-043
 1621040149.65216110    0.0500   4.4363E+007  999.0000   3.1531E+006   4.4436E+006   6.1829E+006   8.2958E+006   1.0707E+007   1.3057E+007   1.4605E+007   1.4376E+007   1.1741E+007   7.2832E+006   3.0330E+006   7.0672E+005   6.8595E+004   1.9358E+003   8.7357E+000   3.0591E-003   2.0869E-008   6.4746E-016   7.6897E-027   1.8948E-043
 1621040152.51114990    0.0500   4.4363E+007  999.0000   3.1531E+006   4.4436E+006   6.1829E+006   8.2958E+006   1.0707E+007   1.3057E+007   1.4605E+007   1.4376E+007   1.1741E+007   7.2832E+006   3.0330E+006   7.0672E+005   6.8595E+004   1.9358E+003   8.7357E+000   3.0591E-003   2.0869E-008   6.4746E-016   7.6897E-027   1.8948E-043
 1621040155.35880950    0.0500   4.4363E+007  999.0000   3.1531E+006   4.4436E+006   6.1829E+006   8.2958E+006   1.0707E+007   1.3057E+007   1.4605E+007   1.4376E+007   1.1741E+007   7.2832E+006   3.0330E+006   7.0672E+005   6.8595E+004   1.9358E+003   8.7357E+000   3.0591E-003   2.0869E-008   6.4746E-016   7.6897E-027   1.8948E-043
 1621040158.22715810    0.0600   5.5266E+007  999.0000   4.2194E+006   5.9373E+006   8.2424E+006   1.1023E+007   1.4159E+007   1.7145E+007   1.8980E+007   1.8400E+007   1.4695E+007   8.8219E+006   3.5022E+006   7.6107E+005   6.6649E+004   1.6206E+003   5.8861E+000   1.5110E-003   6.5553E-009   1.0711E-016   5.1395E-028   3.3608E-045
 1621040161.08614680    0.0604   5.5271E+007    3.6200   1.2842E+007   1.6878E+007   2.1250E+007   2.4946E+007   2.6939E+007   2.6107E+007   2.2109E+007   1.6063E+007   9.8677E+006   5.1172E+006   2.2734E+006   8.8227E+005   3.0270E+005   9.5661E+004   2.8163E+004   7.9858E+003   2.1452E+003   5.6613E+002   1.4575E+002   3.4537E+001
 1621040163.93381020    0.0607   5.5275E+007    3.3900   1.4397E+007   1.8734E+007   2.3265E+007   2.6838E+007   2.8358E+007   2.6788E+007   2.2075E+007   1.5641E+007   9.4309E+006   4.8535E+006   2.1705E+006   8.6089E+005   3.0645E+005   1.0175E+005   3.1808E+004   9.6477E+003   2.7916E+003   7.9667E+002   2.2257E+002   5.7608E+001
 1621040166.80217030    0.0706   5.3496E+007    3.6200   8.8741E+006   1.1874E+007   1.5335E+007   1.8619E+007   2.1023E+007   2.1568E+007   1.9572E+007   1.5375E+007   1.0264E+007   5.7798E+006   2.7691E+006   1.1467E+006   4.1499E+005   1.3665E+005   4.1494E+004   1.2031E+004   3.2848E+003   8.7673E+002   2.2751E+002   5.4220E+001
 1621040169.66115470    0.0709   5.3499E+007    3.4500   9.6512E+006   1.2836E+007   1.6440E+007   1.9744E+007   2.1985E+007   2.2173E+007   1.9740E+007   1.5216E+007   9.9966E+006   5.5750E+006   2.6701E+006   1.1175E+006   4.1338E+005   1.4055E+005   4.4448E+004   1.3508E+004   3.8881E+003   1.0979E+003   3.0233E+002   7.6850E+001
 1621040172.50880720    0.0708   5.3498E+007    3.5400   9.2119E+006   1.2293E+007   1.5818E+007   1.9113E+007   2.1448E+007   2.1838E+007   1.9649E+007   1.5305E+007   1.0144E+007   5.6877E+006   2.7249E+006   1.1341E+006   4.1467E+005   1.3861E+005   4.2898E+004   1.2716E+004   3.5590E+003   9.7541E+002   2.6028E+002   6.3939E+001
 1621040175.37716720    0.0804   6.0257E+007    3.8800   8.7272E+006   1.1777E+007   1.5394E+007   1.8988E+007   2.1886E+007   2.3036E+007   2.1538E+007   1.7455E+007   1.1990E+007   6.8915E+006   3.3268E+006   1.3658E+006   4.8141E+005   1.5190E+005   4.3561E+004   1.1800E+004   2.9802E+003   7.3131E+002   1.7356E+002   3.7521E+001
 1621040178.23615190    0.0813   6.0266E+007    3.4000   1.0877E+007   1.4458E+007   1.8501E+007   2.2198E+007   2.4688E+007   2.4870E+007   2.2122E+007   1.7049E+007   1.1215E+007   6.2745E+006   3.0219E+006   1.2750E+006   4.7664E+005   1.6412E+005   5.2655E+004   1.6254E+004   4.7580E+003   1.3672E+003   3.8337E+002   9.9360E+001
 1621040181.08380410    0.0800   6.0251E+007  999.0000   3.1256E+006   4.4315E+006   6.2221E+006   8.4571E+006   1.1124E+007   1.3950E+007   1.6263E+007   1.7002E+007   1.5171E+007   1.0718E+007   5.3965E+006   1.6585E+006   2.4217E+005   1.2353E+004   1.3215E+002   1.5937E-001   6.6141E-006   2.6681E-012   1.2066E-021   6.3071E-036
 1621040183.95216420    0.1000   7.2449E+007  999.0000   3.4876E+006   4.9511E+006   6.9651E+006   9.4931E+006   1.2538E+007   1.5817E+007   1.8603E+007   1.9700E+007   1.7914E+007   1.3013E+007   6.8230E+006   2.2247E+006   3.5450E+005   2.0524E+004   2.6415E+002   4.1528E-001   2.5401E-005   1.7805E-011   1.7686E-020   2.9629E-034
 1621040186.81115250    0.1000   7.2449E+007  999.0000   3.4876E+006   4.9511E+006   6.9651E+006   9.4931E+006   1.2538E+007   1.5817E+007   1.8603E+007   1.9700E+007   1.7914E+007   1.3013E+007   6.8230E+006   2.2247E+006   3.5450E+005   2.0524E+004   2.6415E+002   4.1528E-001   2.5401E-005   1.7805E-011   1.7686E-020   2.9629E-034
 1621040189.65881230    0.1000   7.2449E+007  999.0000   3.4876E+006   4.9511E+006   6.9651E+006   9.4931E+006   1.2538E+007   1.5817E+007   1.8603E+007   1.9700E+007   1.7914E+007   1.3013E+007   6.8230E+006   2.2247E+006   3.5450E+005   2.0524E+004   2.6415E+002   4.1528E-001   2.5401E-005   1.7805E-011   1.7686E-020   2.9629E-034
 1621040192.52716110    0.1200   8.2390E+007  999.0000   3.5750E+006   5.0838E+006   7.1702E+006   9.8083E+006   1.3024E+007   1.6561E+007   1.9707E+007   2.1227E+007   1.9792E+007   1.4916E+007   8.2520E+006   2.9099E+006   5.2053E+005   3.5641E+004   5.8600E+002   1.3093E+000   1.3398E-004   1.9562E-010   5.5348E-019   4.3806E-032
 1621040195.38614990    0.1200   8.2390E+007  999.0000   3.5750E+006   5.0838E+006   7.1702E+006   9.8083E+006   1.3024E+007   1.6561E+007   1.9707E+007   2.1227E+007   1.9792E+007   1.4916E+007   8.2520E+006   2.9099E+006   5.2053E+005   3.5641E+004   5.8600E+002   1.3093E+000   1.3398E-004   1.9562E-010   5.5348E-019   4.3806E-032
 1621040198.23380920    0.1200   8.2390E+007  999.0000   3.5750E+006   5.0838E+006   7.1702E+006   9.8083E+006   1.3024E+007   1.6561E+007   1.9707E+007   2.1227E+007   1.9792E+007   1.4916E+007   8.2520E+006   2.9099E+006   5.2053E+005   3.5641E+004   5.8600E+002   1.3093E+000   1.3398E-004   1.9562E-010   5.5348E-019   4.3806E-032
 1621040201.10215830    0.1400   9.7489E+007  999.0000   4.3472E+006   6.1793E+006   8.7094E+006   1.1903E+007   1.5783E+007   2.0028E+007   2.3762E+007   2.5482E+007   2.3607E+007   1.7623E+007   9.6160E+006   3.3231E+006   5.7699E+005   3.7836E+004   5.8403E+002   1.1919E+000   1.0681E-004   1.2905E-010   2.7867E-019   1.4766E-032
 1621040203.96114680    0.1400   9.7489E+007  999.0000   4.3472E+006   6.1793E+006   8.7094E+006   1.1903E+007   1.5783E+007   2.0028E+007   2.3762E+007   2.5482E+007   2.3607E+007   1.7623E+007   9.6160E+006   3.3231E+006   5.7699E+005   3.7836E+004   5.8403E+002   1.1919E+000   1.0681E-004   1.2905E-010   2.7867E-019   1.4766E-032
 1621040206.80881020    0.1604   1.0650E+008    4.3800   1.0433E+007   1.4336E+007   1.9234E+007   2.4570E+007   2.9682E+007   3.3219E+007   3.3510E+007   2.9623E+007   2.2305E+007   1.3971E+007   7.2117E+006   3.0732E+006   1.0840E+006   3.2940E+005   8.7775E+004   2.1457E+004   4.7655E+003   1.0103E+003   2.0420E+002   3.6892E+001
 1621040209.67717030    0.1606   1.0651E+008    4.1800   1.1061E+007   1.5153E+007   2.0242E+007   2.5706E+007   3.0812E+007   3.4134E+007   3.4011E+007   2.9659E+007   2.2037E+007   1.3662E+007   7.0246E+006   3.0094E+006   1.0794E+006   3.3740E+005   9.3524E+004   2.3995E+004   5.6402E+003   1.2725E+003   2.7497E+002   5.3477E+001
 1621040212.53615500    0.1600   1.0650E+008  999.0000   4.3518E+006   6.1943E+006   8.7488E+006   1.1992E+007   1.5970E+007   2.0397E+007   2.4429E+007   2.6563E+007   2.5112E+007   1.9315E+007   1.1008E+007   4.0538E+006   7.7308E+005   5.8085E+004   1.0938E+003   2.9694E+000   4.0419E-004   8.8686E-010   4.4895E-018   8.4370E-031
 1621040215.38380720    0.1800   1.1504E+008  999.0000   4.3446E+006   6.1915E+006   8.7604E+006   1.2039E+007   1.6093E+007   2.0667E+007   2.4956E+007   2.7461E+007   2.6420E+007   2.0851E+007   1.2339E+007   4.7999E+006   9.9258E+005   8.3877E+004   1.8753E+003   6.5147E+000   1.2729E-003   4.6804E-009   4.9577E-017   2.7970E-029
 1621040218.25216720    0.1800   1.1504E+008  999.0000   4.3446E+006   6.1915E+006   8.7604E+006   1.2039E+007   1.6093E+007   2.0667E+007   2.4956E+007   2.7461E+007   2.6420E+007   2.0851E+007   1.2339E+007   4.7999E+006   9.9258E+005   8.3877E+004   1.8753E+003   6.5147E+000   1.2729E-003   4.6804E-009   4.9577E-017   2.7970E-029
 1621040221.11115190    0.1800   1.1504E+008  999.0000   4.3446E+006   6.1915E+006   8.7604E+006   1.2039E+007   1.6093E+007   2.0667E+007   2.4956E+007   2.7461E+007   2.6420E+007   2.0851E+007   1.2339E+007   4.7999E+006   9.9258E+005   8.3877E+004   1.8753E+003   6.5147E+000   1.2729E-003   4.6804E-009   4.9577E-017   2.7970E-029
 1621040223.95880410    0.2100   1.2917E+008  999.0000   4.5293E+006   6.4616E+006   9.1574E+006   1.2613E+007   1.6918E+007   2.1837E+007   2.6564E+007   2.9547E+007   2.8882E+007   2.3331E+007   1.4284E+007   5.8395E+006   1.2994E+006   1.2213E+005   3.1899E+003   1.3857E+001   3.7572E-003   2.2072E-008   4.5725E-016   7.0155E-028
 1621040226.82716420    0.2100   1.2917E+008  999.0000   4.5293E+006   6.4616E+006   9.1574E+006   1.2613E+007   1.6918E+007   2.1837E+007   2.6564E+007   2.9547E+007   2.8882E+007   2.3331E+007   1.4284E+007   5.8395E+006   1.2994E+006   1.2213E+005   3.1899E+003   1.3857E+001   3.7572E-003   2.2072E-008   4.5725E-016   7.0155E-028
 1621040229.68615270    0.2100   1.2917E+008  999.0000   4.5293E+006   6.4616E+006   9.1574E+006   1.2613E+007   1.6918E+007   2.1837E+007   2.6564E+007   2.9547E+007   2.8882E+007   2.3331E+007   1.4284E+007   5.8395E+006   1.2994E+006   1.2213E+005   3.1899E+003   1.3857E+001   3.7572E-003   2.2072E-008   4.5725E-016   7.0155E-028
 1621040232.53381230    0.2200   1.4052E+008  999.0000   5.3013E+006   7.5550E+006   1.0690E+007   1.4691E+007   1.9639E+007   2.5223E+007   3.0461E+007   3.3524E+007   3.2261E+007   2.5469E+007   1.5079E+007   5.8705E+006   1.2153E+006   1.0286E+005   2.3050E+003   8.0344E+000   1.5775E-003   5.8413E-009   6.2496E-017   3.5788E-029
 1621040235.40216110    0.2200   1.4052E+008  999.0000   5.3013E+006   7.5550E+006   1.0690E+007   1.4691E+007   1.9639E+007   2.5223E+007   3.0461E+007   3.3524E+007   3.2261E+007   2.5469E+007   1.5079E+007   5.8705E+006   1.2153E+006   1.0286E+005   2.3050E+003   8.0344E+000   1.5775E-003   5.8413E-009   6.2496E-017   3.5788E-029
 1621040238.26114610    0.2200   1.4052E+008  999.0000   5.3013E+006   7.5550E+006   1.0690E+007   1.4691E+007   1.9639E+007   2.5223E+007   3.0461E+007   3.3524E+007   3.2261E+007   2.5469E+007   1.5079E+007   5.8705E+006   1.2153E+006   1.0286E+005   2.3050E+003   8.0344E+000   1.5775E-003   5.8413E-009   6.2496E-017   3.5788E-029
 1621040241.10879800    0.2200   1.5310E+008  999.0000   6.8185E+006   9.6922E+006   1.3661E+007   1.8671E+007   2.4758E+007   3.1421E+007   3.7284E+007   3.9992E+007   3.7059E+007   2.7678E+007   1.5112E+007   5.2273E+006   9.0885E+005   5.9715E+004   9.2444E+002   1.8944E+000   1.7080E-004   2.0818E-010   4.5514E-019   2.4565E-032
 1621040243.97715810    0.2400   1.5018E+008  999.0000   5.4450E+006   7.7642E+006   1.0996E+007   1.5130E+007   2.0263E+007   2.6095E+007   3.1640E+007   3.5025E+007   3.3996E+007   2.7179E+007   1.6390E+007   6.5540E+006   1.4116E+006   1.2654E+005   3.0842E+003   1.2130E+001   2.8426E-003   1.3555E-008   2.0831E-016   2.0468E-028
 1621040246.83614680    0.2406   1.5019E+008    4.4700   1.2792E+007   1.7666E+007   2.3873E+007   3.0797E+007   3.7712E+007   4.2982E+007   4.4396E+007   4.0395E+007   3.1445E+007   2.0406E+007   1.0899E+007   4.7820E+006   1.7235E+006   5.2995E+005   1.4153E+005   3.4371E+004   7.5277E+003   1.5648E+003   3.0873E+002   5.4196E+001
 1621040249.68381020    0.2405   1.6168E+008    4.4200   1.6026E+007   2.2017E+007   2.9530E+007   3.7705E+007   4.5519E+007   5.0891E+007   5.1262E+007   4.5220E+007   3.3946E+007   2.1173E+007   1.0869E+007   4.5992E+006   1.6083E+006   4.8377E+005   1.2745E+005   3.0773E+004   6.7442E+003   1.4101E+003   2.8093E+002   4.9978E+001
 1621040252.55216650    0.2408   1.6168E+008    4.2200   1.6969E+007   2.3242E+007   3.1039E+007   3.9405E+007   4.7206E+007   5.2254E+007   5.2000E+007   4.5262E+007   3.3538E+007   2.0711E+007   1.0593E+007   4.5069E+006   1.6027E+006   4.9600E+005   1.3593E+005   3.4450E+004   7.9905E+003   1.7780E+003   3.7872E+002   7.2523E+001
 1621040255.41465810    0.2409   1.6168E+008    4.1700   1.7230E+007   2.3582E+007   3.1455E+007   3.9870E+007   4.7663E+007   5.2618E+007   5.2191E+007   4.5266E+007   3.3426E+007   2.0588E+007   1.0520E+007   4.4828E+006   1.6011E+006   4.9915E+005   1.3818E+005   3.5453E+004   8.3419E+003   1.8855E+003   4.0842E+002   7.9669E+001
 1621040258.27364680    0.2307   1.6756E+008    4.1700   2.0653E+007   2.8112E+007   3.7203E+007   4.6650E+007   5.4953E+007   5.9479E+007   5.7514E+007   4.8364E+007   3.4459E+007   2.0420E+007   1.0039E+007   4.1261E+006   1.4276E+006   4.3366E+005   1.1763E+005   2.9721E+004   6.9143E+003   1.5502E+003   3.3387E+002   6.4857E+001
 1621040261.12131020    0.2305   1.6755E+008    4.3400   1.9638E+007   2.6807E+007   3.5623E+007   4.4915E+007   5.3297E+007   5.8226E+007   5.6932E+007   4.8450E+007   3.4908E+007   2.0851E+007   1.0269E+007   4.1929E+006   1.4269E+006   4.2213E+005   1.1049E+005   2.6748E+004   5.9218E+003   1.2580E+003   2.5579E+002   4.6648E+001
 1621040263.98966650    0.2300   1.6755E+008  999.0000   8.1510E+006   1.1569E+007   1.6271E+007   2.2168E+007   2.9261E+007   3.6885E+007   4.3329E+007   4.5802E+007   4.1540E+007   3.0059E+007   1.5672E+007   5.0684E+006   7.9790E+005   4.5391E+004   5.6939E+002   8.6283E-001   5.0010E-005   3.2466E-011   2.8909E-020   4.1189E-034
 1621040266.84864380    0.2200   1.7887E+008  999.0000   1.0752E+007   1.5203E+007   2.1260E+007   2.8730E+007   3.7472E+007   4.6407E+007   5.3113E+007   5.4051E+007   4.6359E+007   3.0904E+007   1.4295E+007   3.8820E+006   4.7228E+005   1.8490E+004   1.3446E+002   9.3242E-002   1.7238E-006   2.2015E-013   1.9413E-023   9.0944E-039
 1621040269.69630720    0.2200   1.7887E+008  999.0000   1.0752E+007   1.5203E+007   2.1260E+007   2.8730E+007   3.7472E+007   4.6407E+007   5.3113E+007   5.4051E+007   4.6359E+007   3.0904E+007   1.4295E+007   3.8820E+006   4.7228E+005   1.8490E+004   1.3446E+002   9.3242E-002   1.7238E-006   2.2015E-013   1.9413E-023   9.0944E-039
 1621040272.56466340    0.2200   1.7887E+008  999.0000   1.0752E+007   1.5203E+007   2.1260E+007   2.8730E+007   3.7472E+007   4.6407E+007   5.3113E+007   5.4051E+007   4.6359E+007   3.0904E+007   1.4295E+007   3.8820E+006   4.7228E+005   1.8490E+004   1.3446E+002   9.3242E-002   1.7238E-006   2.2015E-013   1.9413E-023   9.0944E-039
 1621040275.42364070    0.2000   1.7560E+008  999.0000   1.2232E+007   1.7245E+007   2.4010E+007   3.2244E+007   4.1671E+007   5.0913E+007   5.7116E+007   5.6454E+007   4.6388E+007   2.9036E+007   1.2252E+007   2.9099E+006   2.9053E+005   8.5413E+003   4.0911E+001   1.5602E-002   1.2053E-007   4.4605E-015   6.7986E-026   2.4147E-042
 1621040278.27130410    0.2000   1.7560E+008  999.0000   1.2232E+007   1.7245E+007   2.4010E+007   3.2244E+007   4.1671E+007   5.0913E+007   5.7116E+007   5.6454E+007   4.6388E+007   2.9036E+007   1.2252E+007   2.9099E+006   2.9053E+005   8.5413E+003   4.0911E+001   1.5602E-002   1.2053E-007   4.4605E-015   6.7986E-026   2.4147E-042
 1621040281.13966420    0.2000   1.7560E+008  999.0000   1.2232E+007   1.7245E+007   2.4010E+007   3.2244E+007   4.1671E+007   5.0913E+007   5.7116E+007   5.6454E+007   4.6388E+007   2.9036E+007   1.2252E+007   2.9099E+006   2.9053E+005   8.5413E+003   4.0911E+001   1.5602E-002   1.2053E-007   4.4605E-015   6.7986E-026   2.4147E-042
 1621040283.99864890    0.1700   1.8009E+008  999.0000   1.7947E+007   2.5097E+007   3.4517E+007   4.5551E+007   5.7379E+007   6.7501E+007   7.1609E+007   6.5244E+007   4.7564E+007   2.4974E+007   8.1544E+006   1.3328E+006   7.6699E+004   1.0156E+003   1.5229E+000   1.1045E-004   7.6214E-011   9.2710E-020   1.1481E-032   3.6620E-052
 1621040286.84630110    0.1700   1.8009E+008  999.0000   1.7947E+007   2.5097E+007   3.4517E+007   4.5551E+007   5.7379E+007   6.7501E+007   7.1609E+007   6.5244E+007   4.7564E+007   2.4974E+007   8.1544E+006   1.3328E+006   7.6699E+004   1.0156E+003   1.5229E+000   1.1045E-004   7.6214E-011   9.2710E-020   1.1481E-032   3.6620E-052
 1621040289.71466140    0.1700   1.8009E+008  999.0000   1.7947E+007   2.5097E+007   3.4517E+007   4.5551E+007   5.7379E+007   6.7501E+007   7.1609E+007   6.5244E+007   4.7564E+007   2.4974E+007   8.1544E+006   1.3328E+006   7.6699E+004   1.0156E+003   1.5229E+000   1.1045E-004   7.6214E-011   9.2710E-020   1.1481E-032   3.6620E-052
 1621040292.57364610    0.1600   1.8933E+008  999.0000   2.3262E+007   3.2349E+007   4.4121E+007   5.7533E+007   7.1214E+007   8.1637E+007   8.3361E+007   7.1842E+007   4.8262E+007   2.2474E+007   6.1601E+006   7.8019E+005   3.0839E+004   2.3719E+002   1.6150E-001   3.7993E-006   5.1224E-013   6.2639E-023   3.1137E-037   9.5844E-059
 1621040295.42129800    0.1600   1.8933E+008  999.0000   2.3262E+007   3.2349E+007   4.4121E+007   5.7533E+007   7.1214E+007   8.1637E+007   8.3361E+007   7.1842E+007   4.8262E+007   2.2474E+007   6.1601E+006   7.8019E+005   3.0839E+004   2.3719E+002   1.6150E-001   3.7993E-006   5.1224E-013   6.2639E-023   3.1137E-037   9.5844E-059
 1621040298.28965830    0.1300   1.9327E+008  999.0000   3.6402E+007   4.9936E+007   6.6728E+007   8.4505E+007   1.0021E+008   1.0783E+008   1.0029E+008   7.5438E+007   4.1494E+007   1.4409E+007   2.5752E+006   1.7499E+005   2.7672E+003   5.6700E+000   5.6699E-004   8.7319E-010   2.3003E-018   1.1496E-030   2.7851E-048   1.6413E-074
 1621040301.14864680    0.1300   1.9327E+008  999.0000   3.6402E+007   4.9936E+007   6.6728E+007   8.4505E+007   1.0021E+008   1.0783E+008   1.0029E+008   7.5438E+007   4.1494E+007   1.4409E+007   2.5752E+006   1.7499E+005   2.7672E+003   5.6700E+000   5.6699E-004   8.7319E-010   2.3003E-018   1.1496E-030   2.7851E-048   1.6413E-074
 1621040303.99631020    0.1300   1.9327E+008  999.0000   3.6402E+007   4.9936E+007   6.6728E+007   8.4505E+007   1.0021E+008   1.0783E+008   1.0029E+008   7.5438E+007   4.1494E+007   1.4409E+007   2.5752E+006   1.7499E+005   2.7672E+003   5.6700E+000   5.6699E-004   8.7319E-010   2.3003E-018   1.1496E-030   2.7851E-048   1.6413E-074
 1621040306.86466650    0.1200   1.8394E+008  999.0000   3.6665E+007   5.0192E+007   6.6861E+007   8.4299E+007   9.9317E+007   1.0585E+008   9.7058E+007   7.1510E+007   3.8157E+007   1.2672E+007   2.1224E+006   1.3122E+005   1.8059E+003   3.0285E+000   2.2662E-004   2.3138E-010   3.3755E-019   7.4180E-032   5.8020E-050   6.9482E-077
 1621040309.72715810    0.1200   1.8394E+008  999.0000   3.6665E+007   5.0192E+007   6.6861E+007   8.4299E+007   9.9317E+007   1.0585E+008   9.7058E+007   7.1510E+007   3.8157E+007   1.2672E+007   2.1224E+006   1.3122E+005   1.8059E+003   3.0285E+000   2.2662E-004   2.3138E-010   3.3755E-019   7.4180E-032   5.8020E-050   6.9482E-077
 1621040312.58614680    0.1200   1.8394E+008  999.0000   3.6665E+007   5.0192E+007   6.6861E+007   8.4299E+007   9.9317E+007   1.0585E+008   9.7058E+007   7.1510E+007   3.8157E+007   1.2672E+007   2.1224E+006   1.3122E+005   1.8059E+003   3.0285E+000   2.2662E-004   2.3138E-010   3.3755E-019   7.4180E-032   5.8020E-050   6.9482E-077
 1621040315.43381020    0.1000   1.8609E+008  999.0000   5.2971E+007   7.1452E+007   9.3098E+007   1.1373E+008   1.2792E+008   1.2732E+008   1.0553E+008   6.7123E+007   2.8859E+007   6.9824E+006   7.3733E+005   2.3310E+004   1.1979E+002   4.8629E-002   4.6880E-007   2.6430E-014   6.0886E-025   4.3278E-040   1.3460E-061   2.9225E-093
 1621040318.30216650    0.1000   1.8609E+008  999.0000   5.2971E+007   7.1452E+007   9.3098E+007   1.1373E+008   1.2792E+008   1.2732E+008   1.0553E+008   6.7123E+007   2.8859E+007   6.9824E+006   7.3733E+005   2.3310E+004   1.1979E+002   4.8629E-002   4.6880E-007   2.6430E-014   6.0886E-025   4.3278E-040   1.3460E-061   2.9225E-093
 1621040321.16114380    0.1000   1.8609E+008  999.0000   5.2971E+007   7.1452E+007   9.3098E+007   1.1373E+008   1.2792E+008   1.2732E+008   1.0553E+008   6.7123E+007   2.8859E+007   6.9824E+006   7.3733E+005   2.3310E+004   1.1979E+002   4.8629E-002   4.6880E-007   2.6430E-014   6.0886E-025   4.3278E-040   1.3460E-061   2.9225E-093
 1621040324.00880720    0.0900   1.7732E+008  999.0000   5.5981E+007   7.5142E+007   9.7188E+007   1.1748E+008   1.3012E+008   1.2659E+008   1.0146E+008   6.1450E+007   2.4589E+007   5.3541E+006   4.8501E+005   1.2270E+004   4.5472E+001   1.1538E-002   5.6495E-008   1.2265E-015   7.2490E-027   7.9566E-043   1.9747E-065   1.3185E-098
 1621040326.87716720    0.0900   1.7732E+008  999.0000   5.5981E+007   7.5142E+007   9.7188E+007   1.1748E+008   1.3012E+008   1.2659E+008   1.0146E+008   6.1450E+007   2.4589E+007   5.3541E+006   4.8501E+005   1.2270E+004   4.5472E+001   1.1538E-002   5.6495E-008   1.2265E-015   7.2490E-027   7.9566E-043   1.9747E-065   1.3185E-098
