          0.00000000    0.0000   0.0000E+000    0.0000   3.0000E-002   4.4000E-002   6.5000E-002   9.5000E-002   1.3900E-001   2.0400E-001   3.0000E-001   4.4000E-001   6.4600E-001   9.4900E-001   1.3920E+000   2.0400E+000   3.0000E+000   4.4000E+000   6.4600E+000   9.4500E+000   1.3900E+001   2.0400E+001   3.0000E+001   4.5000E+001
 1620779720.51766800    0.0200   1.7103E+006  999.0000   1.2198E+003   1.7822E+003   2.6177E+003   3.7944E+003   5.4851E+003   7.9076E+003   1.1326E+004   1.5984E+004   2.2177E+004   2.9976E+004   3.8930E+004   4.7749E+004   5.3945E+004   5.3870E+004   4.4937E+004   2.8953E+004   1.2584E+004   3.1206E+003   3.3400E+002   8.4662E+000
 1620779723.37782810    0.0200   1.7103E+006  999.0000   1.2198E+003   1.7822E+003   2.6177E+003   3.7944E+003   5.4851E+003   7.9076E+003   1.1326E+004   1.5984E+004   2.2177E+004   2.9976E+004   3.8930E+004   4.7749E+004   5.3945E+004   5.3870E+004   4.4937E+004   2.8953E+004   1.2584E+004   3.1206E+003   3.3400E+002   8.4662E+000
 1620779726.25517110    0.0200   1.7103E+006  999.0000   1.2198E+003   1.7822E+003   2.6177E+003   3.7944E+003   5.4851E+003   7.9076E+003   1.1326E+004   1.5984E+004   2.2177E+004   2.9976E+004   3.8930E+004   4.7749E+004   5.3945E+004   5.3870E+004   4.4937E+004   2.8953E+004   1.2584E+004   3.1206E+003   3.3400E+002   8.4662E+000
 1620779729.11181640    0.0100   1.2318E+006  999.0000   1.8166E+003   2.6496E+003   3.8818E+003   5.6064E+003   8.0614E+003   1.1530E+004   1.6324E+004   2.2652E+004   3.0652E+004   3.9941E+004   4.9165E+004   5.5757E+004   5.6091E+004   4.7300E+004   3.0775E+004   1.3833E+004   3.5226E+003   4.0123E+002   1.3695E+001   5.9052E-002
 1620779731.97783420    0.0100   1.2318E+006  999.0000   1.8166E+003   2.6496E+003   3.8818E+003   5.6064E+003   8.0614E+003   1.1530E+004   1.6324E+004   2.2652E+004   3.0652E+004   3.9941E+004   4.9165E+004   5.5757E+004   5.6091E+004   4.7300E+004   3.0775E+004   1.3833E+004   3.5226E+003   4.0123E+002   1.3695E+001   5.9052E-002
 1620779734.85517740    0.0100   1.2318E+006  999.0000   1.8166E+003   2.6496E+003   3.8818E+003   5.6064E+003   8.0614E+003   1.1530E+004   1.6324E+004   2.2652E+004   3.0652E+004   3.9941E+004   4.9165E+004   5.5757E+004   5.6091E+004   4.7300E+004   3.0775E+004   1.3833E+004   3.5226E+003   4.0123E+002   1.3695E+001   5.9052E-002
 1620779737.71533390    0.0100   9.1298E+005  999.0000   7.4187E+002   1.0836E+003   1.5910E+003   2.3049E+003   3.3291E+003   4.7936E+003   6.8536E+003   9.6474E+003   1.3333E+004   1.7921E+004   2.3084E+004   2.7975E+004   3.1046E+004   3.0208E+004   2.4255E+004   1.4786E+004   5.9194E+003   1.3023E+003   1.1689E+002   2.2549E+000
 1620779740.59266520    0.0100   9.1298E+005  999.0000   7.4187E+002   1.0836E+003   1.5910E+003   2.3049E+003   3.3291E+003   4.7936E+003   6.8536E+003   9.6474E+003   1.3333E+004   1.7921E+004   2.3084E+004   2.7975E+004   3.1046E+004   3.0208E+004   2.4255E+004   1.4786E+004   5.9194E+003   1.3023E+003   1.1689E+002   2.2549E+000
 1620779743.45282510    0.0100   1.3614E+006  999.0000   2.4493E+003   3.5704E+003   5.2262E+003   7.5387E+003   1.0820E+004   1.5434E+004   2.1764E+004   3.0024E+004   4.0282E+004   5.1831E+004   6.2636E+004   6.9146E+004   6.6838E+004   5.3179E+004   3.1768E+004   1.2617E+004   2.6742E+003   2.3324E+002   5.3813E+000   1.2662E-002
 1620779746.33016800    0.0100   1.3614E+006  999.0000   2.4493E+003   3.5704E+003   5.2262E+003   7.5387E+003   1.0820E+004   1.5434E+004   2.1764E+004   3.0024E+004   4.0282E+004   5.1831E+004   6.2636E+004   6.9146E+004   6.6838E+004   5.3179E+004   3.1768E+004   1.2617E+004   2.6742E+003   2.3324E+002   5.3813E+000   1.2662E-002
 1620779749.18681340    0.0100   1.3614E+006  999.0000   2.4493E+003   3.5704E+003   5.2262E+003   7.5387E+003   1.0820E+004   1.5434E+004   2.1764E+004   3.0024E+004   4.0282E+004   5.1831E+004   6.2636E+004   6.9146E+004   6.6838E+004   5.3179E+004   3.1768E+004   1.2617E+004   2.6742E+003   2.3324E+002   5.3813E+000   1.2662E-002
 1620779752.05283120    0.0100   2.1042E+006  999.0000   8.9790E+003   1.3045E+004   1.8999E+004   2.7211E+004   3.8646E+004   5.4279E+004   7.4805E+004   9.9805E+004   1.2748E+005   1.5259E+005   1.6592E+005   1.5696E+005   1.2072E+005   6.8858E+004   2.5229E+004   4.9385E+003   3.6677E+002   6.9785E+000   1.7332E-002   1.3128E-006
 1620779754.93017410    0.0100   2.1042E+006  999.0000   8.9790E+003   1.3045E+004   1.8999E+004   2.7211E+004   3.8646E+004   5.4279E+004   7.4805E+004   9.9805E+004   1.2748E+005   1.5259E+005   1.6592E+005   1.5696E+005   1.2072E+005   6.8858E+004   2.5229E+004   4.9385E+003   3.6677E+002   6.9785E+000   1.7332E-002   1.3128E-006
 1620779757.79033420    0.0100   2.1042E+006  999.0000   8.9790E+003   1.3045E+004   1.8999E+004   2.7211E+004   3.8646E+004   5.4279E+004   7.4805E+004   9.9805E+004   1.2748E+005   1.5259E+005   1.6592E+005   1.5696E+005   1.2072E+005   6.8858E+004   2.5229E+004   4.9385E+003   3.6677E+002   6.9785E+000   1.7332E-002   1.3128E-006
 1620779760.66767740    0.1770   0.0000E+000    2.0100   0.0000E+000   0.0000E+000   0.0000E+000   0.0000E+000   0.0000E+000   0.0000E+000   0.0000E+000   0.0000E+000   0.0000E+000   0.0000E+000   0.0000E+000   0.0000E+000   0.0000E+000   0.0000E+000   0.0000E+000   0.0000E+000   0.0000E+000   0.0000E+000   0.0000E+000   0.0000E+000
 1620779763.52431920    0.1770   0.0000E+000    2.0100   0.0000E+000   0.0000E+000   0.0000E+000   0.0000E+000   0.0000E+000   0.0000E+000   0.0000E+000   0.0000E+000   0.0000E+000   0.0000E+000   0.0000E+000   0.0000E+000   0.0000E+000   0.0000E+000   0.0000E+000   0.0000E+000   0.0000E+000   0.0000E+000   0.0000E+000   0.0000E+000
 1620779766.39032510    0.1770   0.0000E+000    2.0100   0.0000E+000   0.0000E+000   0.0000E+000   0.0000E+000   0.0000E+000   0.0000E+000   0.0000E+000   0.0000E+000   0.0000E+000   0.0000E+000   0.0000E+000   0.0000E+000   0.0000E+000   0.0000E+000   0.0000E+000   0.0000E+000   0.0000E+000   0.0000E+000   0.0000E+000   0.0000E+000
 1620779769.26766800    0.0000   0.0000E+000    2.0100          -NaN          -NaN          -NaN          -NaN          -NaN          -NaN          -NaN          -NaN          -NaN          -NaN          -NaN          -NaN          -NaN          -NaN          -NaN          -NaN          -NaN          -NaN          -NaN          -NaN
 1620779772.12782810    0.0000   0.0000E+000    2.0100          -NaN          -NaN          -NaN          -NaN          -NaN          -NaN          -NaN          -NaN          -NaN          -NaN          -NaN          -NaN          -NaN          -NaN          -NaN          -NaN          -NaN          -NaN          -NaN          -NaN
 1620779775.00517110    0.0000   0.0000E+000    2.0100          -NaN          -NaN          -NaN          -NaN          -NaN          -NaN          -NaN          -NaN          -NaN          -NaN          -NaN          -NaN          -NaN          -NaN          -NaN          -NaN          -NaN          -NaN          -NaN          -NaN
 1620779777.86533120    0.0000   0.0000E+000    2.0100          -NaN          -NaN          -NaN          -NaN          -NaN          -NaN          -NaN          -NaN          -NaN          -NaN          -NaN          -NaN          -NaN          -NaN          -NaN          -NaN          -NaN          -NaN          -NaN          -NaN
 1620779780.74267410    0.0000   0.0000E+000    2.0100          -NaN          -NaN          -NaN          -NaN          -NaN          -NaN          -NaN          -NaN          -NaN          -NaN          -NaN          -NaN          -NaN          -NaN          -NaN          -NaN          -NaN          -NaN          -NaN          -NaN
 1620779783.59931970    0.0000   1.1761E+006    2.0100          -NaN          -NaN          -NaN          -NaN          -NaN          -NaN          -NaN          -NaN          -NaN          -NaN          -NaN          -NaN          -NaN          -NaN          -NaN          -NaN          -NaN          -NaN          -NaN          -NaN
 1620779786.46533820    0.0000   1.1761E+006    2.0100          -NaN          -NaN          -NaN          -NaN          -NaN          -NaN          -NaN          -NaN          -NaN          -NaN          -NaN          -NaN          -NaN          -NaN          -NaN          -NaN          -NaN          -NaN          -NaN          -NaN
 1620779789.34268090    0.0000   1.1761E+006    2.0100          -NaN          -NaN          -NaN          -NaN          -NaN          -NaN          -NaN          -NaN          -NaN          -NaN          -NaN          -NaN          -NaN          -NaN          -NaN          -NaN          -NaN          -NaN          -NaN          -NaN
 1620779792.19932220    0.0100   4.2950E+006  999.0000   7.4759E+004   1.0755E+005   1.5434E+005   2.1642E+005   2.9800E+005   3.9983E+005   5.1503E+005   6.2270E+005   6.8810E+005   6.6563E+005   5.3022E+005   3.1834E+005   1.2498E+005   2.6800E+004   2.3395E+003   5.7712E+001   2.0107E-001   4.6055E-005   1.8574E-010   7.8474E-019
 1620779795.06532810    0.0100   4.2950E+006  999.0000   7.4759E+004   1.0755E+005   1.5434E+005   2.1642E+005   2.9800E+005   3.9983E+005   5.1503E+005   6.2270E+005   6.8810E+005   6.6563E+005   5.3022E+005   3.1834E+005   1.2498E+005   2.6800E+004   2.3395E+003   5.7712E+001   2.0107E-001   4.6055E-005   1.8574E-010   7.8474E-019
 1620779797.94267110    0.0100   4.2950E+006  999.0000   7.4759E+004   1.0755E+005   1.5434E+005   2.1642E+005   2.9800E+005   3.9983E+005   5.1503E+005   6.2270E+005   6.8810E+005   6.6563E+005   5.3022E+005   3.1834E+005   1.2498E+005   2.6800E+004   2.3395E+003   5.7712E+001   2.0107E-001   4.6055E-005   1.8574E-010   7.8474E-019
 1620779800.80283120    0.0100   4.2297E+006  999.0000   7.1445E+004   1.0281E+005   1.4760E+005   2.0711E+005   2.8544E+005   3.8350E+005   4.9500E+005   6.0023E+005   6.6615E+005   6.4850E+005   5.2138E+005   3.1730E+005   1.2709E+005   2.8057E+004   2.5558E+003   6.7043E+001   2.5571E-001   6.6719E-005   3.2484E-010   1.8249E-018
 1620779803.68017410    0.0100   4.2297E+006  999.0000   7.1445E+004   1.0281E+005   1.4760E+005   2.0711E+005   2.8544E+005   3.8350E+005   4.9500E+005   6.0023E+005   6.6615E+005   6.4850E+005   5.2138E+005   3.1730E+005   1.2709E+005   2.8057E+004   2.5558E+003   6.7043E+001   2.5571E-001   6.6719E-005   3.2484E-010   1.8249E-018
 1620779806.53681970    0.0100   4.2297E+006  999.0000   7.1445E+004   1.0281E+005   1.4760E+005   2.0711E+005   2.8544E+005   3.8350E+005   4.9500E+005   6.0023E+005   6.6615E+005   6.4850E+005   5.2138E+005   3.1730E+005   1.2709E+005   2.8057E+004   2.5558E+003   6.7043E+001   2.5571E-001   6.6719E-005   3.2484E-010   1.8249E-018
 1620779809.40283390    0.0000   6.7484E+006    2.0100          -NaN          -NaN          -NaN          -NaN          -NaN          -NaN          -NaN          -NaN          -NaN          -NaN          -NaN          -NaN          -NaN          -NaN          -NaN          -NaN          -NaN          -NaN          -NaN          -NaN
 1620779812.28016500    0.0000   6.7484E+006    2.0100          -NaN          -NaN          -NaN          -NaN          -NaN          -NaN          -NaN          -NaN          -NaN          -NaN          -NaN          -NaN          -NaN          -NaN          -NaN          -NaN          -NaN          -NaN          -NaN          -NaN
 1620779815.14032510    0.0000   6.7484E+006    2.0100          -NaN          -NaN          -NaN          -NaN          -NaN          -NaN          -NaN          -NaN          -NaN          -NaN          -NaN          -NaN          -NaN          -NaN          -NaN          -NaN          -NaN          -NaN          -NaN          -NaN
 1620779818.01766800    0.0000   3.3739E+006    2.0100          -NaN          -NaN          -NaN          -NaN          -NaN          -NaN          -NaN          -NaN          -NaN          -NaN          -NaN          -NaN          -NaN          -NaN          -NaN          -NaN          -NaN          -NaN          -NaN          -NaN
 1620779820.87431340    0.0000   3.3739E+006    2.0100          -NaN          -NaN          -NaN          -NaN          -NaN          -NaN          -NaN          -NaN          -NaN          -NaN          -NaN          -NaN          -NaN          -NaN          -NaN          -NaN          -NaN          -NaN          -NaN          -NaN
 1620779823.74033120    0.0100   5.0828E+006  999.0000   1.2297E+005   1.7628E+005   2.5163E+005   3.5017E+005   4.7683E+005   6.2933E+005   7.9120E+005   9.2332E+005   9.6852E+005   8.6787E+005   6.1820E+005   3.1526E+005   9.7243E+004   1.4686E+004   7.6738E+002   9.0384E+000   1.0607E-002   5.0849E-007   2.1479E-013   3.0191E-023
 1620779826.61767410    0.0100   5.0828E+006  999.0000   1.2297E+005   1.7628E+005   2.5163E+005   3.5017E+005   4.7683E+005   6.2933E+005   7.9120E+005   9.2332E+005   9.6852E+005   8.6787E+005   6.1820E+005   3.1526E+005   9.7243E+004   1.4686E+004   7.6738E+002   9.0384E+000   1.0607E-002   5.0849E-007   2.1479E-013   3.0191E-023
 1620779829.47783420    0.0100   5.0828E+006  999.0000   1.2297E+005   1.7628E+005   2.5163E+005   3.5017E+005   4.7683E+005   6.2933E+005   7.9120E+005   9.2332E+005   9.6852E+005   8.6787E+005   6.1820E+005   3.1526E+005   9.7243E+004   1.4686E+004   7.6738E+002   9.0384E+000   1.0607E-002   5.0849E-007   2.1479E-013   3.0191E-023
 1620779832.35517740    0.0300   7.2268E+006  999.0000   4.0296E+004   5.8464E+004   8.4974E+004   1.2134E+005   1.7160E+005   2.3948E+005   3.2696E+005   4.3029E+005   5.3865E+005   6.2592E+005   6.5173E+005   5.7871E+005   4.0531E+005   2.0171E+005   6.0498E+004   8.8660E+003   4.2898E+002   4.3863E+000   4.3996E-003   8.2815E-008
 1620779835.21181920    0.0300   7.2268E+006  999.0000   4.0296E+004   5.8464E+004   8.4974E+004   1.2134E+005   1.7160E+005   2.3948E+005   3.2696E+005   4.3029E+005   5.3865E+005   6.2592E+005   6.5173E+005   5.7871E+005   4.0531E+005   2.0171E+005   6.0498E+004   8.8660E+003   4.2898E+002   4.3863E+000   4.3996E-003   8.2815E-008
 1620779838.07782510    0.0300   7.2268E+006  999.0000   4.0296E+004   5.8464E+004   8.4974E+004   1.2134E+005   1.7160E+005   2.3948E+005   3.2696E+005   4.3029E+005   5.3865E+005   6.2592E+005   6.5173E+005   5.7871E+005   4.0531E+005   2.0171E+005   6.0498E+004   8.8660E+003   4.2898E+002   4.3863E+000   4.3996E-003   8.2815E-008
 1620779840.95516800    0.0300   2.2242E+007  999.0000   1.1194E+006   1.5879E+006   2.2313E+006   3.0362E+006   4.0004E+006   5.0290E+006   5.8841E+006   6.1839E+006   5.5608E+006   3.9738E+006   2.0343E+006   6.4054E+005   9.6941E+004   5.2084E+003   6.0105E+001   8.0806E-002   3.9313E-006   1.9887E-012   1.2412E-021   1.0450E-035
 1620779843.81532810    0.0300   2.2242E+007  999.0000   1.1194E+006   1.5879E+006   2.2313E+006   3.0362E+006   4.0004E+006   5.0290E+006   5.8841E+006   6.1839E+006   5.5608E+006   3.9738E+006   2.0343E+006   6.4054E+005   9.6941E+004   5.2084E+003   6.0105E+001   8.0806E-002   3.9313E-006   1.9887E-012   1.2412E-021   1.0450E-035
 1620779846.69267110    0.0300   2.2242E+007  999.0000   1.1194E+006   1.5879E+006   2.2313E+006   3.0362E+006   4.0004E+006   5.0290E+006   5.8841E+006   6.1839E+006   5.5608E+006   3.9738E+006   2.0343E+006   6.4054E+005   9.6941E+004   5.2084E+003   6.0105E+001   8.0806E-002   3.9313E-006   1.9887E-012   1.2412E-021   1.0450E-035
 1620779849.54931640    0.0400   1.1710E+007  999.0000   9.5959E+004   1.3890E+005   2.0118E+005   2.8584E+005   4.0127E+005   5.5399E+005   7.4434E+005   9.5700E+005   1.1576E+006   1.2790E+006   1.2371E+006   9.8635E+005   5.8906E+005   2.3248E+005   4.9619E+004   4.4473E+003   1.0399E+002   3.7122E-001   8.0360E-005   1.4467E-010
 1620779852.41533420    0.0400   1.1710E+007  999.0000   9.5959E+004   1.3890E+005   2.0118E+005   2.8584E+005   4.0127E+005   5.5399E+005   7.4434E+005   9.5700E+005   1.1576E+006   1.2790E+006   1.2371E+006   9.8635E+005   5.8906E+005   2.3248E+005   4.9619E+004   4.4473E+003   1.0399E+002   3.7122E-001   8.0360E-005   1.4467E-010
 1620779855.29267740    0.0400   1.1710E+007  999.0000   9.5959E+004   1.3890E+005   2.0118E+005   2.8584E+005   4.0127E+005   5.5399E+005   7.4434E+005   9.5700E+005   1.1576E+006   1.2790E+006   1.2371E+006   9.8635E+005   5.8906E+005   2.3248E+005   4.9619E+004   4.4473E+003   1.0399E+002   3.7122E-001   8.0360E-005   1.4467E-010
 1620779858.15283820    0.0900   1.5579E+007  999.0000   4.5151E+004   6.5708E+004   9.5942E+004   1.3790E+005   1.9689E+005   2.7870E+005   3.8854E+005   5.2717E+005   6.9019E+005   8.5669E+005   9.8227E+005   1.0042E+006   8.6628E+005   5.8400E+005   2.7350E+005   7.6363E+004   9.5982E+003   3.9184E+002   2.9723E+000   1.2558E-003
 1620779861.03017690    0.0900   1.5579E+007  999.0000   4.5151E+004   6.5708E+004   9.5942E+004   1.3790E+005   1.9689E+005   2.7870E+005   3.8854E+005   5.2717E+005   6.9019E+005   8.5669E+005   9.8227E+005   1.0042E+006   8.6628E+005   5.8400E+005   2.7350E+005   7.6363E+004   9.5982E+003   3.9184E+002   2.9723E+000   1.2558E-003
 1620779863.88681030    0.1700   3.3135E+007  999.0000   1.2149E+005   1.7664E+005   2.5753E+005   3.6938E+005   5.2577E+005   7.4085E+005   1.0259E+006   1.3784E+006   1.7787E+006   2.1615E+006   2.4027E+006   2.3473E+006   1.8937E+006   1.1578E+006   4.6974E+005   1.0657E+005   9.8475E+003   2.5724E+002   1.0154E+000   1.5683E-004
 1620779866.75282810    0.1700   3.3135E+007  999.0000   1.2149E+005   1.7664E+005   2.5753E+005   3.6938E+005   5.2577E+005   7.4085E+005   1.0259E+006   1.3784E+006   1.7787E+006   2.1615E+006   2.4027E+006   2.3473E+006   1.8937E+006   1.1578E+006   4.6974E+005   1.0657E+005   9.8475E+003   2.5724E+002   1.0154E+000   1.5683E-004
 1620779869.63017110    0.1700   3.3135E+007  999.0000   1.2149E+005   1.7664E+005   2.5753E+005   3.6938E+005   5.2577E+005   7.4085E+005   1.0259E+006   1.3784E+006   1.7787E+006   2.1615E+006   2.4027E+006   2.3473E+006   1.8937E+006   1.1578E+006   4.6974E+005   1.0657E+005   9.8475E+003   2.5724E+002   1.0154E+000   1.5683E-004
 1620779872.49033120    0.3000   4.7066E+007  999.0000   1.1222E+005   1.6343E+005   2.3889E+005   3.4391E+005   4.9215E+005   6.9901E+005   9.7938E+005   1.3385E+006   1.7714E+006   2.2337E+006   2.6208E+006   2.7711E+006   2.5129E+006   1.8218E+006   9.4929E+005   3.0935E+005   4.8892E+004   2.7838E+003   3.4374E+001   3.0794E-002
 1620779875.36767410    0.3000   4.7066E+007  999.0000   1.1222E+005   1.6343E+005   2.3889E+005   3.4391E+005   4.9215E+005   6.9901E+005   9.7938E+005   1.3385E+006   1.7714E+006   2.2337E+006   2.6208E+006   2.7711E+006   2.5129E+006   1.8218E+006   9.4929E+005   3.0935E+005   4.8892E+004   2.7838E+003   3.4374E+001   3.0794E-002
 1620779878.22783420    0.3000   4.7066E+007  999.0000   1.1222E+005   1.6343E+005   2.3889E+005   3.4391E+005   4.9215E+005   6.9901E+005   9.7938E+005   1.3385E+006   1.7714E+006   2.2337E+006   2.6208E+006   2.7711E+006   2.5129E+006   1.8218E+006   9.4929E+005   3.0935E+005   4.8892E+004   2.7838E+003   3.4374E+001   3.0794E-002
 1620779881.10517330    0.4651   6.3746E+007    8.9000   1.7014E+005   2.4735E+005   3.6061E+005   5.1723E+005   7.3625E+005   1.0376E+006   1.4377E+006   1.9346E+006   2.5054E+006   3.0690E+006   3.4716E+006   3.5208E+006   3.0739E+006   2.2069E+006   1.2340E+006   5.1592E+005   1.5136E+005   3.1145E+004   4.4393E+003   4.0112E+002
 1620779883.96180730    0.4650   6.3744E+007    8.9400   1.6985E+005   2.4693E+005   3.6001E+005   5.1638E+005   7.3507E+005   1.0360E+006   1.4356E+006   1.9320E+006   2.5025E+006   3.0662E+006   3.4696E+006   3.5200E+006   3.0745E+006   2.2082E+006   1.2349E+006   5.1612E+005   1.5122E+005   3.1037E+004   4.4049E+003   3.9539E+002
 1620779886.82782510    0.4600   6.3659E+007  999.0000   1.1831E+005   1.7245E+005   2.5238E+005   3.6398E+005   5.2224E+005   7.4461E+005   1.0493E+006   1.4460E+006   1.9372E+006   2.4871E+006   2.9960E+006   3.2920E+006   3.1602E+006   2.4892E+006   1.4651E+006   5.6955E+005   1.1694E+005   9.7386E+003   2.0996E+002   4.4488E-001
 1620779889.70516800    0.6600   8.6479E+007  999.0000   1.4419E+005   2.1023E+005   3.0783E+005   4.4426E+005   6.3809E+005   9.1119E+005   1.2869E+006   1.7794E+006   2.3955E+006   3.0976E+006   3.7706E+006   4.2070E+006   4.1312E+006   3.3632E+006   2.0779E+006   8.6657E+005   1.9747E+005   1.9135E+004   5.1519E+002   1.5392E+000
 1620779892.56532810    0.6600   8.6479E+007  999.0000   1.4419E+005   2.1023E+005   3.0783E+005   4.4426E+005   6.3809E+005   9.1119E+005   1.2869E+006   1.7794E+006   2.3955E+006   3.0976E+006   3.7706E+006   4.2070E+006   4.1312E+006   3.3632E+006   2.0779E+006   8.6657E+005   1.9747E+005   1.9135E+004   5.1519E+002   1.5392E+000
 1620779895.44267110    0.6665   8.6591E+007   10.3400   1.9564E+005   2.8467E+005   4.1558E+005   5.9721E+005   8.5243E+005   1.2062E+006   1.6812E+006   2.2811E+006   2.9897E+006   3.7241E+006   4.3102E+006   4.5055E+006   4.0885E+006   3.0711E+006   1.8006E+006   7.8340E+005   2.3402E+005   4.7069E+004   6.1808E+003   4.7399E+002
 1620779898.30283120    0.8437   1.1435E+008   13.7600   2.5723E+005   3.7440E+005   5.4682E+005   7.8627E+005   1.1233E+006   1.5915E+006   2.2222E+006   3.0229E+006   3.9756E+006   4.9746E+006   5.7890E+006   6.0860E+006   5.5449E+006   4.1552E+006   2.3935E+006   9.9269E+005   2.6762E+005   4.4705E+004   4.3392E+003   2.0788E+002
 1620779901.18017410    0.8498   1.1445E+008    8.9400   2.9443E+005   4.2812E+005   6.2433E+005   8.9579E+005   1.2758E+006   1.7994E+006   2.4960E+006   3.3639E+006   4.3665E+006   5.3663E+006   6.0982E+006   6.2231E+006   5.4786E+006   3.9753E+006   2.2514E+006   9.5494E+005   2.8445E+005   5.9369E+004   8.5629E+003   7.8027E+002
 1620779904.03681970    0.9163   1.2710E+008   10.6000   3.2399E+005   4.7123E+005   6.8744E+005   9.8689E+005   1.4066E+006   1.9862E+006   2.7595E+006   3.7273E+006   4.8530E+006   5.9879E+006   6.8373E+006   7.0129E+006   6.1974E+006   4.4922E+006   2.5130E+006   1.0308E+006   2.8636E+005   5.2966E+004   6.3338E+003   4.3723E+002
 1620779906.90283390    0.9180   1.2712E+008    9.5800   3.3569E+005   4.8810E+005   7.1177E+005   1.0212E+006   1.4543E+006   2.0510E+006   2.8445E+006   3.8324E+006   4.9721E+006   6.1053E+006   6.9271E+006   7.0491E+006   6.1737E+006   4.4383E+006   2.4731E+006   1.0210E+006   2.9118E+005   5.6972E+004   7.5055E+003   6.0352E+002
 1620779909.78016500    0.9223   1.2719E+008    8.1400   3.5855E+005   5.2107E+005   7.5924E+005   1.0881E+006   1.5470E+006   2.1765E+006   3.0083E+006   4.0335E+006   5.1978E+006   6.3239E+006   7.0896E+006   7.1090E+006   6.1245E+006   4.3388E+006   2.4021E+006   1.0040E+006   2.9972E+005   6.4438E+004   9.9298E+003   1.0143E+003
 1620779912.64032510    1.0266   1.4551E+008   10.4600   3.8912E+005   5.6582E+005   8.2518E+005   1.1841E+006   1.6865E+006   2.3790E+006   3.3004E+006   4.4485E+006   5.7744E+006   7.0941E+006   8.0517E+006   8.1906E+006   7.1583E+006   5.1161E+006   2.8135E+006   1.1324E+006   3.0854E+005   5.6125E+004   6.6380E+003   4.5706E+002
 1620779915.51766800    1.0271   1.4552E+008   10.1400   3.9324E+005   5.7177E+005   8.3374E+005   1.1961E+006   1.7032E+006   2.4017E+006   3.3302E+006   4.4852E+006   5.8158E+006   7.1345E+006   8.0821E+006   8.2020E+006   7.1491E+006   5.0971E+006   2.8001E+006   1.1295E+006   3.1037E+005   5.7474E+004   7.0082E+003   5.0627E+002
 1620779918.37782810    1.0233   1.4546E+008   13.9800   3.5821E+005   5.2121E+005   7.6083E+005   1.0932E+006   1.5601E+006   2.2070E+006   3.0744E+006   4.1682E+006   5.4551E+006   6.7778E+006   7.8082E+006   8.0922E+006   7.2250E+006   5.2665E+006   2.9228E+006   1.1556E+006   2.9320E+005   4.5576E+004   4.0739E+003   1.7761E+002
 1620779921.25517110    1.0200   1.6077E+008  999.0000   3.8686E+005   5.6339E+005   8.2347E+005   1.1854E+006   1.6962E+006   2.4087E+006   3.3741E+006   4.6100E+006   6.0977E+006   7.6837E+006   9.0061E+006   9.5080E+006   8.6029E+006   6.2166E+006   3.2238E+006   1.0433E+006   1.6320E+005   9.1544E+003   1.1059E+002   9.5776E-002
 1620779924.11181640    1.0278   1.6090E+008    8.3800   5.7463E+005   8.3415E+005   1.2134E+006   1.7349E+006   2.4581E+006   3.4409E+006   4.7207E+006   6.2627E+006   7.9480E+006   9.4616E+006   1.0289E+007   9.8961E+006   8.0580E+006   5.3086E+006   2.6844E+006   1.0089E+006   2.6680E+005   5.0437E+004   6.8126E+003   6.0735E+002
 1620779926.97783420    1.0200   1.6077E+008  999.0000   3.8686E+005   5.6339E+005   8.2347E+005   1.1854E+006   1.6962E+006   2.4087E+006   3.3741E+006   4.6100E+006   6.0977E+006   7.6837E+006   9.0061E+006   9.5080E+006   8.6029E+006   6.2166E+006   3.2238E+006   1.0433E+006   1.6320E+005   9.1544E+003   1.1059E+002   9.5776E-002
 1620779929.85517740    1.1000   1.7223E+008  999.0000   4.0900E+005   5.9565E+005   8.7069E+005   1.2535E+006   1.7939E+006   2.5480E+006   3.5704E+006   4.8804E+006   6.4600E+006   8.1484E+006   9.5651E+006   1.0120E+007   9.1863E+006   6.6693E+006   3.4824E+006   1.1383E+006   1.8071E+005   1.0357E+004   1.2911E+002   1.1738E-001
 1620779932.71533390    1.1000   1.7223E+008  999.0000   4.0900E+005   5.9565E+005   8.7069E+005   1.2535E+006   1.7939E+006   2.5480E+006   3.5704E+006   4.8804E+006   6.4600E+006   8.1484E+006   9.5651E+006   1.0120E+007   9.1863E+006   6.6693E+006   3.4824E+006   1.1383E+006   1.8071E+005   1.0357E+004   1.2911E+002   1.1738E-001
 1620779935.59266520    1.1083   1.7237E+008    8.4600   6.0488E+005   8.7816E+005   1.2776E+006   1.8271E+006   2.5896E+006   3.6268E+006   4.9792E+006   6.6123E+006   8.4036E+006   1.0024E+007   1.0930E+007   1.0549E+007   8.6270E+006   5.7120E+006   2.9036E+006   1.0961E+006   2.9063E+005   5.4910E+004   7.3814E+003   6.5145E+002
 1620779938.45282510    1.1090   1.9086E+008    7.3000   8.8435E+005   1.2815E+006   1.8593E+006   2.6485E+006   3.7324E+006   5.1838E+006   7.0316E+006   9.1796E+006   1.1389E+007   1.3139E+007   1.3702E+007   1.2488E+007   9.5185E+006   5.8266E+006   2.7398E+006   9.7240E+005   2.5065E+005   4.8505E+004   7.1256E+003   7.4361E+002
 1620779941.33016800    1.1052   1.9080E+008    8.6000   8.1673E+005   1.1845E+006   1.7206E+006   2.4552E+006   3.4686E+006   4.8347E+006   6.5919E+006   8.6674E+006   1.0859E+007   1.2694E+007   1.3458E+007   1.2501E+007   9.7129E+006   6.0256E+006   2.8279E+006   9.7408E+005   2.3327E+005   3.9689E+004   4.8101E+003   3.8302E+002
 1620779944.18681340    1.1028   1.9076E+008   10.4200   7.5763E+005   1.0996E+006   1.5990E+006   2.2852E+006   3.2356E+006   4.5247E+006   6.1979E+006   8.2027E+006   1.0370E+007   1.2270E+007   1.3210E+007   1.2496E+007   9.8937E+006   6.2223E+006   2.9164E+006   9.7374E+005   2.1509E+005   3.1552E+004   3.0347E+003   1.7244E+002
 1620779947.05283120    1.0325   2.0629E+008    8.6200   1.1770E+006   1.7039E+006   2.4687E+006   3.5096E+006   4.9314E+006   6.8195E+006   9.1912E+006   1.1888E+007   1.4548E+007   1.6450E+007   1.6662E+007   1.4558E+007   1.0437E+007   5.8608E+006   2.4446E+006   7.3974E+005   1.5462E+005   2.3088E+004   2.4855E+003   1.7810E+002
 1620779949.93017410    1.0342   2.0632E+008    7.5600   1.2542E+006   1.8144E+006   2.6259E+006   3.7271E+006   5.2253E+006   7.2024E+006   9.6625E+006   1.2417E+007   1.5063E+007   1.6839E+007   1.6818E+007   1.4466E+007   1.0221E+007   5.6958E+006   2.3949E+006   7.5022E+005   1.6884E+005   2.8461E+004   3.6456E+003   3.3115E+002
 1620779952.78681970    0.9727   2.1827E+008    7.4200   1.6900E+006   2.4403E+006   3.5221E+006   4.9797E+006   6.9419E+006   9.4899E+006   1.2580E+007   1.5896E+007   1.8829E+007   2.0367E+007   1.9464E+007   1.5815E+007   1.0405E+007   5.3388E+006   2.0517E+006   5.8800E+005   1.2195E+005   1.9249E+004   2.3540E+003   2.0823E+002
 1620779955.65283820    0.9729   2.1827E+008    7.2800   1.7079E+006   2.4659E+006   3.5582E+006   5.0293E+006   7.0081E+006   9.5745E+006   1.2681E+007   1.6004E+007   1.8927E+007   2.0431E+007   1.9478E+007   1.5785E+007   1.0364E+007   5.3138E+006   2.0467E+006   5.9053E+005   1.2405E+005   1.9968E+004   2.5078E+003   2.2970E+002
 1620779958.53017690    0.9700   2.1822E+008  999.0000   1.0629E+006   1.5432E+006   2.2454E+006   3.2113E+006   4.5516E+006   6.3733E+006   8.7442E+006   1.1590E+007   1.4663E+007   1.7304E+007   1.8430E+007   1.6916E+007   1.2442E+007   6.6489E+006   2.2140E+006   3.7742E+005   2.2841E+004   3.2299E+002   5.2002E-001   2.0235E-005
 1620779961.39032510    0.8800   2.2871E+008  999.0000   1.4816E+006   2.1478E+006   3.1177E+006   4.4439E+006   6.2675E+006   8.7124E+006   1.1825E+007   1.5430E+007   1.9074E+007   2.1759E+007   2.2053E+007   1.8825E+007   1.2436E+007   5.6849E+006   1.5051E+006   1.8419E+005   6.8257E+003   4.7434E+001   2.7091E-002   2.1511E-007
 1620779964.26766800    0.8800   2.2871E+008  999.0000   1.4816E+006   2.1478E+006   3.1177E+006   4.4439E+006   6.2675E+006   8.7124E+006   1.1825E+007   1.5430E+007   1.9074E+007   2.1759E+007   2.2053E+007   1.8825E+007   1.2436E+007   5.6849E+006   1.5051E+006   1.8419E+005   6.8257E+003   4.7434E+001   2.7091E-002   2.1511E-007
 1620779967.12431340    0.8800   2.2871E+008  999.0000   1.4816E+006   2.1478E+006   3.1177E+006   4.4439E+006   6.2675E+006   8.7124E+006   1.1825E+007   1.5430E+007   1.9074E+007   2.1759E+007   2.2053E+007   1.8825E+007   1.2436E+007   5.6849E+006   1.5051E+006   1.8419E+005   6.8257E+003   4.7434E+001   2.7091E-002   2.1511E-007
 1620779969.99033120    0.7800   2.3474E+008  999.0000   2.0312E+006   2.9390E+006   4.2543E+006   6.0401E+006   8.4694E+006   1.1673E+007   1.5644E+007   2.0039E+007   2.4109E+007   2.6425E+007   2.5265E+007   1.9804E+007   1.1533E+007   4.3880E+006   8.8759E+005   7.3617E+004   1.5350E+003   4.6427E+000   7.8971E-004   9.8375E-010
 1620779972.86767410    0.7800   2.3474E+008  999.0000   2.0312E+006   2.9390E+006   4.2543E+006   6.0401E+006   8.4694E+006   1.1673E+007   1.5644E+007   2.0039E+007   2.4109E+007   2.6425E+007   2.5265E+007   1.9804E+007   1.1533E+007   4.3880E+006   8.8759E+005   7.3617E+004   1.5350E+003   4.6427E+000   7.8971E-004   9.8375E-010
 1620779975.72783420    0.7800   2.3474E+008  999.0000   2.0312E+006   2.9390E+006   4.2543E+006   6.0401E+006   8.4694E+006   1.1673E+007   1.5644E+007   2.0039E+007   2.4109E+007   2.6425E+007   2.5265E+007   1.9804E+007   1.1533E+007   4.3880E+006   8.8759E+005   7.3617E+004   1.5350E+003   4.6427E+000   7.8971E-004   9.8375E-010
 1620779978.60517330    0.6700   2.3795E+008  999.0000   2.8524E+006   4.1172E+006   5.9382E+006   8.3867E+006   1.1670E+007   1.5903E+007   2.0960E+007   2.6203E+007   3.0414E+007   3.1625E+007   2.7996E+007   1.9610E+007   9.6701E+006   2.8884E+006   4.0975E+005   2.0362E+004   1.9925E+002   2.0213E-001   7.0326E-006   7.8039E-013
 1620779981.46532610    0.6700   2.3795E+008  999.0000   2.8524E+006   4.1172E+006   5.9382E+006   8.3867E+006   1.1670E+007   1.5903E+007   2.0960E+007   2.6203E+007   3.0414E+007   3.1625E+007   2.7996E+007   1.9610E+007   9.6701E+006   2.8884E+006   4.0975E+005   2.0362E+004   1.9925E+002   2.0213E-001   7.0326E-006   7.8039E-013
 1620779984.34267710    0.6700   2.3795E+008  999.0000   2.8524E+006   4.1172E+006   5.9382E+006   8.3867E+006   1.1670E+007   1.5903E+007   2.0960E+007   2.6203E+007   3.0414E+007   3.1625E+007   2.7996E+007   1.9610E+007   9.6701E+006   2.8884E+006   4.0975E+005   2.0362E+004   1.9925E+002   2.0213E-001   7.0326E-006   7.8039E-013
 1620779987.19931030    0.5700   2.4115E+008  999.0000   4.0752E+006   5.8642E+006   8.4192E+006   1.1813E+007   1.6281E+007   2.1873E+007   2.8232E+007   3.4232E+007   3.7989E+007   3.6979E+007   2.9726E+007   1.8087E+007   7.2425E+006   1.5982E+006   1.4549E+005   3.8129E+003   1.4523E+001   3.7818E-003   1.8361E-008   1.0270E-016
 1620779990.06532810    0.5700   2.4115E+008  999.0000   4.0752E+006   5.8642E+006   8.4192E+006   1.1813E+007   1.6281E+007   2.1873E+007   2.8232E+007   3.4232E+007   3.7989E+007   3.6979E+007   2.9726E+007   1.8087E+007   7.2425E+006   1.5982E+006   1.4549E+005   3.8129E+003   1.4523E+001   3.7818E-003   1.8361E-008   1.0270E-016
 1620779992.94267110    0.4700   2.3731E+008  999.0000   5.6673E+006   8.1253E+006   1.1601E+007   1.6150E+007   2.2002E+007   2.9059E+007   3.6571E+007   4.2742E+007   4.4935E+007   4.0397E+007   2.8913E+007   1.4848E+007   4.6273E+006   7.0935E+005   3.7886E+004   4.6053E+002   5.6610E-001   2.9005E-005   1.3484E-011   2.1892E-021
 1620779995.80283120    0.4700   2.3731E+008  999.0000   5.6673E+006   8.1253E+006   1.1601E+007   1.6150E+007   2.2002E+007   2.9059E+007   3.6571E+007   4.2742E+007   4.4935E+007   4.0397E+007   2.8913E+007   1.4848E+007   4.6273E+006   7.0935E+005   3.7886E+004   4.6053E+002   5.6610E-001   2.9005E-005   1.3484E-011   2.1892E-021
 1620779998.68017410    0.4700   2.3731E+008  999.0000   5.6673E+006   8.1253E+006   1.1601E+007   1.6150E+007   2.2002E+007   2.9059E+007   3.6571E+007   4.2742E+007   4.4935E+007   4.0397E+007   2.8913E+007   1.4848E+007   4.6273E+006   7.0935E+005   3.7886E+004   4.6053E+002   5.6610E-001   2.9005E-005   1.3484E-011   2.1892E-021
 1620780001.53681970    0.4000   2.4024E+008  999.0000   8.0429E+006   1.1482E+007   1.6288E+007   2.2466E+007   3.0196E+007   3.9092E+007   4.7768E+007   5.3480E+007   5.2778E+007   4.3238E+007   2.7021E+007   1.1383E+007   2.6476E+006   2.6537E+005   7.6138E+003   3.7854E+001   1.2513E-002   9.7596E-008   3.0349E-015   8.5409E-027
 1620780004.40283390    0.4000   2.4024E+008  999.0000   8.0429E+006   1.1482E+007   1.6288E+007   2.2466E+007   3.0196E+007   3.9092E+007   4.7768E+007   5.3480E+007   5.2778E+007   4.3238E+007   2.7021E+007   1.1383E+007   2.6476E+006   2.6537E+005   7.6138E+003   3.7854E+001   1.2513E-002   9.7596E-008   3.0349E-015   8.5409E-027
 1620780007.28016500    0.4000   2.4024E+008  999.0000   8.0429E+006   1.1482E+007   1.6288E+007   2.2466E+007   3.0196E+007   3.9092E+007   4.7768E+007   5.3480E+007   5.2778E+007   4.3238E+007   2.7021E+007   1.1383E+007   2.6476E+006   2.6537E+005   7.6138E+003   3.7854E+001   1.2513E-002   9.7596E-008   3.0349E-015   8.5409E-027
 1620780010.14032510    0.3800   2.5674E+008  999.0000   1.0798E+007   1.5364E+007   2.1685E+007   2.9694E+007   3.9489E+007   5.0329E+007   6.0094E+007   6.5049E+007   6.1092E+007   4.6534E+007   2.6147E+007   9.4318E+006   1.7446E+006   1.2539E+005   2.2132E+003   5.4749E+000   6.5032E-004   1.1747E-009   4.5039E-018   5.5993E-031
 1620780013.01766800    0.3800   2.5674E+008  999.0000   1.0798E+007   1.5364E+007   2.1685E+007   2.9694E+007   3.9489E+007   5.0329E+007   6.0094E+007   6.5049E+007   6.1092E+007   4.6534E+007   2.6147E+007   9.4318E+006   1.7446E+006   1.2539E+005   2.2132E+003   5.4749E+000   6.5032E-004   1.1747E-009   4.5039E-018   5.5993E-031
 1620780015.87782810    0.3800   2.5674E+008  999.0000   1.0798E+007   1.5364E+007   2.1685E+007   2.9694E+007   3.9489E+007   5.0329E+007   6.0094E+007   6.5049E+007   6.1092E+007   4.6534E+007   2.6147E+007   9.4318E+006   1.7446E+006   1.2539E+005   2.2132E+003   5.4749E+000   6.5032E-004   1.1747E-009   4.5039E-018   5.5993E-031
 1620780018.75517110    0.3200   2.6092E+008  999.0000   1.5770E+007   2.2297E+007   3.1175E+007   4.2119E+007   5.4917E+007   6.7980E+007   7.7747E+007   7.9037E+007   6.7685E+007   4.5019E+007   2.0755E+007   5.6093E+006   6.7759E+005   2.6256E+004   1.8809E+002   1.2766E-001   2.2871E-006   2.7934E-013   2.3121E-023   9.8668E-039
 1620780021.61181260    0.3200   2.6092E+008  999.0000   1.5770E+007   2.2297E+007   3.1175E+007   4.2119E+007   5.4917E+007   6.7980E+007   7.7747E+007   7.9037E+007   6.7685E+007   4.5019E+007   2.0755E+007   5.6093E+006   6.7759E+005   2.6256E+004   1.8809E+002   1.2766E-001   2.2871E-006   2.7934E-013   2.3121E-023   9.8668E-039
 1620780024.47782280    0.3200   2.6092E+008  999.0000   1.5770E+007   2.2297E+007   3.1175E+007   4.2119E+007   5.4917E+007   6.7980E+007   7.7747E+007   7.9037E+007   6.7685E+007   4.5019E+007   2.0755E+007   5.6093E+006   6.7759E+005   2.6256E+004   1.8809E+002   1.2766E-001   2.2871E-006   2.7934E-013   2.3121E-023   9.8668E-039
 1620780027.35517330    0.2600   2.5918E+008  999.0000   2.3009E+007   3.2266E+007   4.4564E+007   5.9165E+007   7.5189E+007   8.9615E+007   9.6917E+007   9.0816E+007   6.8993E+007   3.8486E+007   1.3727E+007   2.5518E+006   1.7753E+005   3.0932E+003   6.9157E+000   8.8719E-004   1.4024E-009   5.4951E-018   3.5219E-030   1.2223E-048
 1620780030.21532200    0.2600   2.5918E+008  999.0000   2.3009E+007   3.2266E+007   4.4564E+007   5.9165E+007   7.5189E+007   8.9615E+007   9.6917E+007   9.0816E+007   6.8993E+007   3.8486E+007   1.3727E+007   2.5518E+006   1.7753E+005   3.0932E+003   6.9157E+000   8.8719E-004   1.4024E-009   5.4951E-018   3.5219E-030   1.2223E-048
 1620780033.09266520    0.2600   2.5918E+008  999.0000   2.3009E+007   3.2266E+007   4.4564E+007   5.9165E+007   7.5189E+007   8.9615E+007   9.6917E+007   9.0816E+007   6.8993E+007   3.8486E+007   1.3727E+007   2.5518E+006   1.7753E+005   3.0932E+003   6.9157E+000   8.8719E-004   1.4024E-009   5.4951E-018   3.5219E-030   1.2223E-048
 1620780035.95282510    0.2100   2.6326E+008  999.0000   3.6058E+007   4.9985E+007   6.7852E+007   8.7881E+007   1.0770E+008   1.2167E+008   1.2158E+008   1.0152E+008   6.5113E+007   2.8326E+007   7.0310E+006   7.7070E+005   2.4626E+004   1.3928E+002   6.0691E-002   7.5628E-007   4.0649E-014   1.3684E-024   1.1270E-039   2.6317E-062
 1620780038.83016800    0.2100   2.6326E+008  999.0000   3.6058E+007   4.9985E+007   6.7852E+007   8.7881E+007   1.0770E+008   1.2167E+008   1.2158E+008   1.0152E+008   6.5113E+007   2.8326E+007   7.0310E+006   7.7070E+005   2.4626E+004   1.3928E+002   6.0691E-002   7.5628E-007   4.0649E-014   1.3684E-024   1.1270E-039   2.6317E-062
 1620780041.69032810    0.2100   2.6326E+008  999.0000   3.6058E+007   4.9985E+007   6.7852E+007   8.7881E+007   1.0770E+008   1.2167E+008   1.2158E+008   1.0152E+008   6.5113E+007   2.8326E+007   7.0310E+006   7.7070E+005   2.4626E+004   1.3928E+002   6.0691E-002   7.5628E-007   4.0649E-014   1.3684E-024   1.1270E-039   2.6317E-062
 1620780044.56767110    0.1900   2.6426E+008  999.0000   4.3966E+007   6.0573E+007   8.1466E+007   1.0413E+008   1.2516E+008   1.3741E+008   1.3162E+008   1.0335E+008   6.0554E+007   2.3069E+007   4.7189E+006   3.9029E+005   8.2396E+003   2.5616E+001   4.6858E-003   1.7002E-008   1.5388E-016   4.2916E-028   1.1159E-044   1.8917E-069
 1620780047.42431260    0.1900   2.6426E+008  999.0000   4.3966E+007   6.0573E+007   8.1466E+007   1.0413E+008   1.2516E+008   1.3741E+008   1.3162E+008   1.0335E+008   6.0554E+007   2.3069E+007   4.7189E+006   3.9029E+005   8.2396E+003   2.5616E+001   4.6858E-003   1.7002E-008   1.5388E-016   4.2916E-028   1.1159E-044   1.8917E-069
 1620780050.29031900    0.1600   2.6053E+008  999.0000   5.8065E+007   7.9146E+007   1.0476E+008   1.3087E+008   1.5212E+008   1.5892E+008   1.4151E+008   9.9891E+007   5.0053E+007   1.5158E+007   2.2197E+006   1.1287E+005   1.1656E+003   1.2923E+000   5.3141E-005   2.3246E-011   1.0042E-020   4.0800E-034   3.1481E-053   1.4604E-081
 1620780053.16766210    0.1600   2.6053E+008  999.0000   5.8065E+007   7.9146E+007   1.0476E+008   1.3087E+008   1.5212E+008   1.5892E+008   1.4151E+008   9.9891E+007   5.0053E+007   1.5158E+007   2.2197E+006   1.1287E+005   1.1656E+003   1.2923E+000   5.3141E-005   2.3246E-011   1.0042E-020   4.0800E-034   3.1481E-053   1.4604E-081
 1620780056.02782200    0.1600   2.6053E+008  999.0000   5.8065E+007   7.9146E+007   1.0476E+008   1.3087E+008   1.5212E+008   1.5892E+008   1.4151E+008   9.9891E+007   5.0053E+007   1.5158E+007   2.2197E+006   1.1287E+005   1.1656E+003   1.2923E+000   5.3141E-005   2.3246E-011   1.0042E-020   4.0800E-034   3.1481E-053   1.4604E-081
 1620780058.90516500    0.1400   2.6646E+008  999.0000   7.9018E+007   1.0638E+008   1.3822E+008   1.6815E+008   1.8801E+008   1.8548E+008   1.5175E+008   9.4706E+007   3.9600E+007   9.1972E+006   9.1513E+005   2.6535E+004   1.2012E+002   4.0633E-002   3.0113E-007   1.1719E-014   1.5910E-025   5.4673E-041   6.3499E-063   3.5423E-095
 1620780061.76532510    0.1500   2.7747E+008  999.0000   7.8125E+007   1.0543E+008   1.3748E+008   1.6812E+008   1.8940E+008   1.8895E+008   1.5715E+008   1.0045E+008   4.3507E+007   1.0640E+007   1.1412E+006   3.6906E+004   1.9608E+002   8.3503E-002   8.6256E-007   5.3603E-014   1.4190E-024   1.2211E-039   4.9223E-061   1.5295E-092
 1620780064.64266800    0.1500   2.7747E+008  999.0000   7.8125E+007   1.0543E+008   1.3748E+008   1.6812E+008   1.8940E+008   1.8895E+008   1.5715E+008   1.0045E+008   4.3507E+007   1.0640E+007   1.1412E+006   3.6906E+004   1.9608E+002   8.3503E-002   8.6256E-007   5.3603E-014   1.4190E-024   1.2211E-039   4.9223E-061   1.5295E-092
 1620780067.50282810    0.1300   2.7857E+008  999.0000   1.0231E+008   1.3627E+008   1.7421E+008   2.0711E+008   2.2387E+008   2.1010E+008   1.5969E+008   8.9525E+007   3.1980E+007   5.8964E+006   4.1932E+005   7.4647E+003   1.6524E+001   2.0003E-003   3.3764E-009   1.6400E-017   1.1541E-029   6.8993E-047   3.4093E-071   1.0778E-106
 1620780070.38017110    0.1300   2.7857E+008  999.0000   1.0231E+008   1.3627E+008   1.7421E+008   2.0711E+008   2.2387E+008   2.1010E+008   1.5969E+008   8.9525E+007   3.1980E+007   5.8964E+006   4.1932E+005   7.4647E+003   1.6524E+001   2.0003E-003   3.3764E-009   1.6400E-017   1.1541E-029   6.8993E-047   3.4093E-071   1.0778E-106
 1620780073.24033120    0.1300   2.7857E+008  999.0000   1.0231E+008   1.3627E+008   1.7421E+008   2.0711E+008   2.2387E+008   2.1010E+008   1.5969E+008   8.9525E+007   3.1980E+007   5.8964E+006   4.1932E+005   7.4647E+003   1.6524E+001   2.0003E-003   3.3764E-009   1.6400E-017   1.1541E-029   6.8993E-047   3.4093E-071   1.0778E-106
 1620780076.11767050    0.1200   2.6369E+008  999.0000   1.0131E+008   1.3460E+008   1.7145E+008   2.0276E+008   2.1748E+008   2.0180E+008   1.5083E+008   8.2515E+007   2.8438E+007   4.9749E+006   3.2775E+005   5.2218E+003   9.8247E+000   9.4178E-004   1.1367E-009   3.4482E-018   1.2449E-030   2.9964E-048   4.3764E-073   2.6418E-109
 1620780078.97430420    0.1200   2.6369E+008  999.0000   1.0131E+008   1.3460E+008   1.7145E+008   2.0276E+008   2.1748E+008   2.0180E+008   1.5083E+008   8.2515E+007   2.8438E+007   4.9749E+006   3.2775E+005   5.2218E+003   9.8247E+000   9.4178E-004   1.1367E-009   3.4482E-018   1.2449E-030   2.9964E-048   4.3764E-073   2.6418E-109
