          0.00000000    0.0000   0.0000E+000    0.0000   3.0000E-002   4.4000E-002   6.5000E-002   9.5000E-002   1.3900E-001   2.0400E-001   3.0000E-001   4.4000E-001   6.4600E-001   9.4900E-001   1.3920E+000   2.0400E+000   3.0000E+000   4.4000E+000   6.4600E+000   9.4500E+000   1.3900E+001   2.0400E+001   3.0000E+001   4.5000E+001
 1620885872.38970660    0.0300   8.8959E+006  999.0000   7.4759E+004   1.0819E+005   1.5666E+005   2.2252E+005   3.1221E+005   4.3069E+005   5.7800E+005   7.4188E+005   8.9514E+005   9.8539E+005   9.4804E+005   7.4998E+005   4.4274E+005   1.7181E+005   3.5776E+004   3.0941E+003   6.8631E+001   2.2701E-001   4.3979E-005   6.6828E-011
 1620885875.23619370    0.0300   8.8959E+006  999.0000   7.4759E+004   1.0819E+005   1.5666E+005   2.2252E+005   3.1221E+005   4.3069E+005   5.7800E+005   7.4188E+005   8.9514E+005   9.8539E+005   9.4804E+005   7.4998E+005   4.4274E+005   1.7181E+005   3.5776E+004   3.0941E+003   6.8631E+001   2.2701E-001   4.3979E-005   6.6828E-011
 1620885878.07134150    0.0300   1.0239E+007  999.0000   1.1352E+005   1.6395E+005   2.3669E+005   3.3473E+005   4.6669E+005   6.3779E+005   8.4421E+005   1.0620E+006   1.2440E+006   1.3110E+006   1.1836E+006   8.5321E+005   4.3898E+005   1.3947E+005   2.1660E+004   1.2266E+003   1.4556E+001   1.9504E-002   1.0162E-006   2.0848E-013
 1620885880.92720890    0.0300   1.0239E+007  999.0000   1.1352E+005   1.6395E+005   2.3669E+005   3.3473E+005   4.6669E+005   6.3779E+005   8.4421E+005   1.0620E+006   1.2440E+006   1.3110E+006   1.1836E+006   8.5321E+005   4.3898E+005   1.3947E+005   2.1660E+004   1.2266E+003   1.4556E+001   1.9504E-002   1.0162E-006   2.0848E-013
 1620885883.77720360    0.0300   1.0239E+007  999.0000   1.1352E+005   1.6395E+005   2.3669E+005   3.3473E+005   4.6669E+005   6.3779E+005   8.4421E+005   1.0620E+006   1.2440E+006   1.3110E+006   1.1836E+006   8.5321E+005   4.3898E+005   1.3947E+005   2.1660E+004   1.2266E+003   1.4556E+001   1.9504E-002   1.0162E-006   2.0848E-013
 1620885886.62720970    0.0300   1.2024E+007  999.0000   1.8274E+005   2.6323E+005   3.7848E+005   5.3220E+005   7.3579E+005   9.9315E+005   1.2907E+006   1.5808E+006   1.7803E+006   1.7709E+006   1.4693E+006   9.3625E+005   4.0140E+005   9.7820E+004   1.0299E+004   3.3288E+002   1.7271E+000   7.0185E-004   6.4871E-009   9.6210E-017
 1620885889.47369720    0.0300   1.2024E+007  999.0000   1.8274E+005   2.6323E+005   3.7848E+005   5.3220E+005   7.3579E+005   9.9315E+005   1.2907E+006   1.5808E+006   1.7803E+006   1.7709E+006   1.4693E+006   9.3625E+005   4.0140E+005   9.7820E+004   1.0299E+004   3.3288E+002   1.7271E+000   7.0185E-004   6.4871E-009   9.6210E-017
 1620885892.30884460    0.0300   1.2024E+007  999.0000   1.8274E+005   2.6323E+005   3.7848E+005   5.3220E+005   7.3579E+005   9.9315E+005   1.2907E+006   1.5808E+006   1.7803E+006   1.7709E+006   1.4693E+006   9.3625E+005   4.0140E+005   9.7820E+004   1.0299E+004   3.3288E+002   1.7271E+000   7.0185E-004   6.4871E-009   9.6210E-017
 1620885895.16471270    0.0300   1.4001E+007  999.0000   2.8671E+005   4.1178E+005   5.8944E+005   8.2359E+005   1.1281E+006   1.5019E+006   1.9125E+006   2.2740E+006   2.4518E+006   2.2875E+006   1.7285E+006   9.6076E+005   3.3658E+005   6.1158E+004   4.1892E+003   7.2865E+001   1.5175E-001   1.6581E-005   2.2965E-011   1.9308E-020
 1620885898.01470640    0.0800   3.4488E+007  999.0000   6.0470E+005   8.6985E+005   1.2482E+006   1.7500E+006   2.4091E+006   3.2312E+006   4.1601E+006   5.0262E+006   5.5482E+006   5.3587E+006   4.2588E+006   2.5485E+006   9.9565E+005   2.1198E+005   1.8312E+004   4.4498E+002   1.5163E+000   3.3639E-004   1.2954E-009   5.1040E-018
 1620885900.86470890    0.0800   3.4488E+007  999.0000   6.0470E+005   8.6985E+005   1.2482E+006   1.7500E+006   2.4091E+006   3.2312E+006   4.1601E+006   5.0262E+006   5.5482E+006   5.3587E+006   4.2588E+006   2.5485E+006   9.9565E+005   2.1198E+005   1.8312E+004   4.4498E+002   1.5163E+000   3.3639E-004   1.2954E-009   5.1040E-018
 1620885903.71118810    0.0500   2.3299E+007  999.0000   4.7569E+005   6.8321E+005   9.7803E+005   1.3666E+006   1.8721E+006   2.4928E+006   3.1751E+006   3.7764E+006   4.0736E+006   3.8033E+006   2.8767E+006   1.6014E+006   5.6224E+005   1.0249E+005   7.0530E+003   1.2351E+002   2.5977E-001   2.8791E-005   4.0704E-011   3.5298E-020
 1620885906.54634380    0.0500   2.3299E+007  999.0000   4.7569E+005   6.8321E+005   9.7803E+005   1.3666E+006   1.8721E+006   2.4928E+006   3.1751E+006   3.7764E+006   4.0736E+006   3.8033E+006   2.8767E+006   1.6014E+006   5.6224E+005   1.0249E+005   7.0530E+003   1.2351E+002   2.5977E-001   2.8791E-005   4.0704E-011   3.5298E-020
 1620885909.40220360    0.0500   2.3299E+007  999.0000   4.7569E+005   6.8321E+005   9.7803E+005   1.3666E+006   1.8721E+006   2.4928E+006   3.1751E+006   3.7764E+006   4.0736E+006   3.8033E+006   2.8767E+006   1.6014E+006   5.6224E+005   1.0249E+005   7.0530E+003   1.2351E+002   2.5977E-001   2.8791E-005   4.0704E-011   3.5298E-020
 1620885912.25220970    0.1000   3.3103E+007  999.0000   3.4554E+005   4.9930E+005   7.2130E+005   1.0211E+006   1.4257E+006   1.9526E+006   2.5928E+006   3.2766E+006   3.8644E+006   4.1137E+006   3.7685E+006   2.7752E+006   1.4736E+006   4.9021E+005   8.1431E+004   5.0819E+003   6.9611E+001   1.1474E-001   8.0771E-006   2.6198E-012
 1620885915.10221220    0.1000   3.3103E+007  999.0000   3.4554E+005   4.9930E+005   7.2130E+005   1.0211E+006   1.4257E+006   1.9526E+006   2.5928E+006   3.2766E+006   3.8644E+006   4.1137E+006   3.7685E+006   2.7752E+006   1.4736E+006   4.9021E+005   8.1431E+004   5.0819E+003   6.9611E+001   1.1474E-001   8.0771E-006   2.6198E-012
 1620885917.95008370    0.1000   3.3103E+007  999.0000   3.4554E+005   4.9930E+005   7.2130E+005   1.0211E+006   1.4257E+006   1.9526E+006   2.5928E+006   3.2766E+006   3.8644E+006   4.1137E+006   3.7685E+006   2.7752E+006   1.4736E+006   4.9021E+005   8.1431E+004   5.0819E+003   6.9611E+001   1.1474E-001   8.0771E-006   2.6198E-012
 1620885920.78802390    0.1400   5.2943E+007  999.0000   7.1794E+005   1.0352E+006   1.4908E+006   2.1008E+006   2.9138E+006   3.9515E+006   5.1713E+006   6.3983E+006   7.3144E+006   7.4375E+006   6.3723E+006   4.2555E+006   1.9555E+006   5.2712E+005   6.4336E+004   2.5733E+003   1.8282E+001   1.1686E-002   2.0814E-007   8.3496E-015
 1620885923.63970660    0.1400   5.2943E+007  999.0000   7.1794E+005   1.0352E+006   1.4908E+006   2.1008E+006   2.9138E+006   3.9515E+006   5.1713E+006   6.3983E+006   7.3144E+006   7.4375E+006   6.3723E+006   4.2555E+006   1.9555E+006   5.2712E+005   6.4336E+004   2.5733E+003   1.8282E+001   1.1686E-002   2.0814E-007   8.3496E-015
 1620885926.48970890    0.1400   5.2943E+007  999.0000   7.1794E+005   1.0352E+006   1.4908E+006   2.1008E+006   2.9138E+006   3.9515E+006   5.1713E+006   6.3983E+006   7.3144E+006   7.4375E+006   6.3723E+006   4.2555E+006   1.9555E+006   5.2712E+005   6.4336E+004   2.5733E+003   1.8282E+001   1.1686E-002   2.0814E-007   8.3496E-015
 1620885929.33618830    0.1800   4.7368E+007  999.0000   3.1453E+005   4.5588E+005   6.6160E+005   9.4272E+005   1.3290E+006   1.8461E+006   2.5032E+006   3.2615E+006   4.0231E+006   4.5748E+006   4.6151E+006   3.9129E+006   2.5592E+006   1.1529E+006   2.9878E+005   3.5449E+004   1.2549E+003   8.1613E+000   4.2320E-003   2.8983E-008
 1620885932.17134380    0.1800   4.7368E+007  999.0000   3.1453E+005   4.5588E+005   6.6160E+005   9.4272E+005   1.3290E+006   1.8461E+006   2.5032E+006   3.2615E+006   4.0231E+006   4.5748E+006   4.6151E+006   3.9129E+006   2.5592E+006   1.1529E+006   2.9878E+005   3.5449E+004   1.2549E+003   8.1613E+000   4.2320E-003   2.8983E-008
 1620885935.02720360    0.1800   4.7368E+007  999.0000   3.1453E+005   4.5588E+005   6.6160E+005   9.4272E+005   1.3290E+006   1.8461E+006   2.5032E+006   3.2615E+006   4.0231E+006   4.5748E+006   4.6151E+006   3.9129E+006   2.5592E+006   1.1529E+006   2.9878E+005   3.5449E+004   1.2549E+003   8.1613E+000   4.2320E-003   2.8983E-008
 1620885937.87720970    0.2200   6.8966E+007  999.0000   6.4668E+005   9.3518E+005   1.3526E+006   1.9180E+006   2.6847E+006   3.6904E+006   4.9268E+006   6.2757E+006   7.4878E+006   8.1079E+006   7.6150E+006   5.8158E+006   3.2591E+006   1.1725E+006   2.1849E+005   1.6096E+004   2.8169E+002   6.6148E-001   7.7871E-005   5.5316E-011
 1620885940.72721240    0.2200   6.8966E+007  999.0000   6.4668E+005   9.3518E+005   1.3526E+006   1.9180E+006   2.6847E+006   3.6904E+006   4.9268E+006   6.2757E+006   7.4878E+006   8.1079E+006   7.6150E+006   5.8158E+006   3.2591E+006   1.1725E+006   2.1849E+005   1.6096E+004   2.8169E+002   6.6148E-001   7.7871E-005   5.5316E-011
 1620885943.57369140    0.2400   6.8636E+007  999.0000   5.3706E+005   7.7762E+005   1.1268E+006   1.6021E+006   2.2512E+006   3.1123E+006   4.1905E+006   5.4041E+006   6.5662E+006   7.3027E+006   7.1320E+006   5.7668E+006   3.5164E+006   1.4304E+006   3.1916E+005   3.0501E+004   7.8411E+002   3.2104E+000   8.4841E-004   2.0719E-009
 1620885946.40885160    0.2400   6.8636E+007  999.0000   5.3706E+005   7.7762E+005   1.1268E+006   1.6021E+006   2.2512E+006   3.1123E+006   4.1905E+006   5.4041E+006   6.5662E+006   7.3027E+006   7.1320E+006   5.7668E+006   3.5164E+006   1.4304E+006   3.1916E+005   3.0501E+004   7.8411E+002   3.2104E+000   8.4841E-004   2.0719E-009
 1620885949.26471850    0.2400   6.8636E+007  999.0000   5.3706E+005   7.7762E+005   1.1268E+006   1.6021E+006   2.2512E+006   3.1123E+006   4.1905E+006   5.4041E+006   6.5662E+006   7.3027E+006   7.1320E+006   5.7668E+006   3.5164E+006   1.4304E+006   3.1916E+005   3.0501E+004   7.8411E+002   3.2104E+000   8.4841E-004   2.0719E-009
 1620885952.11471270    0.2900   8.0082E+007  999.0000   5.8480E+005   8.4712E+005   1.2283E+006   1.7481E+006   2.4598E+006   3.4077E+006   4.6021E+006   5.9613E+006   7.2904E+006   8.1861E+006   8.1073E+006   6.6907E+006   4.2049E+006   1.7874E+006   4.2539E+005   4.4624E+004   1.3167E+003   6.5800E+000   2.3245E-003   8.8473E-009
 1620885954.96471520    0.2900   8.0082E+007  999.0000   5.8480E+005   8.4712E+005   1.2283E+006   1.7481E+006   2.4598E+006   3.4077E+006   4.6021E+006   5.9613E+006   7.2904E+006   8.1861E+006   8.1073E+006   6.6907E+006   4.2049E+006   1.7874E+006   4.2539E+005   4.4624E+004   1.3167E+003   6.5800E+000   2.3245E-003   8.8473E-009
 1620885957.81119060    0.2900   8.0082E+007  999.0000   5.8480E+005   8.4712E+005   1.2283E+006   1.7481E+006   2.4598E+006   3.4077E+006   4.6021E+006   5.9613E+006   7.2904E+006   8.1861E+006   8.1073E+006   6.6907E+006   4.2049E+006   1.7874E+006   4.2539E+005   4.4624E+004   1.3167E+003   6.5800E+000   2.3245E-003   8.8473E-009
 1620885960.64633850    0.3500   9.0510E+007  999.0000   5.8061E+005   8.4172E+005   1.2219E+006   1.7419E+006   2.4572E+006   3.4166E+006   4.6392E+006   6.0569E+006   7.4939E+006   8.5594E+006   8.6910E+006   7.4386E+006   4.9338E+006   2.2684E+006   6.0570E+005   7.5037E+004   2.8315E+003   2.0200E+001   1.1987E-002   1.0092E-007
 1620885963.50220970    0.3500   9.0510E+007  999.0000   5.8061E+005   8.4172E+005   1.2219E+006   1.7419E+006   2.4572E+006   3.4166E+006   4.6392E+006   6.0569E+006   7.4939E+006   8.5594E+006   8.6910E+006   7.4386E+006   4.9338E+006   2.2684E+006   6.0570E+005   7.5037E+004   2.8315E+003   2.0200E+001   1.1987E-002   1.0092E-007
 1620885966.35221220    0.3500   9.0510E+007  999.0000   5.8061E+005   8.4172E+005   1.2219E+006   1.7419E+006   2.4572E+006   3.4166E+006   4.6392E+006   6.0569E+006   7.4939E+006   8.5594E+006   8.6910E+006   7.4386E+006   4.9338E+006   2.2684E+006   6.0570E+005   7.5037E+004   2.8315E+003   2.0200E+001   1.1987E-002   1.0092E-007
 1620885969.20220640    0.4800   1.0935E+008  999.0000   5.4597E+005   7.9259E+005   1.1530E+006   1.6486E+006   2.3356E+006   3.2686E+006   4.4805E+006   5.9313E+006   7.4895E+006   8.8145E+006   9.3503E+006   8.5315E+006   6.2204E+006   3.2823E+006   1.0728E+006   1.7801E+005   1.0352E+004   1.3816E+002   2.0444E-001   6.9882E-006
 1620885972.04869370    0.4800   1.0935E+008  999.0000   5.4597E+005   7.9259E+005   1.1530E+006   1.6486E+006   2.3356E+006   3.2686E+006   4.4805E+006   5.9313E+006   7.4895E+006   8.8145E+006   9.3503E+006   8.5315E+006   6.2204E+006   3.2823E+006   1.0728E+006   1.7801E+005   1.0352E+004   1.3816E+002   2.0444E-001   6.9882E-006
 1620885974.88384150    0.4800   1.0935E+008  999.0000   5.4597E+005   7.9259E+005   1.1530E+006   1.6486E+006   2.3356E+006   3.2686E+006   4.4805E+006   5.9313E+006   7.4895E+006   8.8145E+006   9.3503E+006   8.5315E+006   6.2204E+006   3.2823E+006   1.0728E+006   1.7801E+005   1.0352E+004   1.3816E+002   2.0444E-001   6.9882E-006
 1620885977.73971270    0.6100   1.3417E+008  999.0000   6.2503E+005   9.0768E+005   1.3211E+006   1.8904E+006   2.6812E+006   3.7583E+006   5.1643E+006   6.8608E+006   8.7083E+006   1.0327E+007   1.1078E+007   1.0274E+007   7.6739E+006   4.1941E+006   1.4433E+006   2.5805E+005   1.6758E+004   2.6247E+002   4.9060E-001   2.4009E-005
 1620885980.58971550    0.6100   1.3417E+008  999.0000   6.2503E+005   9.0768E+005   1.3211E+006   1.8904E+006   2.6812E+006   3.7583E+006   5.1643E+006   6.8608E+006   8.7083E+006   1.0327E+007   1.1078E+007   1.0274E+007   7.6739E+006   4.1941E+006   1.4433E+006   2.5805E+005   1.6758E+004   2.6247E+002   4.9060E-001   2.4009E-005
 1620885983.43970970    0.6100   1.3417E+008  999.0000   6.2503E+005   9.0768E+005   1.3211E+006   1.8904E+006   2.6812E+006   3.7583E+006   5.1643E+006   6.8608E+006   8.7083E+006   1.0327E+007   1.1078E+007   1.0274E+007   7.6739E+006   4.1941E+006   1.4433E+006   2.5805E+005   1.6758E+004   2.6247E+002   4.9060E-001   2.4009E-005
 1620885986.28619720    0.8000   1.4590E+008  999.0000   4.6895E+005   6.8217E+005   9.9542E+005   1.4295E+006   2.0383E+006   2.8797E+006   4.0031E+006   5.4088E+006   7.0381E+006   8.6575E+006   9.7964E+006   9.8235E+006   8.2363E+006   5.3265E+006   2.3468E+006   5.9987E+005   6.6148E+004   2.2331E+003   1.2827E+001   3.5305E-003
 1620885989.12134460    0.8000   1.4590E+008  999.0000   4.6895E+005   6.8217E+005   9.9542E+005   1.4295E+006   2.0383E+006   2.8797E+006   4.0031E+006   5.4088E+006   7.0381E+006   8.6575E+006   9.7964E+006   9.8235E+006   8.2363E+006   5.3265E+006   2.3468E+006   5.9987E+005   6.6148E+004   2.2331E+003   1.2827E+001   3.5305E-003
 1620885991.97721240    0.8000   1.4590E+008  999.0000   4.6895E+005   6.8217E+005   9.9542E+005   1.4295E+006   2.0383E+006   2.8797E+006   4.0031E+006   5.4088E+006   7.0381E+006   8.6575E+006   9.7964E+006   9.8235E+006   8.2363E+006   5.3265E+006   2.3468E+006   5.9987E+005   6.6148E+004   2.2331E+003   1.2827E+001   3.5305E-003
 1620885994.82720660    1.0100   1.7000E+008  999.0000   4.6604E+005   6.7837E+005   9.9082E+005   1.4248E+006   2.0357E+006   2.8844E+006   4.0271E+006   5.4757E+006   7.1918E+006   8.9684E+006   1.0353E+007   1.0690E+007   9.3588E+006   6.4460E+006   3.1153E+006   9.1041E+005   1.2243E+005   5.5133E+003   4.8282E+001   2.5456E-002
 1620885997.67369370    1.0100   1.7000E+008  999.0000   4.6604E+005   6.7837E+005   9.9082E+005   1.4248E+006   2.0357E+006   2.8844E+006   4.0271E+006   5.4757E+006   7.1918E+006   8.9684E+006   1.0353E+007   1.0690E+007   9.3588E+006   6.4460E+006   3.1153E+006   9.1041E+005   1.2243E+005   5.5133E+003   4.8282E+001   2.5456E-002
 1620886000.50884150    1.2000   1.8774E+008  999.0000   4.4515E+005   6.4830E+005   9.4766E+005   1.3643E+006   1.9525E+006   2.7734E+006   3.8864E+006   5.3127E+006   7.0327E+006   8.8718E+006   1.0416E+007   1.1023E+007   1.0010E+007   7.2711E+006   3.7997E+006   1.2434E+006   1.9774E+005   1.1361E+004   1.4215E+002   1.2996E-001
 1620886003.36471270    1.2000   1.8774E+008  999.0000   4.4515E+005   6.4830E+005   9.4766E+005   1.3643E+006   1.9525E+006   2.7734E+006   3.8864E+006   5.3127E+006   7.0327E+006   8.8718E+006   1.0416E+007   1.1023E+007   1.0010E+007   7.2711E+006   3.7997E+006   1.2434E+006   1.9774E+005   1.1361E+004   1.4215E+002   1.2996E-001
 1620886006.21471520    1.2000   1.8774E+008  999.0000   4.4515E+005   6.4830E+005   9.4766E+005   1.3643E+006   1.9525E+006   2.7734E+006   3.8864E+006   5.3127E+006   7.0327E+006   8.8718E+006   1.0416E+007   1.1023E+007   1.0010E+007   7.2711E+006   3.7997E+006   1.2434E+006   1.9774E+005   1.1361E+004   1.4215E+002   1.2996E-001
 1620886009.06470970    1.4339   2.2436E+008   12.1600   6.9445E+005   1.0093E+006   1.4709E+006   2.1085E+006   2.9986E+006   4.2204E+006   5.8358E+006   7.8280E+006   1.0089E+007   1.2265E+007   1.3706E+007   1.3626E+007   1.1508E+007   7.8225E+006   3.9962E+006   1.4477E+006   3.3936E+005   5.0329E+004   4.5494E+003   2.1952E+002
 1620886011.91119740    1.4300   2.2429E+008  999.0000   5.3453E+005   7.7847E+005   1.1379E+006   1.6381E+006   2.3443E+006   3.3296E+006   4.6652E+006   6.3761E+006   8.4381E+006   1.0641E+007   1.2486E+007   1.3203E+007   1.1974E+007   8.6823E+006   4.5252E+006   1.4752E+006   2.3328E+005   1.3293E+004   1.6432E+002   1.4747E-001
 1620886014.74634460    1.4300   2.2429E+008  999.0000   5.3453E+005   7.7847E+005   1.1379E+006   1.6381E+006   2.3443E+006   3.3296E+006   4.6652E+006   6.3761E+006   8.4381E+006   1.0641E+007   1.2486E+007   1.3203E+007   1.1974E+007   8.6823E+006   4.5252E+006   1.4752E+006   2.3328E+005   1.3293E+004   1.6432E+002   1.4747E-001
 1620886017.60221220    1.6538   2.5668E+008   13.1800   7.6407E+005   1.1108E+006   1.6194E+006   2.3226E+006   3.3058E+006   4.6583E+006   6.4522E+006   8.6758E+006   1.1220E+007   1.3704E+007   1.5412E+007   1.5450E+007   1.3180E+007   9.0538E+006   4.6651E+006   1.6926E+006   3.9142E+005   5.5836E+004   4.6801E+003   1.9868E+002
 1620886020.45220640    1.6500   2.5661E+008  999.0000   6.0134E+005   8.7581E+005   1.2803E+006   1.8434E+006   2.6385E+006   3.7485E+006   5.2542E+006   7.1855E+006   9.5176E+006   1.2017E+007   1.4128E+007   1.4980E+007   1.3642E+007   9.9505E+006   5.2317E+006   1.7272E+006   2.7829E+005   1.6296E+004   2.0965E+002   2.0009E-001
 1620886023.30220890    1.6500   2.5661E+008  999.0000   6.0134E+005   8.7581E+005   1.2803E+006   1.8434E+006   2.6385E+006   3.7485E+006   5.2542E+006   7.1855E+006   9.5176E+006   1.2017E+007   1.4128E+007   1.4980E+007   1.3642E+007   9.9505E+006   5.2317E+006   1.7272E+006   2.7829E+005   1.6296E+004   2.0965E+002   2.0009E-001
 1620886026.14868830    1.7700   2.4828E+008  999.0000   4.7397E+005   6.9078E+005   1.0109E+006   1.4576E+006   2.0907E+006   2.9798E+006   4.1965E+006   5.7785E+006   7.7316E+006   9.9083E+006   1.1904E+007   1.3029E+007   1.2435E+007   9.7124E+006   5.6462E+006   2.1559E+006   4.3103E+005   3.4534E+004   7.0348E+002   1.3655E+000
 1620886028.98384760    1.7700   2.4828E+008  999.0000   4.7397E+005   6.9078E+005   1.0109E+006   1.4576E+006   2.0907E+006   2.9798E+006   4.1965E+006   5.7785E+006   7.7316E+006   9.9083E+006   1.1904E+007   1.3029E+007   1.2435E+007   9.7124E+006   5.6462E+006   2.1559E+006   4.3103E+005   3.4534E+004   7.0348E+002   1.3655E+000
 1620886031.83971550    1.7700   2.4828E+008  999.0000   4.7397E+005   6.9078E+005   1.0109E+006   1.4576E+006   2.0907E+006   2.9798E+006   4.1965E+006   5.7785E+006   7.7316E+006   9.9083E+006   1.1904E+007   1.3029E+007   1.2435E+007   9.7124E+006   5.6462E+006   2.1559E+006   4.3103E+005   3.4534E+004   7.0348E+002   1.3655E+000
 1620886034.68970970    1.9366   2.7460E+008    9.3000   7.6925E+005   1.1182E+006   1.6298E+006   2.3369E+006   3.3248E+006   4.6825E+006   6.4812E+006   8.7073E+006   1.1251E+007   1.3735E+007   1.5461E+007   1.5567E+007   1.3446E+007   9.5053E+006   5.1969E+006   2.1058E+006   5.9143E+005   1.1491E+005   1.5222E+004   1.2522E+003
 1620886037.53971240    1.9200   2.7432E+008  999.0000   5.4318E+005   7.9156E+005   1.1581E+006   1.6695E+006   2.3939E+006   3.4100E+006   4.7985E+006   6.5996E+006   8.8151E+006   1.1268E+007   1.3487E+007   1.4682E+007   1.3901E+007   1.0732E+007   6.1326E+006   2.2841E+006   4.4013E+005   3.3423E+004   6.2940E+002   1.0820E+000
 1620886040.38619140    1.9295   2.7448E+008   11.5600   7.1458E+005   1.0393E+006   1.5162E+006   2.1767E+006   3.1025E+006   4.3808E+006   6.0865E+006   8.2209E+006   1.0702E+007   1.3200E+007   1.5060E+007   1.5417E+007   1.3569E+007   9.7558E+006   5.3730E+006   2.1433E+006   5.6753E+005   9.7335E+004   1.0411E+004   6.1166E+002
 1620886043.22135160    2.0400   3.1501E+008  999.0000   7.2777E+005   1.0600E+006   1.5497E+006   2.2315E+006   3.1945E+006   4.5395E+006   6.3651E+006   8.7090E+006   1.1544E+007   1.4592E+007   1.7181E+007   1.8260E+007   1.6685E+007   1.2231E+007   6.4779E+006   2.1613E+006   3.5374E+005   2.1190E+004   2.8185E+002   2.8322E-001
 1620886046.07721830    2.0400   3.1501E+008  999.0000   7.2777E+005   1.0600E+006   1.5497E+006   2.2315E+006   3.1945E+006   4.5395E+006   6.3651E+006   8.7090E+006   1.1544E+007   1.4592E+007   1.7181E+007   1.8260E+007   1.6685E+007   1.2231E+007   6.4779E+006   2.1613E+006   3.5374E+005   2.1190E+004   2.8185E+002   2.8322E-001
 1620886048.92721270    1.9610   3.0096E+008    9.5800   9.7409E+005   1.4150E+006   2.0606E+006   2.9505E+006   4.1896E+006   5.8834E+006   8.1089E+006   1.0828E+007   1.3867E+007   1.6716E+007   1.8483E+007   1.8152E+007   1.5149E+007   1.0233E+007   5.2759E+006   1.9897E+006   5.1267E+005   9.0409E+004   1.0777E+004   7.8924E+002
 1620886051.77370000    1.9540   3.0084E+008   13.9800   8.6785E+005   1.2619E+006   1.8402E+006   2.6404E+006   3.7604E+006   5.3035E+006   7.3552E+006   9.9079E+006   1.2846E+007   1.5748E+007   1.7798E+007   1.7955E+007   1.5440E+007   1.0701E+007   5.5590E+006   2.0248E+006   4.6540E+005   6.4823E+004   5.1653E+003   2.0039E+002
 1620886054.60884760    1.9500   3.0077E+008  999.0000   6.9332E+005   1.0098E+006   1.4764E+006   2.1259E+006   3.0434E+006   4.3250E+006   6.0647E+006   8.2987E+006   1.1001E+007   1.3908E+007   1.6381E+007   1.7415E+007   1.5922E+007   1.1681E+007   6.1935E+006   2.0698E+006   3.3960E+005   2.0416E+004   2.7299E+002   2.7654E-001
 1620886057.46471520    1.7987   2.8991E+008    9.3200   1.0456E+006   1.5180E+006   2.2087E+006   3.1587E+006   4.4771E+006   6.2705E+006   8.6093E+006   1.1433E+007   1.4528E+007   1.7319E+007   1.8857E+007   1.8141E+007   1.4734E+007   9.6253E+006   4.7729E+006   1.7276E+006   4.2807E+005   7.3234E+004   8.5893E+003   6.3061E+002
 1620886060.31470970    1.7944   2.8984E+008   11.8400   9.6315E+005   1.3994E+006   2.0382E+006   2.9194E+006   4.1472E+006   5.8275E+006   8.0386E+006   1.0746E+007   1.3780E+007   1.6634E+007   1.8406E+007   1.8055E+007   1.4977E+007   9.9520E+006   4.9479E+006   1.7406E+006   3.9645E+005   5.7511E+004   5.1477E+003   2.5048E+002
 1620886063.16471270    1.7987   2.8991E+008    9.3200   1.0456E+006   1.5180E+006   2.2087E+006   3.1587E+006   4.4771E+006   6.2705E+006   8.6093E+006   1.1433E+007   1.4528E+007   1.7319E+007   1.8857E+007   1.8141E+007   1.4734E+007   9.6253E+006   4.7729E+006   1.7276E+006   4.2807E+005   7.3234E+004   8.5893E+003   6.3061E+002
 1620886066.01119140    1.5800   2.8470E+008  999.0000   8.9346E+005   1.2998E+006   1.8970E+006   2.7248E+006   3.8865E+006   5.4932E+006   7.6414E+006   1.0335E+007   1.3467E+007   1.6601E+007   1.8844E+007   1.8982E+007   1.6022E+007   1.0464E+007   4.6771E+006   1.2206E+006   1.3882E+005   4.9009E+003   3.0057E+001   9.1510E-003
 1620886068.84634760    1.5891   2.8485E+008    7.7200   1.3863E+006   2.0085E+006   2.9133E+006   4.1484E+006   5.8430E+006   8.1087E+006   1.0986E+007   1.4316E+007   1.7714E+007   2.0354E+007   2.1099E+007   1.9054E+007   1.4321E+007   8.5856E+006   3.9158E+006   1.3317E+006   3.2376E+005   5.8128E+004   7.7860E+003   7.2497E+002
 1620886071.70220640    1.5905   2.8488E+008    7.4000   1.4170E+006   2.0526E+006   2.9763E+006   4.2359E+006   5.9619E+006   8.2651E+006   1.1181E+007   1.4541E+007   1.7941E+007   2.0539E+007   2.1191E+007   1.9037E+007   1.4234E+007   8.5050E+006   3.8831E+006   1.3324E+006   3.3064E+005   6.1465E+004   8.6621E+003   8.6511E+002
 1620886074.55221270    1.3842   2.8731E+008    7.8200   1.8542E+006   2.6816E+006   3.8790E+006   5.5019E+006   7.7055E+006   1.0605E+007   1.4195E+007   1.8184E+007   2.1956E+007   2.4379E+007   2.4116E+007   2.0468E+007   1.4193E+007   7.7132E+006   3.1374E+006   9.4261E+005   2.0140E+005   3.1935E+004   3.8135E+003   3.1918E+002
 1620886077.40221550    1.3822   2.8728E+008    9.1000   1.7294E+006   2.5031E+006   3.6253E+006   5.1512E+006   7.2325E+006   9.9904E+006   1.3443E+007   1.7344E+007   2.1148E+007   2.3786E+007   2.3902E+007   2.0640E+007   1.4541E+007   7.9611E+006   3.2020E+006   9.2169E+005   1.8004E+005   2.4665E+004   2.3892E+003   1.5030E+002
 1620886080.24869440    1.3853   2.8733E+008    7.4000   1.9086E+006   2.7592E+006   3.9891E+006   5.6539E+006   7.9098E+006   1.0869E+007   1.4517E+007   1.8539E+007   2.2292E+007   2.4620E+007   2.4197E+007   2.0391E+007   1.4051E+007   7.6141E+006   3.1110E+006   9.5012E+005   2.0988E+005   3.5089E+004   4.5122E+003   4.1699E+002
 1620886083.08385040    1.2735   2.7399E+008    7.6800   1.9160E+006   2.7692E+006   4.0019E+006   5.6687E+006   7.9237E+006   1.0874E+007   1.4497E+007   1.8463E+007   2.2113E+007   2.4282E+007   2.3667E+007   1.9709E+007   1.3353E+007   7.0690E+006   2.7986E+006   8.2062E+005   1.7211E+005   2.7040E+004   3.2340E+003   2.7435E+002
 1620886085.94110200    1.2723   2.7397E+008    8.5000   1.8235E+006   2.6372E+006   3.8146E+006   5.4105E+006   7.5769E+006   1.0427E+007   1.3954E+007   1.7866E+007   2.1552E+007   2.3888E+007   2.3547E+007   1.9852E+007   1.3595E+007   7.2288E+006   2.8353E+006   8.0549E+005   1.5851E+005   2.2506E+004   2.3351E+003   1.6369E+002
 1620886088.79388900    1.2739   2.7400E+008    7.5000   1.9402E+006   2.8037E+006   4.0508E+006   5.7360E+006   8.0138E+006   1.0991E+007   1.4637E+007   1.8616E+007   2.2256E+007   2.4380E+007   2.3695E+007   1.9672E+007   1.3292E+007   7.0294E+006   2.7894E+006   8.2413E+005   1.7547E+005   2.8224E+004   3.4873E+003   3.0892E+002
 1620886091.63970660    1.0628   2.7395E+008    6.6800   2.9687E+006   4.2728E+006   6.1366E+006   8.6164E+006   1.1892E+007   1.6022E+007   2.0802E+007   2.5531E+007   2.9052E+007   2.9774E+007   2.6547E+007   1.9817E+007   1.1829E+007   5.4927E+006   1.9300E+006   5.1958E+005   1.0534E+005   1.7080E+004   2.2601E+003   2.2872E+002
 1620886094.48619370    1.0631   2.7395E+008    6.5200   3.0155E+006   4.3390E+006   6.2294E+006   8.7420E+006   1.2056E+007   1.6226E+007   2.1035E+007   2.5766E+007   2.9242E+007   2.9869E+007   2.6532E+007   1.9735E+007   1.1750E+007   5.4580E+006   1.9274E+006   5.2480E+005   1.0847E+005   1.8075E+004   2.4774E+003   2.6202E+002
 1620886097.32134150    0.8616   2.5569E+008    6.4200   3.7490E+006   5.3780E+006   7.6859E+006   1.0717E+007   1.4642E+007   1.9442E+007   2.4723E+007   2.9480E+007   3.2242E+007   3.1340E+007   2.6123E+007   1.7973E+007   9.7700E+006   4.1166E+006   1.3193E+006   3.2917E+005   6.3241E+004   9.9883E+003   1.3227E+003   1.3753E+002
 1620886100.17721270    0.8600   2.5566E+008  999.0000   2.1593E+006   3.1250E+006   4.5247E+006   6.4262E+006   9.0155E+006   1.2435E+007   1.6684E+007   2.1407E+007   2.5817E+007   2.8399E+007   2.7293E+007   2.1557E+007   1.2697E+007   4.9105E+006   1.0174E+006   8.7368E+004   1.9176E+003   6.2465E+000   1.1836E-003   1.7385E-009
 1620886103.02721520    0.8653   2.5575E+008    5.2000   4.4229E+006   6.3241E+006   8.9948E+006   1.2458E+007   1.6860E+007   2.2088E+007   2.7571E+007   3.2079E+007   3.4004E+007   3.1851E+007   2.5532E+007   1.6988E+007   9.0876E+006   3.8950E+006   1.3326E+006   3.7617E+005   8.7325E+004   1.7700E+004   3.1792E+003   4.7760E+002
 1620886105.87720970    0.7214   2.3539E+008    6.0600   4.3300E+006   6.1926E+006   8.8100E+006   1.2206E+007   1.6525E+007   2.1657E+007   2.7033E+007   3.1426E+007   3.3215E+007   3.0888E+007   2.4390E+007   1.5774E+007   8.0325E+006   3.1877E+006   9.7554E+005   2.3760E+005   4.5749E+004   7.4437E+003   1.0419E+003   1.1753E+002
 1620886108.72369720    0.7232   2.3542E+008    5.2800   4.8411E+006   6.9067E+006   9.7910E+006   1.3498E+007   1.8145E+007   2.3545E+007   2.8993E+007   3.3110E+007   3.4224E+007   3.1018E+007   2.3863E+007   1.5120E+007   7.6506E+006   3.0916E+006   9.9662E+005   2.6578E+005   5.8463E+004   1.1282E+004   1.9371E+003   2.7862E+002
 1620886111.55884460    0.7209   2.3539E+008    6.5000   4.1234E+006   5.9031E+006   8.4107E+006   1.1677E+007   1.5856E+007   2.0867E+007   2.6199E+007   3.0688E+007   3.2750E+007   3.0805E+007   2.4611E+007   1.6069E+007   8.2090E+006   3.2301E+006   9.6353E+005   2.2410E+005   4.0255E+004   5.9812E+003   7.4962E+002   7.4014E+001
 1620886114.41471670    0.6258   2.4069E+008    4.3300   8.5250E+006   1.2029E+007   1.6776E+007   2.2608E+007   2.9431E+007   3.6514E+007   4.2288E+007   4.4581E+007   4.1675E+007   3.3552E+007   2.2726E+007   1.2749E+007   5.8500E+006   2.2427E+006   7.2748E+005   2.0824E+005   5.2469E+004   1.2260E+004   2.6727E+003   5.1367E+002
 1620886117.26471850    0.6624   2.3874E+008    5.1600   6.1109E+006   8.6882E+006   1.2254E+007   1.6772E+007   2.2316E+007   2.8538E+007   3.4432E+007   3.8257E+007   3.8140E+007   3.3029E+007   2.4077E+007   1.4373E+007   6.8404E+006   2.6133E+006   8.0449E+005   2.0779E+005   4.4923E+004   8.6446E+003   1.4987E+003   2.2013E+002
 1620886120.11119370    0.6619   2.3873E+008    5.3800   5.8854E+006   8.3754E+006   1.1829E+007   1.6221E+007   2.1641E+007   2.7779E+007   3.3687E+007   3.7673E+007   3.7857E+007   3.3074E+007   2.4311E+007   1.4596E+007   6.9486E+006   2.6330E+006   7.9529E+005   1.9924E+005   4.1283E+004   7.5379E+003   1.2292E+003   1.6808E+002
 1620886122.94634150    0.5600   2.3253E+008  999.0000   3.7880E+006   5.4530E+006   7.8329E+006   1.0999E+007   1.5175E+007   2.0422E+007   2.6422E+007   3.2151E+007   3.5864E+007   3.5178E+007   2.8595E+007   1.7684E+007   7.2531E+006   1.6574E+006   1.5880E+005   4.4803E+003   1.9025E+001   5.7932E-003   3.5268E-008   2.7787E-016
 1620886125.80220890    0.5612   2.3255E+008    5.3000   7.5972E+006   1.0760E+007   1.5088E+007   2.0486E+007   2.6945E+007   3.3896E+007   3.9964E+007   4.3035E+007   4.1153E+007   3.3785E+007   2.3074E+007   1.2772E+007   5.5895E+006   1.9577E+006   5.5257E+005   1.3140E+005   2.6251E+004   4.6948E+003   7.5978E+002   1.0425E+002
 1620886128.65220360    0.5611   2.3254E+008    5.3600   7.5221E+006   1.0656E+007   1.4949E+007   2.0309E+007   2.6734E+007   3.3668E+007   3.9754E+007   4.2888E+007   4.1104E+007   3.3824E+007   2.3149E+007   1.2828E+007   5.6104E+006   1.9588E+006   5.4943E+005   1.2943E+005   2.5536E+004   4.4983E+003   7.1545E+002   9.6223E+001
 1620886131.50220970    0.4407   2.1656E+008    5.1600   1.0060E+007   1.4145E+007   1.9626E+007   2.6253E+007   3.3809E+007   4.1287E+007   4.6729E+007   4.7675E+007   4.2541E+007   3.2100E+007   1.9919E+007   9.9632E+006   3.9482E+006   1.2680E+006   3.3423E+005   7.5885E+004   1.4785E+004   2.6293E+003   4.2991E+002   6.0429E+001
 1620886134.34869690    0.4410   2.1657E+008    4.8900   1.0600E+007   1.4877E+007   2.0586E+007   2.7437E+007   3.5157E+007   4.2641E+007   4.7834E+007   4.8275E+007   4.2553E+007   3.1726E+007   1.9511E+007   9.7365E+006   3.8900E+006   1.2764E+006   3.4890E+005   8.3299E+004   1.7299E+004   3.3130E+003   5.8844E+002   9.0843E+001
 1620886137.18384460    0.4406   2.1656E+008    5.2600   9.8853E+006   1.3908E+007   1.9312E+007   2.5865E+007   3.3365E+007   4.0837E+007   4.6357E+007   4.7468E+007   4.2532E+007   3.2224E+007   2.0058E+007   1.0041E+007   3.9677E+006   1.2645E+006   3.2900E+005   7.3355E+004   1.3964E+004   2.4169E+003   3.8335E+002   5.2057E+001
 1620886140.03971240    0.3514   2.1551E+008    4.2300   1.9046E+007   2.6243E+007   3.5348E+007   4.5403E+007   5.5276E+007   6.2534E+007   6.4020E+007   5.7702E+007   4.4540E+007   2.8767E+007   1.5398E+007   6.8381E+006   2.5256E+006   8.0600E+005   2.2618E+005   5.8299E+004   1.3681E+004   3.0664E+003   6.5581E+002   1.2580E+002
 1620886142.88970660    0.3514   2.1550E+008    4.2500   1.8933E+007   2.6094E+007   3.5163E+007   4.5190E+007   5.5059E+007   6.2349E+007   6.3909E+007   5.7680E+007   4.4585E+007   2.8828E+007   1.5438E+007   6.8537E+006   2.5276E+006   8.0454E+005   2.2492E+005   5.7703E+004   1.3466E+004   2.9998E+003   6.3732E+002   1.2136E+002
 1620886145.73971270    0.3263   2.0492E+008    3.4000   2.7403E+007   3.6950E+007   4.8258E+007   5.9493E+007   6.8591E+007   7.2372E+007   6.8126E+007   5.6006E+007   3.9489E+007   2.3681E+007   1.2162E+007   5.4251E+006   2.1238E+006   7.5789E+005   2.4981E+005   7.8638E+004   2.3349E+004   6.7766E+003   1.9134E+003   4.9842E+002
 1620886148.58620020    0.3388   2.0504E+008    2.9600   3.6718E+007   4.8524E+007   6.1615E+007   7.3241E+007   8.0603E+007   8.0375E+007   7.1007E+007   5.4788E+007   3.6563E+007   2.1138E+007   1.0747E+007   4.8930E+006   2.0173E+006   7.7937E+005   2.8474E+005   1.0107E+005   3.4373E+004   1.1534E+004   3.7958E+003   1.1679E+003
 1620886151.42134760    0.3757   2.0527E+008    2.5800   5.3381E+007   6.8330E+007   8.3065E+007   9.3490E+007   9.6235E+007   8.8852E+007   7.2391E+007   5.1832E+007   3.2608E+007   1.8217E+007   9.2226E+006   4.3108E+006   1.8773E+006   7.8415E+005   3.1566E+005   1.2508E+005   4.8059E+004   1.8343E+004   6.9076E+003   2.4586E+003
 1620886154.27721520    0.3458   1.9525E+008    2.4800   6.6971E+007   8.3602E+007   9.8264E+007   1.0612E+008   1.0399E+008   9.0838E+007   6.9900E+007   4.7468E+007   2.8569E+007   1.5456E+007   7.6810E+006   3.5697E+006   1.5630E+006   6.6228E+005   2.7233E+005   1.1076E+005   4.3857E+004   1.7293E+004   6.7410E+003   2.4914E+003
 1620886157.12720970    0.3058   1.9504E+008    2.7700   4.8191E+007   6.2215E+007   7.6491E+007   8.7266E+007   9.1230E+007   8.5588E+007   7.0703E+007   5.1040E+007   3.2095E+007   1.7727E+007   8.7697E+006   3.9618E+006   1.6509E+006   6.5490E+005   2.4883E+005   9.2705E+004   3.3352E+004   1.1897E+004   4.1783E+003   1.3804E+003
 1620886159.97721240    0.2878   1.9489E+008    3.2300   3.3552E+007   4.4611E+007   5.7122E+007   6.8609E+007   7.6457E+007   7.7301E+007   6.9188E+007   5.3864E+007   3.5982E+007   2.0579E+007   1.0204E+007   4.4642E+006   1.7427E+006   6.2992E+005   2.1315E+005   6.9595E+004   2.1621E+004   6.6035E+003   1.9712E+003   5.4620E+002
 1620886162.82369140    0.2430   1.9247E+008    3.4800   3.7262E+007   4.9394E+007   6.2957E+007   7.5130E+007   8.2944E+007   8.2737E+007   7.2657E+007   5.5119E+007   3.5576E+007   1.9474E+007   9.1553E+006   3.7637E+006   1.3687E+006   4.5806E+005   1.4273E+005   4.2783E+004   1.2151E+004   3.3878E+003   9.2137E+002   2.3123E+002
 1620886165.65884760    0.2490   1.9253E+008    3.0400   4.8968E+007   6.3454E+007   7.8381E+007   8.9878E+007   9.4412E+007   8.8828E+007   7.3259E+007   5.2400E+007   3.2302E+007   1.7268E+007   8.1589E+006   3.4764E+006   1.3504E+006   4.9513E+005   1.7263E+005   5.8765E+004   1.9218E+004   6.2183E+003   1.9763E+003   5.8698E+002
 1620886168.51470640    0.2421   1.9246E+008    3.6400   3.4499E+007   4.5994E+007   5.9095E+007   7.1255E+007   7.9711E+007   8.0794E+007   7.2226E+007   5.5755E+007   3.6508E+007   2.0146E+007   9.4633E+006   3.8472E+006   1.3690E+006   4.4417E+005   1.3311E+005   3.8150E+004   1.0305E+004   2.7240E+003   7.0042E+002   1.6541E+002
 1620886171.36471270    0.2018   1.9261E+008    3.4900   5.1487E+007   6.6980E+007   8.3139E+007   9.5821E+007   1.0109E+008   9.5221E+007   7.8097E+007   5.4927E+007   3.2761E+007   1.6609E+007   7.2857E+006   2.8233E+006   9.7811E+005   3.1518E+005   9.5389E+004   2.7971E+004   7.8109E+003   2.1496E+003   5.7867E+002   1.4398E+002
 1620886174.21471520    0.2025   1.9262E+008    3.3500   5.5485E+007   7.1680E+007   8.8126E+007   1.0035E+008   1.0430E+008   9.6582E+007   7.7808E+007   5.3855E+007   3.1759E+007   1.6038E+007   7.0718E+006   2.7809E+006   9.8663E+005   3.2803E+005   1.0307E+005   3.1511E+004   9.2118E+003   2.6599E+003   7.5277E+002   1.9767E+002
 1620886177.06119440    0.2019   1.9261E+008    3.4700   5.2000E+007   6.7586E+007   8.3786E+007   9.6413E+007   1.0151E+008   9.5405E+007   7.8061E+007   5.4785E+007   3.2626E+007   1.6532E+007   7.2577E+006   2.8183E+006   9.7968E+005   3.1710E+005   9.6482E+004   2.8460E+004   7.9995E+003   2.2167E+003   6.0100E+002   1.5069E+002
 1620886179.89635060    0.1727   1.9040E+008    3.2200   7.6708E+007   9.6393E+007   1.1408E+008   1.2379E+008   1.2117E+008   1.0452E+008   7.7886E+007   4.9879E+007   2.7400E+007   1.3061E+007   5.5316E+006   2.1275E+006   7.5071E+005   2.5181E+005   8.0737E+004   2.5398E+004   7.6908E+003   2.3104E+003   6.8257E+002   1.8797E+002
 1620886182.75220970    0.1740   1.9042E+008    3.0700   8.4717E+007   1.0519E+008   1.2252E+008   1.3040E+008   1.2478E+008   1.0504E+008   7.6480E+007   4.8088E+007   2.6145E+007   1.2463E+007   5.3372E+006   2.0974E+006   7.6323E+005   2.6590E+005   8.9053E+004   2.9369E+004   9.3585E+003   2.9637E+003   9.2469E+002   2.6998E+002
 1620886185.60221220    0.1700   1.9037E+008  999.0000   2.1076E+007   2.9393E+007   4.0260E+007   5.2821E+007   6.5971E+007   7.6636E+007   7.9799E+007   7.0760E+007   4.9568E+007   2.4545E+007   7.3586E+006   1.0620E+006   5.0876E+004   5.1673E+002   5.2695E-001   2.2047E-005   6.8473E-012   2.7058E-021   6.9297E-035   2.2628E-055
 1620886188.45220640    0.1600   2.0385E+008  999.0000   2.8779E+007   3.9858E+007   5.4030E+007   6.9842E+007   8.5349E+007   9.6007E+007   9.5335E+007   7.8885E+007   4.9917E+007   2.1292E+007   5.1350E+006   5.3978E+005   1.6216E+004   8.3905E+001   3.2128E-002   3.3310E-007   1.3724E-014   3.1836E-025   1.5621E-040   1.7389E-063
 1620886191.29869370    0.1609   2.0386E+008    3.5300   8.6529E+007   1.0888E+008   1.2900E+008   1.4001E+008   1.3679E+008   1.1727E+008   8.6252E+007   5.3979E+007   2.8613E+007   1.2976E+007   5.1568E+006   1.8378E+006   5.9394E+005   1.8102E+005   5.2374E+004   1.4811E+004   4.0116E+003   1.0759E+003   2.8313E+002   6.8950E+001
 1620886194.13384150    0.1414   1.6969E+008    3.3100   7.4175E+007   9.2728E+007   1.0894E+008   1.1708E+008   1.1317E+008   9.6049E+007   7.0173E+007   4.3914E+007   2.3500E+007   1.0886E+007   4.4726E+006   1.6667E+006   5.6915E+005   1.8468E+005   5.7251E+004   1.7413E+004   5.0952E+003   1.4791E+003   4.2214E+002   1.1210E+002
 1620886196.98971270    0.1400   1.6967E+008  999.0000   2.1807E+007   3.0286E+007   4.1228E+007   5.3612E+007   6.6093E+007   7.5316E+007   7.6232E+007   6.4860E+007   4.2757E+007   1.9367E+007   5.0982E+006   6.0882E+005   2.2068E+004   1.4976E+002   8.5018E-002   1.5438E-006   1.4307E-013   1.0337E-023   2.4664E-038   2.6453E-060
 1620886199.83971550    0.1400   1.6967E+008  999.0000   2.1807E+007   3.0286E+007   4.1228E+007   5.3612E+007   6.6093E+007   7.5316E+007   7.6232E+007   6.4860E+007   4.2757E+007   1.9367E+007   5.0982E+006   6.0882E+005   2.2068E+004   1.4976E+002   8.5018E-002   1.5438E-006   1.4307E-013   1.0337E-023   2.4664E-038   2.6453E-060
 1620886202.68970970    0.1300   1.7007E+008  999.0000   2.5235E+007   3.4896E+007   4.7195E+007   6.0806E+007   7.3948E+007   8.2590E+007   8.1152E+007   6.6126E+007   4.0911E+007   1.6881E+007   3.8796E+006   3.8013E+005   1.0298E+004   4.5888E+001   1.4147E-002   1.0776E-007   2.8442E-015   3.5374E-026   7.3016E-042   2.3601E-065
 1620886205.53619720    0.1300   1.7007E+008  999.0000   2.5235E+007   3.4896E+007   4.7195E+007   6.0806E+007   7.3948E+007   8.2590E+007   8.1152E+007   6.6126E+007   4.0911E+007   1.6881E+007   3.8796E+006   3.8013E+005   1.0298E+004   4.5888E+001   1.4147E-002   1.0776E-007   2.8442E-015   3.5374E-026   7.3016E-042   2.3601E-065
 1620886208.37134460    0.1300   1.7007E+008  999.0000   2.5235E+007   3.4896E+007   4.7195E+007   6.0806E+007   7.3948E+007   8.2590E+007   8.1152E+007   6.6126E+007   4.0911E+007   1.6881E+007   3.8796E+006   3.8013E+005   1.0298E+004   4.5888E+001   1.4147E-002   1.0776E-007   2.8442E-015   3.5374E-026   7.3016E-042   2.3601E-065
 1620886211.22721650    0.1200   1.5012E+008  999.0000   2.0481E+007   2.8395E+007   3.8551E+007   4.9944E+007   6.1232E+007   6.9209E+007   6.9213E+007   5.7865E+007   3.7176E+007   1.6214E+007   4.0394E+006   4.4516E+005   1.4337E+004   8.2023E+001   3.6339E-002   4.6364E-007   2.5786E-014   9.1059E-025   8.0160E-040   2.0590E-062
 1620886214.07721830    0.1100   1.7161E+008  999.0000   3.5343E+007   4.8323E+007   6.4254E+007   8.0799E+007   9.4828E+007   1.0049E+008   9.1374E+007   6.6504E+007   3.4854E+007   1.1274E+007   1.8171E+006   1.0624E+005   1.3468E+003   2.0064E+000   1.2650E-004   1.0133E-010   1.0430E-019   1.4125E-032   5.6801E-051   2.6689E-078
 1620886216.92721270    0.1100   1.7161E+008  999.0000   3.5343E+007   4.8323E+007   6.4254E+007   8.0799E+007   9.4828E+007   1.0049E+008   9.1374E+007   6.6504E+007   3.4854E+007   1.1274E+007   1.8171E+006   1.0624E+005   1.3468E+003   2.0064E+000   1.2650E-004   1.0133E-010   1.0430E-019   1.4125E-032   5.6801E-051   2.6689E-078
 1620886219.77370000    0.1000   1.5489E+008  999.0000   3.1475E+007   4.3056E+007   5.7293E+007   7.2124E+007   8.4781E+007   9.0055E+007   8.2169E+007   6.0107E+007   3.1735E+007   1.0377E+007   1.6992E+006   1.0166E+005   1.3331E+003   2.0853E+000   1.4108E-004   1.2489E-010   1.4841E-019   2.4530E-032   1.2971E-050   8.9548E-078
 1620886222.60884760    0.1000   1.5489E+008  999.0000   3.1475E+007   4.3056E+007   5.7293E+007   7.2124E+007   8.4781E+007   9.0055E+007   8.2169E+007   6.0107E+007   3.1735E+007   1.0377E+007   1.6992E+006   1.0166E+005   1.3331E+003   2.0853E+000   1.4108E-004   1.2489E-010   1.4841E-019   2.4530E-032   1.2971E-050   8.9548E-078
 1620886225.46471520    0.1000   1.5489E+008  999.0000   3.1475E+007   4.3056E+007   5.7293E+007   7.2124E+007   8.4781E+007   9.0055E+007   8.2169E+007   6.0107E+007   3.1735E+007   1.0377E+007   1.6992E+006   1.0166E+005   1.3331E+003   2.0853E+000   1.4108E-004   1.2489E-010   1.4841E-019   2.4530E-032   1.2971E-050   8.9548E-078
 1620886228.31470970    0.0800   1.4929E+008  999.0000   4.2710E+007   5.7598E+007   7.5021E+007   9.1599E+007   1.0296E+008   1.0236E+008   8.4711E+007   5.3754E+007   2.3033E+007   5.5449E+006   5.8129E+005   1.8184E+004   9.2005E+001   3.6526E-002   3.4098E-007   1.8371E-014   3.9669E-025   2.5795E-040   7.1100E-062   1.3067E-093
 1620886231.16149040    0.0800   1.4929E+008  999.0000   4.2710E+007   5.7598E+007   7.5021E+007   9.1599E+007   1.0296E+008   1.0236E+008   8.4711E+007   5.3754E+007   2.3033E+007   5.5449E+006   5.8129E+005   1.8184E+004   9.2005E+001   3.6526E-002   3.4098E-007   1.8371E-014   3.9669E-025   2.5795E-040   7.1100E-062   1.3067E-093
