          0.00000000    0.0000   0.0000E+000    0.0000   3.0000E-002   4.4000E-002   6.5000E-002   9.5000E-002   1.3900E-001   2.0400E-001   3.0000E-001   4.4000E-001   6.4600E-001   9.4900E-001   1.3920E+000   2.0400E+000   3.0000E+000   4.4000E+000   6.4600E+000   9.4500E+000   1.3900E+001   2.0400E+001   3.0000E+001   4.5000E+001
 1620969915.47854330    0.0100   3.0994E+006  999.0000   2.8420E+004   4.1106E+004   5.9467E+004   8.4355E+004   1.1813E+005   1.6251E+005   2.1719E+005   2.7709E+005   3.3138E+005   3.6007E+005   3.3988E+005   2.6149E+005   1.4814E+005   5.4143E+004   1.0325E+004   7.8655E+002   1.4463E+001   3.6478E-002   4.7642E-006   3.9653E-012
 1620969918.32854580    0.0100   3.0994E+006  999.0000   2.8420E+004   4.1106E+004   5.9467E+004   8.4355E+004   1.1813E+005   1.6251E+005   2.1719E+005   2.7709E+005   3.3138E+005   3.6007E+005   3.3988E+005   2.6149E+005   1.4814E+005   5.4143E+004   1.0325E+004   7.8655E+002   1.4463E+001   3.6478E-002   4.7642E-006   3.9653E-012
 1620969921.18205500    0.0100   6.4669E+006  999.0000   2.4990E+005   3.5601E+005   5.0346E+005   6.9136E+005   9.2318E+005   1.1837E+006   1.4260E+006   1.5638E+006   1.4970E+006   1.1728E+006   6.8655E+005   2.6292E+005   5.3121E+004   4.3402E+003   9.2376E+001   2.9901E-001   5.2670E-005   1.6701E-010   1.4313E-018   5.8888E-031
 1620969924.04690070    0.0100   6.4669E+006  999.0000   2.4990E+005   3.5601E+005   5.0346E+005   6.9136E+005   9.2318E+005   1.1837E+006   1.4260E+006   1.5638E+006   1.4970E+006   1.1728E+006   6.8655E+005   2.6292E+005   5.3121E+004   4.3402E+003   9.2376E+001   2.9901E-001   5.2670E-005   1.6701E-010   1.4313E-018   5.8888E-031
 1620969926.89104580    0.0100   6.4669E+006  999.0000   2.4990E+005   3.5601E+005   5.0346E+005   6.9136E+005   9.2318E+005   1.1837E+006   1.4260E+006   1.5638E+006   1.4970E+006   1.1728E+006   6.8655E+005   2.6292E+005   5.3121E+004   4.3402E+003   9.2376E+001   2.9901E-001   5.2670E-005   1.6701E-010   1.4313E-018   5.8888E-031
 1620969929.74104050    0.0200   9.1304E+006  999.0000   1.7908E+005   2.5731E+005   3.6859E+005   5.1551E+005   7.0713E+005   9.4342E+005   1.2052E+006   1.4395E+006   1.5625E+006   1.4724E+006   1.1287E+006   6.4075E+005   2.3158E+005   4.4029E+004   3.2227E+003   6.1675E+001   1.4784E-001   1.9775E-005   3.6671E-011   4.7893E-020
 1620969932.59456110    0.0200   9.1304E+006  999.0000   1.7908E+005   2.5731E+005   3.6859E+005   5.1551E+005   7.0713E+005   9.4342E+005   1.2052E+006   1.4395E+006   1.5625E+006   1.4724E+006   1.1287E+006   6.4075E+005   2.3158E+005   4.4029E+004   3.2227E+003   6.1675E+001   1.4784E-001   1.9775E-005   3.6671E-011   4.7893E-020
 1620969935.45940280    0.0200   9.1304E+006  999.0000   1.7908E+005   2.5731E+005   3.6859E+005   5.1551E+005   7.0713E+005   9.4342E+005   1.2052E+006   1.4395E+006   1.5625E+006   1.4724E+006   1.1287E+006   6.4075E+005   2.3158E+005   4.4029E+004   3.2227E+003   6.1675E+001   1.4784E-001   1.9775E-005   3.6671E-011   4.7893E-020
 1620969938.30354050    0.0400   1.3343E+007  999.0000   1.4139E+005   2.0429E+005   2.9507E+005   4.1760E+005   5.8287E+005   7.9786E+005   1.0586E+006   1.3363E+006   1.5733E+006   1.6707E+006   1.5250E+006   1.1171E+006   5.8858E+005   1.9358E+005   3.1626E+004   1.9268E+003   2.5473E+001   3.9890E-002   2.6065E-006   7.5477E-013
 1620969941.15354630    0.0400   1.3343E+007  999.0000   1.4139E+005   2.0429E+005   2.9507E+005   4.1760E+005   5.8287E+005   7.9786E+005   1.0586E+006   1.3363E+006   1.5733E+006   1.6707E+006   1.5250E+006   1.1171E+006   5.8858E+005   1.9358E+005   3.1626E+004   1.9268E+003   2.5473E+001   3.9890E-002   2.6065E-006   7.5477E-013
 1620969944.00706340    0.0400   1.3343E+007  999.0000   1.4139E+005   2.0429E+005   2.9507E+005   4.1760E+005   5.8287E+005   7.9786E+005   1.0586E+006   1.3363E+006   1.5733E+006   1.6707E+006   1.5250E+006   1.1171E+006   5.8858E+005   1.9358E+005   3.1626E+004   1.9268E+003   2.5473E+001   3.9890E-002   2.6065E-006   7.5477E-013
 1620969946.87189770    0.0700   1.6771E+007  999.0000   9.2522E+004   1.3424E+005   1.9513E+005   2.7868E+005   3.9417E+005   5.5026E+005   7.5155E+005   9.8966E+005   1.2399E+006   1.4427E+006   1.5049E+006   1.3399E+006   9.4221E+005   4.7164E+005   1.4267E+005   2.1168E+004   1.0431E+003   1.0951E+001   1.1417E-002   2.2801E-007
 1620969949.71604280    0.0700   1.6771E+007  999.0000   9.2522E+004   1.3424E+005   1.9513E+005   2.7868E+005   3.9417E+005   5.5026E+005   7.5155E+005   9.8966E+005   1.2399E+006   1.4427E+006   1.5049E+006   1.3399E+006   9.4221E+005   4.7164E+005   1.4267E+005   2.1168E+004   1.0431E+003   1.0951E+001   1.1417E-002   2.2801E-007
 1620969952.56603770    0.0700   1.6771E+007  999.0000   9.2522E+004   1.3424E+005   1.9513E+005   2.7868E+005   3.9417E+005   5.5026E+005   7.5155E+005   9.8966E+005   1.2399E+006   1.4427E+006   1.5049E+006   1.3399E+006   9.4221E+005   4.7164E+005   1.4267E+005   2.1168E+004   1.0431E+003   1.0951E+001   1.1417E-002   2.2801E-007
 1620969955.41955800    0.1100   2.8239E+007  999.0000   1.7855E+005   2.5887E+005   3.7585E+005   5.3589E+005   7.5614E+005   1.0518E+006   1.4290E+006   1.8673E+006   2.3132E+006   2.6469E+006   2.6948E+006   2.3155E+006   1.5447E+006   7.1622E+005   1.9362E+005   2.4419E+004   9.4613E+002   7.0131E+000   4.4002E-003   4.0351E-008
 1620969958.28440380    0.1100   2.8239E+007  999.0000   1.7855E+005   2.5887E+005   3.7585E+005   5.3589E+005   7.5614E+005   1.0518E+006   1.4290E+006   1.8673E+006   2.3132E+006   2.6469E+006   2.6948E+006   2.3155E+006   1.5447E+006   7.1622E+005   1.9362E+005   2.4419E+004   9.4613E+002   7.0131E+000   4.4002E-003   4.0351E-008
 1620969961.12854860    0.1700   3.4028E+007  999.0000   1.3151E+005   1.9116E+005   2.7860E+005   3.9941E+005   5.6809E+005   7.9960E+005   1.1055E+006   1.4817E+006   1.9055E+006   2.3038E+006   2.5418E+006   2.4563E+006   1.9498E+006   1.1644E+006   4.5639E+005   9.8494E+004   8.4522E+003   1.9832E+002   6.6907E-001   8.1168E-005
 1620969963.97854330    0.1700   3.4028E+007  999.0000   1.3151E+005   1.9116E+005   2.7860E+005   3.9941E+005   5.6809E+005   7.9960E+005   1.1055E+006   1.4817E+006   1.9055E+006   2.3038E+006   2.5418E+006   2.4563E+006   1.9498E+006   1.1644E+006   4.5639E+005   9.8494E+004   8.4522E+003   1.9832E+002   6.6907E-001   8.1168E-005
 1620969966.83206030    0.1700   3.4028E+007  999.0000   1.3151E+005   1.9116E+005   2.7860E+005   3.9941E+005   5.6809E+005   7.9960E+005   1.1055E+006   1.4817E+006   1.9055E+006   2.3038E+006   2.5418E+006   2.4563E+006   1.9498E+006   1.1644E+006   4.5639E+005   9.8494E+004   8.4522E+003   1.9832E+002   6.6907E-001   8.1168E-005
 1620969969.69689460    0.2800   4.9778E+007  999.0000   1.5210E+005   2.2130E+005   3.2302E+005   4.6408E+005   6.6217E+005   9.3638E+005   1.3035E+006   1.7649E+006   2.3036E+006   2.8463E+006   3.2419E+006   3.2820E+006   2.7910E+006   1.8425E+006   8.3673E+005   2.2345E+005   2.6291E+004   9.7524E+002   6.4295E+000   2.1882E-003
 1620969972.54104330    0.2800   4.9778E+007  999.0000   1.5210E+005   2.2130E+005   3.2302E+005   4.6408E+005   6.6217E+005   9.3638E+005   1.3035E+006   1.7649E+006   2.3036E+006   2.8463E+006   3.2419E+006   3.2820E+006   2.7910E+006   1.8425E+006   8.3673E+005   2.2345E+005   2.6291E+004   9.7524E+002   6.4295E+000   2.1882E-003
 1620969975.39104580    0.2800   4.9778E+007  999.0000   1.5210E+005   2.2130E+005   3.2302E+005   4.6408E+005   6.6217E+005   9.3638E+005   1.3035E+006   1.7649E+006   2.3036E+006   2.8463E+006   3.2419E+006   3.2820E+006   2.7910E+006   1.8425E+006   8.3673E+005   2.2345E+005   2.6291E+004   9.7524E+002   6.4295E+000   2.1882E-003
 1620969978.24455500    0.4100   6.7939E+007  999.0000   1.8056E+005   2.6285E+005   3.8399E+005   5.5231E+005   7.8941E+005   1.1191E+006   1.5638E+006   2.1288E+006   2.8008E+006   3.5015E+006   4.0572E+006   4.2119E+006   3.7173E+006   2.5905E+006   1.2737E+006   3.8159E+005   5.3245E+004   2.5297E+003   2.3962E+001   1.4259E-002
 1620969981.10940070    0.4100   6.7939E+007  999.0000   1.8056E+005   2.6285E+005   3.8399E+005   5.5231E+005   7.8941E+005   1.1191E+006   1.5638E+006   2.1288E+006   2.8008E+006   3.5015E+006   4.0572E+006   4.2119E+006   3.7173E+006   2.5905E+006   1.2737E+006   3.8159E+005   5.3245E+004   2.5297E+003   2.3962E+001   1.4259E-002
 1620969983.95354580    0.4100   6.7939E+007  999.0000   1.8056E+005   2.6285E+005   3.8399E+005   5.5231E+005   7.8941E+005   1.1191E+006   1.5638E+006   2.1288E+006   2.8008E+006   3.5015E+006   4.0572E+006   4.2119E+006   3.7173E+006   2.5905E+006   1.2737E+006   3.8159E+005   5.3245E+004   2.5297E+003   2.3962E+001   1.4259E-002
 1620969986.80705500    0.5900   1.1360E+008  999.0000   4.0653E+005   5.9110E+005   8.6194E+005   1.2366E+006   1.7607E+006   2.4822E+006   3.4398E+006   4.6265E+006   5.9798E+006   7.2834E+006   8.1234E+006   7.9756E+006   6.4812E+006   4.0050E+006   1.6505E+006   3.8300E+005   3.6596E+004   1.0035E+003   4.2526E+000   7.3271E-004
 1620969989.67190070    0.5900   1.1360E+008  999.0000   4.0653E+005   5.9110E+005   8.6194E+005   1.2366E+006   1.7607E+006   2.4822E+006   3.4398E+006   4.6265E+006   5.9798E+006   7.2834E+006   8.1234E+006   7.9756E+006   6.4812E+006   4.0050E+006   1.6505E+006   3.8300E+005   3.6596E+004   1.0035E+003   4.2526E+000   7.3271E-004
 1620969992.51604580    0.5900   1.1360E+008  999.0000   4.0653E+005   5.9110E+005   8.6194E+005   1.2366E+006   1.7607E+006   2.4822E+006   3.4398E+006   4.6265E+006   5.9798E+006   7.2834E+006   8.1234E+006   7.9756E+006   6.4812E+006   4.0050E+006   1.6505E+006   3.8300E+005   3.6596E+004   1.0035E+003   4.2526E+000   7.3271E-004
 1620969995.36604020    0.5800   8.4904E+007  999.0000   1.7642E+005   2.5705E+005   3.7600E+005   5.4184E+005   7.7656E+005   1.1054E+006   1.5538E+006   2.1336E+006   2.8433E+006   3.6221E+006   4.3139E+006   4.6619E+006   4.3664E+006   3.3182E+006   1.8528E+006   6.6738E+005   1.2237E+005   8.6452E+003   1.4645E+002   2.1379E-001
 1620969998.21956110    0.5800   8.4904E+007  999.0000   1.7642E+005   2.5705E+005   3.7600E+005   5.4184E+005   7.7656E+005   1.1054E+006   1.5538E+006   2.1336E+006   2.8433E+006   3.6221E+006   4.3139E+006   4.6619E+006   4.3664E+006   3.3182E+006   1.8528E+006   6.6738E+005   1.2237E+005   8.6452E+003   1.4645E+002   2.1379E-001
 1620970001.08440300    0.5800   8.4904E+007  999.0000   1.7642E+005   2.5705E+005   3.7600E+005   5.4184E+005   7.7656E+005   1.1054E+006   1.5538E+006   2.1336E+006   2.8433E+006   3.6221E+006   4.3139E+006   4.6619E+006   4.3664E+006   3.3182E+006   1.8528E+006   6.6738E+005   1.2237E+005   8.6452E+003   1.4645E+002   2.1379E-001
 1620970003.92854050    0.7400   1.0747E+008  999.0000   2.1983E+005   3.2031E+005   4.6857E+005   6.7531E+005   9.6800E+005   1.3782E+006   1.9380E+006   2.6626E+006   3.5509E+006   4.5287E+006   5.4024E+006   5.8523E+006   5.5010E+006   4.2020E+006   2.3643E+006   8.6104E+005   1.6048E+005   1.1610E+004   2.0365E+002   3.1372E-001
 1620970006.77854630    0.7400   1.0747E+008  999.0000   2.1983E+005   3.2031E+005   4.6857E+005   6.7531E+005   9.6800E+005   1.3782E+006   1.9380E+006   2.6626E+006   3.5509E+006   4.5287E+006   5.4024E+006   5.8523E+006   5.5010E+006   4.2020E+006   2.3643E+006   8.6104E+005   1.6048E+005   1.1610E+004   2.0365E+002   3.1372E-001
 1620970009.63206340    0.9300   1.3493E+008  999.0000   2.7547E+005   4.0139E+005   5.8718E+005   8.4627E+005   1.2131E+006   1.7272E+006   2.4288E+006   3.3372E+006   4.4509E+006   5.6773E+006   6.7741E+006   7.3403E+006   6.9026E+006   5.2760E+006   2.9714E+006   1.0836E+006   2.0236E+005   1.4683E+004   2.5864E+002   4.0106E-001
 1620970012.49689770    0.9300   1.3493E+008  999.0000   2.7547E+005   4.0139E+005   5.8718E+005   8.4627E+005   1.2131E+006   1.7272E+006   2.4288E+006   3.3372E+006   4.4509E+006   5.6773E+006   6.7741E+006   7.3403E+006   6.9026E+006   5.2760E+006   2.9714E+006   1.0836E+006   2.0236E+005   1.4683E+004   2.5864E+002   4.0106E-001
 1620970015.34104280    0.9300   1.3493E+008  999.0000   2.7547E+005   4.0139E+005   5.8718E+005   8.4627E+005   1.2131E+006   1.7272E+006   2.4288E+006   3.3372E+006   4.4509E+006   5.6773E+006   6.7741E+006   7.3403E+006   6.9026E+006   5.2760E+006   2.9714E+006   1.0836E+006   2.0236E+005   1.4683E+004   2.5864E+002   4.0106E-001
 1620970018.19103740    1.0400   1.5641E+008  999.0000   3.4291E+005   4.9954E+005   7.3051E+005   1.0523E+006   1.5073E+006   2.1437E+006   3.0096E+006   4.1253E+006   5.4828E+006   6.9575E+006   8.2392E+006   8.8299E+006   8.1690E+006   6.0972E+006   3.3159E+006   1.1496E+006   1.9916E+005   1.2958E+004   1.9455E+002   2.3569E-001
 1620970021.04455800    1.0400   1.5641E+008  999.0000   3.4291E+005   4.9954E+005   7.3051E+005   1.0523E+006   1.5073E+006   2.1437E+006   3.0096E+006   4.1253E+006   5.4828E+006   6.9575E+006   8.2392E+006   8.8299E+006   8.1690E+006   6.0972E+006   3.3159E+006   1.1496E+006   1.9916E+005   1.2958E+004   1.9455E+002   2.3569E-001
 1620970023.90940380    1.0400   1.5641E+008  999.0000   3.4291E+005   4.9954E+005   7.3051E+005   1.0523E+006   1.5073E+006   2.1437E+006   3.0096E+006   4.1253E+006   5.4828E+006   6.9575E+006   8.2392E+006   8.8299E+006   8.1690E+006   6.0972E+006   3.3159E+006   1.1496E+006   1.9916E+005   1.2958E+004   1.9455E+002   2.3569E-001
 1620970026.75354890    1.1400   1.7522E+008  999.0000   4.0114E+005   5.8429E+005   8.5424E+005   1.2301E+006   1.7612E+006   2.5031E+006   3.5105E+006   4.8048E+006   6.3719E+006   8.0598E+006   9.4996E+006   1.0111E+007   9.2592E+006   6.8091E+006   3.6231E+006   1.2170E+006   2.0120E+005   1.2230E+004   1.6618E+002   1.7259E-001
 1620970029.60354350    1.1400   1.7522E+008  999.0000   4.0114E+005   5.8429E+005   8.5424E+005   1.2301E+006   1.7612E+006   2.5031E+006   3.5105E+006   4.8048E+006   6.3719E+006   8.0598E+006   9.4996E+006   1.0111E+007   9.2592E+006   6.8091E+006   3.6231E+006   1.2170E+006   2.0120E+005   1.2230E+004   1.6618E+002   1.7259E-001
 1620970032.45706420    1.1400   1.7522E+008  999.0000   4.0114E+005   5.8429E+005   8.5424E+005   1.2301E+006   1.7612E+006   2.5031E+006   3.5105E+006   4.8048E+006   6.3719E+006   8.0598E+006   9.4996E+006   1.0111E+007   9.2592E+006   6.8091E+006   3.6231E+006   1.2170E+006   2.0120E+005   1.2230E+004   1.6618E+002   1.7259E-001
 1620970035.32190590    1.1800   1.8842E+008  999.0000   4.6527E+005   6.7752E+005   9.9015E+005   1.4250E+006   2.0385E+006   2.8936E+006   4.0508E+006   5.5293E+006   7.3038E+006   9.1849E+006   1.0734E+007   1.1284E+007   1.0145E+007   7.2633E+006   3.7158E+006   1.1790E+006   1.7913E+005   9.6311E+003   1.0934E+002   8.6041E-002
 1620970038.16604330    1.1800   1.8842E+008  999.0000   4.6527E+005   6.7752E+005   9.9015E+005   1.4250E+006   2.0385E+006   2.8936E+006   4.0508E+006   5.5293E+006   7.3038E+006   9.1849E+006   1.0734E+007   1.1284E+007   1.0145E+007   7.2633E+006   3.7158E+006   1.1790E+006   1.7913E+005   9.6311E+003   1.0934E+002   8.6041E-002
 1620970041.01604580    1.1800   1.8842E+008  999.0000   4.6527E+005   6.7752E+005   9.9015E+005   1.4250E+006   2.0385E+006   2.8936E+006   4.0508E+006   5.5293E+006   7.3038E+006   9.1849E+006   1.0734E+007   1.1284E+007   1.0145E+007   7.2633E+006   3.7158E+006   1.1790E+006   1.7913E+005   9.6311E+003   1.0934E+002   8.6041E-002
 1620970043.86955500    1.1900   2.0012E+008  999.0000   5.4766E+005   7.9718E+005   1.1644E+006   1.6744E+006   2.3923E+006   3.3898E+006   4.7330E+006   6.4359E+006   8.4538E+006   1.0544E+007   1.2174E+007   1.2574E+007   1.1013E+007   7.5906E+006   3.6721E+006   1.0746E+006   1.4482E+005   6.5413E+003   5.7540E+001   3.0547E-002
 1620970046.73440070    1.1900   2.0012E+008  999.0000   5.4766E+005   7.9718E+005   1.1644E+006   1.6744E+006   2.3923E+006   3.3898E+006   4.7330E+006   6.4359E+006   8.4538E+006   1.0544E+007   1.2174E+007   1.2574E+007   1.1013E+007   7.5906E+006   3.6721E+006   1.0746E+006   1.4482E+005   6.5413E+003   5.7540E+001   3.0547E-002
 1620970049.57854580    1.1900   2.0012E+008  999.0000   5.4766E+005   7.9718E+005   1.1644E+006   1.6744E+006   2.3923E+006   3.3898E+006   4.7330E+006   6.4359E+006   8.4538E+006   1.0544E+007   1.2174E+007   1.2574E+007   1.1013E+007   7.5906E+006   3.6721E+006   1.0746E+006   1.4482E+005   6.5413E+003   5.7540E+001   3.0547E-002
 1620970052.42854050    1.0900   2.0247E+008  999.0000   6.7485E+005   9.8153E+005   1.4319E+006   2.0557E+006   2.9298E+006   4.1362E+006   5.7439E+006   7.7490E+006   1.0061E+007   1.2335E+007   1.3891E+007   1.3832E+007   1.1478E+007   7.3113E+006   3.1506E+006   7.7987E+005   8.1999E+004   2.5835E+003   1.3413E+001   3.1595E-003
 1620970055.28206110    1.0900   2.0247E+008  999.0000   6.7485E+005   9.8153E+005   1.4319E+006   2.0557E+006   2.9298E+006   4.1362E+006   5.7439E+006   7.7490E+006   1.0061E+007   1.2335E+007   1.3891E+007   1.3832E+007   1.1478E+007   7.3113E+006   3.1506E+006   7.7987E+005   8.1999E+004   2.5835E+003   1.3413E+001   3.1595E-003
 1620970058.14690280    1.0000   2.2170E+008  999.0000   1.0490E+006   1.5233E+006   2.2169E+006   3.1716E+006   4.4973E+006   6.3017E+006   8.6546E+006   1.1489E+007   1.4565E+007   1.7244E+007   1.8452E+007   1.7051E+007   1.2667E+007   6.8694E+006   2.3371E+006   4.1097E+005   2.6041E+004   3.9363E+002   6.9851E-001   3.1562E-005
 1620970060.99104050    1.0000   2.2170E+008  999.0000   1.0490E+006   1.5233E+006   2.2169E+006   3.1716E+006   4.4973E+006   6.3017E+006   8.6546E+006   1.1489E+007   1.4565E+007   1.7244E+007   1.8452E+007   1.7051E+007   1.2667E+007   6.8694E+006   2.3371E+006   4.1097E+005   2.6041E+004   3.9363E+002   6.9851E-001   3.1562E-005
 1620970063.84456110    1.0000   2.2170E+008  999.0000   1.0490E+006   1.5233E+006   2.2169E+006   3.1716E+006   4.4973E+006   6.3017E+006   8.6546E+006   1.1489E+007   1.4565E+007   1.7244E+007   1.8452E+007   1.7051E+007   1.2667E+007   6.8694E+006   2.3371E+006   4.1097E+005   2.6041E+004   3.9363E+002   6.9851E-001   3.1562E-005
 1620970066.70940280    0.9200   2.2528E+008  999.0000   1.2975E+006   1.8822E+006   2.7349E+006   3.9039E+006   5.5177E+006   7.6941E+006   1.0492E+007   1.3783E+007   1.7208E+007   1.9919E+007   2.0624E+007   1.8162E+007   1.2566E+007   6.1430E+006   1.7949E+006   2.5330E+005   1.1589E+004   1.0928E+002   9.7403E-002   1.5297E-006
 1620970069.55354050    0.9218   2.2531E+008    7.4200   2.0639E+006   2.9762E+006   4.2866E+006   6.0430E+006   8.3884E+006   1.1397E+007   1.4973E+007   1.8682E+007   2.1740E+007   2.2945E+007   2.1222E+007   1.6529E+007   1.0317E+007   4.9786E+006   1.7885E+006   4.7880E+005   9.2984E+004   1.3850E+004   1.6135E+003   1.3711E+002
 1620970072.40354280    0.9200   2.2528E+008  999.0000   1.2975E+006   1.8822E+006   2.7349E+006   3.9039E+006   5.5177E+006   7.6941E+006   1.0492E+007   1.3783E+007   1.7208E+007   1.9919E+007   2.0624E+007   1.8162E+007   1.2566E+007   6.1430E+006   1.7949E+006   2.5330E+005   1.1589E+004   1.0928E+002   9.7403E-002   1.5297E-006
 1620970075.25705190    0.8216   2.2462E+008    6.7600   2.7106E+006   3.8974E+006   5.5891E+006   7.8310E+006   1.0774E+007   1.4452E+007   1.8643E+007   2.2674E+007   2.5477E+007   2.5660E+007   2.2360E+007   1.6211E+007   9.3330E+006   4.1568E+006   1.3949E+006   3.5806E+005   6.9177E+004   1.0710E+004   1.3564E+003   1.3147E+002
 1620970078.12189770    0.8200   2.2459E+008  999.0000   1.6138E+006   2.3379E+006   3.3904E+006   4.8261E+006   6.7931E+006   9.4154E+006   1.2724E+007   1.6499E+007   2.0208E+007   2.2741E+007   2.2594E+007   1.8733E+007   1.1855E+007   5.0904E+006   1.2295E+006   1.3176E+005   4.0125E+003   2.0989E+001   7.9247E-003   3.3394E-008
 1620970080.96604630    0.8229   2.2464E+008    6.0200   2.9322E+006   4.2103E+006   6.0257E+006   8.4189E+006   1.1537E+007   1.5386E+007   1.9690E+007   2.3693E+007   2.6252E+007   2.5994E+007   2.2229E+007   1.5835E+007   9.0195E+006   4.0344E+006   1.3929E+006   3.7962E+005   8.0882E+004   1.4332E+004   2.1521E+003   2.5756E+002
 1620970083.81604890    0.7316   2.2717E+008    6.0800   3.7846E+006   5.4194E+006   7.7245E+006   1.0730E+007   1.4582E+007   1.9216E+007   2.4173E+007   2.8402E+007   3.0458E+007   2.8871E+007   2.3348E+007   1.5536E+007   8.1691E+006   3.3509E+006   1.0586E+006   2.6507E+005   5.2211E+004   8.6383E+003   1.2227E+003   1.3883E+002
 1620970086.66955800    0.7300   2.2715E+008  999.0000   2.0990E+006   3.0357E+006   4.3914E+006   6.2285E+006   8.7210E+006   1.1994E+007   1.6024E+007   2.0432E+007   2.4416E+007   2.6498E+007   2.4969E+007   1.9161E+007   1.0815E+007   3.9312E+006   7.4375E+005   5.6006E+004   1.0124E+003   2.4914E+000   3.1396E-004   2.4743E-010
 1620970089.53440000    0.7300   2.2715E+008  999.0000   2.0990E+006   3.0357E+006   4.3914E+006   6.2285E+006   8.7210E+006   1.1994E+007   1.6024E+007   2.0432E+007   2.4416E+007   2.6498E+007   2.4969E+007   1.9161E+007   1.0815E+007   3.9312E+006   7.4375E+005   5.6006E+004   1.0124E+003   2.4914E+000   3.1396E-004   2.4743E-010
 1620970092.37992950    0.6100   2.2457E+008  999.0000   2.8891E+006   4.1677E+006   6.0058E+006   8.4716E+006   1.1767E+007   1.5991E+007   2.0992E+007   2.6089E+007   3.0023E+007   3.0827E+007   2.6790E+007   1.8266E+007   8.6551E+006   2.4396E+006   3.1788E+005   1.3973E+004   1.1409E+002   8.9143E-002   2.1239E-006   1.3254E-013
 1620970095.23272040    0.6100   2.2457E+008  999.0000   2.8891E+006   4.1677E+006   6.0058E+006   8.4716E+006   1.1767E+007   1.5991E+007   2.0992E+007   2.6089E+007   3.0023E+007   3.0827E+007   2.6790E+007   1.8266E+007   8.6551E+006   2.4396E+006   3.1788E+005   1.3973E+004   1.1409E+002   8.9143E-002   2.1239E-006   1.3254E-013
 1620970098.08206420    0.6100   2.2457E+008  999.0000   2.8891E+006   4.1677E+006   6.0058E+006   8.4716E+006   1.1767E+007   1.5991E+007   2.0992E+007   2.6089E+007   3.0023E+007   3.0827E+007   2.6790E+007   1.8266E+007   8.6551E+006   2.4396E+006   3.1788E+005   1.3973E+004   1.1409E+002   8.9143E-002   2.1239E-006   1.3254E-013
 1620970100.94690590    0.5100   2.1747E+008  999.0000   3.7322E+006   5.3699E+006   7.7078E+006   1.0811E+007   1.4893E+007   1.9995E+007   2.5781E+007   3.1214E+007   3.4563E+007   3.3534E+007   2.6830E+007   1.6211E+007   6.4253E+006   1.3968E+006   1.2442E+005   3.1596E+003   1.1489E+001   2.7986E-003   1.2337E-008   5.9631E-017
 1620970103.79104330    0.5100   2.1747E+008  999.0000   3.7322E+006   5.3699E+006   7.7078E+006   1.0811E+007   1.4893E+007   1.9995E+007   2.5781E+007   3.1214E+007   3.4563E+007   3.3534E+007   2.6830E+007   1.6211E+007   6.4253E+006   1.3968E+006   1.2442E+005   3.1596E+003   1.1489E+001   2.7986E-003   1.2337E-008   5.9631E-017
 1620970106.64104580    0.4104   2.0396E+008    5.3600   9.3439E+006   1.3148E+007   1.8261E+007   2.4462E+007   3.1565E+007   3.8649E+007   4.3889E+007   4.4950E+007   4.0267E+007   3.0471E+007   1.8911E+007   9.4145E+006   3.6859E+006   1.1590E+006   2.9613E+005   6.4573E+004   1.1971E+004   2.0117E+003   3.0899E+002   4.0483E+001
 1620970109.49455500    0.4112   2.0397E+008    4.7100   1.0599E+007   1.4847E+007   2.0489E+007   2.7205E+007   3.4677E+007   4.1759E+007   4.6405E+007   4.6293E+007   4.0261E+007   2.9600E+007   1.7983E+007   8.9064E+006   3.5586E+006   1.1794E+006   3.2917E+005   8.1066E+004   1.7536E+004   3.5240E+003   6.6089E+002   1.0854E+002
 1620970112.35940070    0.4108   2.0396E+008    5.0000   9.9657E+006   1.3992E+007   1.9370E+007   2.5832E+007   3.3128E+007   4.0223E+007   4.5177E+007   4.5652E+007   4.0280E+007   3.0029E+007   1.8430E+007   9.1501E+006   3.6212E+006   1.1711E+006   3.1385E+005   7.3115E+004   1.4747E+004   2.7336E+003   4.6860E+002   6.9538E+001
 1620970115.20354580    0.4205   2.2637E+008    5.2200   1.2378E+007   1.7342E+007   2.3935E+007   3.1784E+007   4.0511E+007   4.8756E+007   5.4086E+007   5.3736E+007   4.6340E+007   3.3529E+007   1.9818E+007   9.3993E+006   3.5239E+006   1.0724E+006   2.6875E+005   5.8308E+004   1.0902E+004   1.8691E+003   2.9564E+002   4.0257E+001
 1620970118.05354050    0.4207   2.2637E+008    4.9700   1.2968E+007   1.8137E+007   2.4968E+007   3.3040E+007   4.1910E+007   5.0112E+007   5.5125E+007   5.4218E+007   4.6238E+007   3.3106E+007   1.9430E+007   9.2129E+006   3.4888E+006   1.0860E+006   2.8226E+005   6.4316E+004   1.2784E+004   2.3513E+003   4.0207E+002   5.9770E+001
 1620970120.90706110    0.4200   2.2636E+008  999.0000   6.1390E+006   8.7881E+006   1.2519E+007   1.7370E+007   2.3551E+007   3.0884E+007   3.8462E+007   4.4271E+007   4.5506E+007   3.9580E+007   2.6994E+007   1.2919E+007   3.6279E+006   4.7807E+005   2.0465E+004   1.8090E+002   1.3922E-001   3.6434E-006   6.4414E-013   2.4466E-023
 1620970123.77190300    0.3508   2.2757E+008    4.4400   2.0997E+007   2.8918E+007   3.8926E+007   4.9948E+007   6.0712E+007   6.8506E+007   6.9838E+007   6.2523E+007   4.7753E+007   3.0353E+007   1.5878E+007   6.8359E+006   2.4254E+006   7.3749E+005   1.9566E+005   4.7408E+004   1.0396E+004   2.1700E+003   4.3083E+002   7.6260E+001
 1620970126.61604020    0.3508   2.2757E+008    4.4900   2.0718E+007   2.8553E+007   3.8471E+007   4.9428E+007   6.0182E+007   6.8059E+007   6.9574E+007   6.2480E+007   4.7869E+007   3.0502E+007   1.5974E+007   6.8704E+006   2.4287E+006   7.3364E+005   1.9282E+005   4.6178E+004   9.9871E+003   2.0530E+003   4.0091E+002   6.9680E+001
 1620970129.46956110    0.3523   2.2759E+008    3.9400   2.4536E+007   3.3520E+007   4.4599E+007   5.6344E+007   6.7076E+007   7.3681E+007   7.2701E+007   6.2785E+007   4.6297E+007   2.8632E+007   1.4812E+007   6.4560E+006   2.3868E+006   7.7880E+005   2.2800E+005   6.2346E+004   1.5755E+004   3.8420E+003   9.0158E+002   1.9186E+002
 1620970132.33440300    0.2935   2.2475E+008    3.5200   4.0064E+007   5.3360E+007   6.8471E+007   8.2434E+007   9.2063E+007   9.3173E+007   8.3237E+007   6.4333E+007   4.2309E+007   2.3555E+007   1.1223E+007   4.6550E+006   1.6998E+006   5.6864E+005   1.7643E+005   5.2504E+004   1.4769E+004   4.0713E+003   1.0934E+003   2.7052E+002
 1620970135.17854050    0.2904   2.2471E+008    4.4500   2.8657E+007   3.9016E+007   5.1646E+007   6.4770E+007   7.6284E+007   8.2482E+007   7.9534E+007   6.6482E+007   4.6837E+007   2.7230E+007   1.3002E+007   5.1297E+006   1.6820E+006   4.7866E+005   1.2037E+005   2.7982E+004   5.9427E+003   1.2110E+003   2.3608E+002   4.1187E+001
 1620970138.02854280    0.2911   2.2472E+008    4.0100   3.2711E+007   4.4174E+007   5.7800E+007   7.1384E+007   8.2392E+007   8.6843E+007   8.1263E+007   6.5817E+007   4.5065E+007   2.5716E+007   1.2260E+007   4.9408E+006   1.6987E+006   5.1991E+005   1.4391E+005   3.7493E+004   9.0742E+003   2.1297E+003   4.8252E+002   9.9219E+001
 1620970140.88205190    0.2417   2.2625E+008    3.6100   5.4995E+007   7.2077E+007   9.0393E+007   1.0557E+008   1.1325E+008   1.0883E+008   9.1255E+007   6.5591E+007   3.9854E+007   2.0458E+007   9.0111E+006   3.4741E+006   1.1866E+006   3.7405E+005   1.1003E+005   3.1212E+004   8.3965E+003   2.2206E+003   5.7322E+002   1.3627E+002
 1620970143.74689770    0.2421   2.2626E+008    3.5400   5.6798E+007   7.4231E+007   9.2732E+007   1.0776E+008   1.1489E+008   1.0961E+008   9.1194E+007   6.5081E+007   3.9339E+007   2.0154E+007   8.8970E+006   3.4535E+006   1.1930E+006   3.8179E+005   1.1438E+005   3.3119E+004   9.1133E+003   2.4683E+003   6.5321E+002   1.5951E+002
 1620970146.59104630    0.2415   2.2625E+008    3.6500   5.4029E+007   7.0919E+007   8.9129E+007   1.0437E+008   1.1234E+008   1.0839E+008   9.1277E+007   6.5867E+007   4.0139E+007   2.0628E+007   9.0746E+006   3.4853E+006   1.1829E+006   3.6970E+005   1.0763E+005   3.0177E+004   8.0140E+003   2.0909E+003   5.3212E+002   1.2457E+002
 1620970149.44104890    0.2088   2.2717E+008    2.8700   1.2047E+008   1.4625E+008   1.6536E+008   1.6988E+008   1.5611E+008   1.2592E+008   8.8085E+007   5.3682E+007   2.8660E+007   1.3630E+007   5.9191E+006   2.3936E+006   9.0787E+005   3.3284E+005   1.1819E+005   4.1531E+004   1.4168E+004   4.8150E+003   1.6159E+003   5.1010E+002
 1620970152.29455800    0.2027   2.2711E+008    3.2700   9.0914E+007   1.1442E+008   1.3568E+008   1.4757E+008   1.4481E+008   1.2520E+008   9.3438E+007   5.9836E+007   3.2795E+007   1.5556E+007   6.5376E+006   2.4887E+006   8.6716E+005   2.8674E+005   9.0498E+004   2.7999E+004   8.3309E+003   2.4580E+003   7.1289E+002   1.9249E+002
 1620970155.15940380    0.2010   2.2709E+008    3.6000   7.6811E+007   9.8483E+007   1.1976E+008   1.3436E+008   1.3685E+008   1.2331E+008   9.5872E+007   6.3493E+007   3.5495E+007   1.6842E+007   6.9251E+006   2.5233E+006   8.2454E+005   2.5163E+005   7.2338E+004   2.0209E+004   5.3830E+003   1.4156E+003   3.6439E+002   8.6562E+001
 1620970158.00354890    0.1705   2.2949E+008    3.7500   9.7850E+007   1.2349E+008   1.4688E+008   1.6006E+008   1.5697E+008   1.3486E+008   9.9017E+007   6.1475E+007   3.2045E+007   1.4142E+007   5.4103E+006   1.8374E+006   5.6055E+005   1.6017E+005   4.3196E+004   1.1347E+004   2.8432E+003   7.0425E+002   1.7082E+002   3.8142E+001
 1620970160.85705800    0.1707   2.2949E+008    3.5600   1.0590E+008   1.3237E+008   1.5539E+008   1.6666E+008   1.6038E+008   1.3499E+008   9.7190E+007   5.9449E+007   3.0782E+007   1.3644E+007   5.3075E+006   1.8548E+006   5.8881E+005   1.7657E+005   5.0327E+004   1.4036E+004   3.7514E+003   9.9342E+002   2.5820E+002   6.2081E+001
 1620970163.72190000    0.1709   2.2949E+008    3.5100   1.0832E+008   1.3500E+008   1.5787E+008   1.6853E+008   1.6131E+008   1.3497E+008   9.6645E+007   5.8874E+007   3.0430E+007   1.3506E+007   5.2782E+006   1.8591E+006   5.9651E+005   1.8120E+005   5.2415E+004   1.4852E+004   4.0379E+003   1.0883E+003   2.8807E+002   7.0629E+001
 1620970166.56603770    0.1547   2.2913E+008    2.9000   1.8908E+008   2.1792E+008   2.3013E+008   2.1784E+008   1.8195E+008   1.3210E+008   8.2934E+007   4.5616E+007   2.2206E+007   9.7603E+006   3.9739E+006   1.5262E+006   5.5542E+005   1.9706E+005   6.8141E+004   2.3425E+004   7.8414E+003   2.6211E+003   8.6649E+002   2.6955E+002
 1620970169.41604330    0.1511   2.2909E+008    3.3300   1.4442E+008   1.7426E+008   1.9512E+008   1.9748E+008   1.7734E+008   1.3816E+008   9.1944E+007   5.2389E+007   2.5654E+007   1.0982E+007   4.2233E+006   1.4918E+006   4.8813E+005   1.5323E+005   4.6284E+004   1.3793E+004   3.9685E+003   1.1361E+003   3.2036E+002   8.4127E+001
 1620970172.26956420    0.1255   2.1273E+008    2.7400   2.4786E+008   2.6866E+008   2.6283E+008   2.2845E+008   1.7424E+008   1.1572E+008   6.7178E+007   3.4792E+007   1.6287E+007   7.0323E+006   2.8673E+006   1.1202E+006   4.2001E+005   1.5492E+005   5.6075E+004   2.0266E+004   7.1616E+003   2.5323E+003   8.8724E+002   2.9376E+002
 1620970175.13440590    0.1319   2.1277E+008    2.5400   2.9793E+008   3.0774E+008   2.8462E+008   2.3362E+008   1.6879E+008   1.0720E+008   6.0411E+007   3.0938E+007   1.4586E+007   6.4502E+006   2.7308E+006   1.1198E+006   4.4451E+005   1.7456E+005   6.7568E+004   2.6176E+004   9.9456E+003   3.7852E+003   1.4294E+003   5.1248E+002
 1620970177.97854330    0.1235   2.1272E+008    2.8800   2.2152E+008   2.4640E+008   2.4866E+008   2.2339E+008   1.7605E+008   1.2030E+008   7.1259E+007   3.7240E+007   1.7381E+007   7.3972E+006   2.9437E+006   1.1137E+006   4.0176E+005   1.4198E+005   4.9068E+004   1.6901E+004   5.6788E+003   1.9077E+003   6.3434E+002   1.9868E+002
 1620970180.82854580    0.1116   2.0522E+008    3.0600   2.0418E+008   2.3039E+008   2.3648E+008   2.1617E+008   1.7308E+008   1.1959E+008   7.1054E+007   3.6856E+007   1.6879E+007   6.9708E+006   2.6664E+006   9.6219E+005   3.2889E+005   1.0967E+005   3.5642E+004   1.1525E+004   3.6258E+003   1.1396E+003   3.5413E+002   1.0324E+002
 1620970183.67854050    0.1213   2.3793E+008    3.1300   2.4780E+008   2.7832E+008   2.8387E+008   2.5737E+008   2.0391E+008   1.3906E+008   8.1326E+007   4.1430E+007   1.8594E+007   7.5123E+006   2.8075E+006   9.8888E+005   3.2960E+005   1.0714E+005   3.3924E+004   1.0687E+004   3.2740E+003   1.0020E+003   3.0315E+002   8.5913E+001
 1620970186.53206110    0.1207   2.3792E+008    3.3000   2.2689E+008   2.5966E+008   2.7108E+008   2.5215E+008   2.0510E+008   1.4322E+008   8.5193E+007   4.3689E+007   1.9502E+007   7.7403E+006   2.8102E+006   9.5271E+005   3.0325E+005   9.3636E+004   2.8045E+004   8.3374E+003   2.4032E+003   6.9129E+002   1.9630E+002   5.2006E+001
 1620970189.39690280    0.1108   2.2562E+008    3.2300   2.3385E+008   2.6374E+008   2.7025E+008   2.4610E+008   1.9559E+008   1.3347E+008   7.7787E+007   3.9292E+007   1.7389E+007   6.8908E+006   2.5143E+006   8.6142E+005   2.7837E+005   8.7551E+004   2.6779E+004   8.1423E+003   2.4043E+003   7.0904E+002   2.0657E+002   5.6250E+001
 1620970192.24104050    0.1113   2.2563E+008    3.0500   2.5860E+008   2.8509E+008   2.8410E+008   2.5101E+008   1.9352E+008   1.2857E+008   7.3557E+007   3.6909E+007   1.6445E+007   6.6493E+006   2.5048E+006   8.9462E+005   3.0382E+005   1.0096E+005   3.2771E+004   1.0599E+004   3.3392E+003   1.0518E+003   3.2772E+002   9.5846E+001
 1620970195.09456110    0.1104   2.2562E+008    3.4100   2.1487E+008   2.4672E+008   2.5854E+008   2.4132E+008   1.9675E+008   1.3738E+008   8.1389E+007   4.1360E+007   1.8190E+007   7.0722E+006   2.5026E+006   8.2345E+005   2.5346E+005   7.5504E+004   2.1775E+004   6.2269E+003   1.7239E+003   4.7610E+002   1.2971E+002   3.2889E+001
 1620970197.95940280    0.1012   2.2708E+008    3.0500   2.9823E+008   3.2085E+008   3.1005E+008   2.6453E+008   1.9629E+008   1.2538E+008   6.9097E+007   3.3549E+007   1.4543E+007   5.7536E+006   2.1320E+006   7.5231E+005   2.5326E+005   8.3643E+004   2.7031E+004   8.7168E+003   2.7404E+003   8.6195E+002   2.6831E+002   7.8416E+001
 1620970200.80354050    0.1009   2.2708E+008    3.1200   2.8719E+008   3.1203E+008   3.0509E+008   2.6353E+008   1.9787E+008   1.2763E+008   7.0760E+007   3.4389E+007   1.4842E+007   5.8166E+006   2.1258E+006   7.3726E+005   2.4323E+005   7.8581E+004   2.4804E+004   7.8063E+003   2.3926E+003   7.3341E+002   2.2239E+002   6.3209E+001
 1620970203.65354630    0.1008   2.2708E+008    3.1400   2.8421E+008   3.0961E+008   3.0370E+008   2.6321E+008   1.9829E+008   1.2825E+008   7.1221E+007   3.4623E+007   1.4925E+007   5.8336E+006   2.1238E+006   7.3294E+005   2.4043E+005   7.7189E+004   2.4202E+004   7.5641E+003   2.3016E+003   7.0035E+002   2.1078E+002   5.9434E+001
 1620970206.50706340    0.0903   2.0496E+008    3.4500   2.2316E+008   2.5143E+008   2.5697E+008   2.3276E+008   1.8320E+008   1.2300E+008   6.9940E+007   3.4150E+007   1.4466E+007   5.4368E+006   1.8671E+006   5.9835E+005   1.7987E+005   5.2457E+004   1.4836E+004   4.1664E+003   1.1335E+003   3.0783E+002   8.2502E+001   2.0569E+001
 1620970209.37189770    0.0905   2.0497E+008    3.3200   2.3580E+008   2.6229E+008   2.6388E+008   2.3496E+008   1.8176E+008   1.2022E+008   6.7695E+007   3.2984E+007   1.4067E+007   5.3710E+006   1.8890E+006   6.2414E+005   1.9453E+005   5.9046E+004   1.7433E+004   5.1195E+003   1.4596E+003   4.1572E+002   1.1696E+002   3.0703E+001
