          0.00000000    0.0000   0.0000E+000    0.0000   3.0000E-002   4.4000E-002   6.5000E-002   9.5000E-002   1.3900E-001   2.0400E-001   3.0000E-001   4.4000E-001   6.4600E-001   9.4900E-001   1.3920E+000   2.0400E+000   3.0000E+000   4.4000E+000   6.4600E+000   9.4500E+000   1.3900E+001   2.0400E+001   3.0000E+001   4.5000E+001
 1621042749.95685960    0.0200   3.8742E+006  999.0000   1.4032E+004   2.0402E+004   2.9748E+004   4.2674E+004   6.0751E+004   8.5624E+004   1.1861E+005   1.5945E+005   2.0593E+005   2.5054E+005   2.7896E+005   2.7322E+005   2.2123E+005   1.3599E+005   5.5613E+004   1.2762E+004   1.1994E+003   3.2110E+001   1.3138E-001   2.1447E-005
 1621042752.81583640    0.0200   3.8742E+006  999.0000   1.4032E+004   2.0402E+004   2.9748E+004   4.2674E+004   6.0751E+004   8.5624E+004   1.1861E+005   1.5945E+005   2.0593E+005   2.5054E+005   2.7896E+005   2.7322E+005   2.2123E+005   1.3599E+005   5.5613E+004   1.2762E+004   1.1994E+003   3.2110E+001   1.3138E-001   2.1447E-005
 1621042755.66349980    0.0200   4.1352E+006  999.0000   1.7042E+004   2.4764E+004   3.6076E+004   5.1686E+004   7.3446E+004   1.0323E+005   1.4243E+005   1.9035E+005   2.4373E+005   2.9278E+005   3.2001E+005   3.0504E+005   2.3727E+005   1.3757E+005   5.1634E+004   1.0465E+004   8.1838E+002   1.6781E+001   4.6491E-002   4.1656E-006
 1621042758.52834560    0.0200   4.1352E+006  999.0000   1.7042E+004   2.4764E+004   3.6076E+004   5.1686E+004   7.3446E+004   1.0323E+005   1.4243E+005   1.9035E+005   2.4373E+005   2.9278E+005   3.2001E+005   3.0504E+005   2.3727E+005   1.3757E+005   5.1634E+004   1.0465E+004   8.1838E+002   1.6781E+001   4.6491E-002   4.1656E-006
 1621042761.37600520    0.0200   4.1352E+006  999.0000   1.7042E+004   2.4764E+004   3.6076E+004   5.1686E+004   7.3446E+004   1.0323E+005   1.4243E+005   1.9035E+005   2.4373E+005   2.9278E+005   3.2001E+005   3.0504E+005   2.3727E+005   1.3757E+005   5.1634E+004   1.0465E+004   8.1838E+002   1.6781E+001   4.6491E-002   4.1656E-006
 1621042764.24435420    0.0200   4.0523E+006  999.0000   1.6045E+004   2.3319E+004   3.3980E+004   4.8702E+004   6.9247E+004   9.7417E+004   1.3458E+005   1.8019E+005   2.3135E+005   2.7903E+005   3.0678E+005   2.9496E+005   2.3238E+005   1.3726E+005   5.2937E+004   1.1161E+004   9.2520E+002   2.0646E+001   6.4732E-002   7.0154E-006
 1621042767.10334250    0.0200   4.0523E+006  999.0000   1.6045E+004   2.3319E+004   3.3980E+004   4.8702E+004   6.9247E+004   9.7417E+004   1.3458E+005   1.8019E+005   2.3135E+005   2.7903E+005   3.0678E+005   2.9496E+005   2.3238E+005   1.3726E+005   5.2937E+004   1.1161E+004   9.2520E+002   2.0646E+001   6.4732E-002   7.0154E-006
 1621042769.95100210    0.0200   5.0093E+006  999.0000   3.0169E+004   4.3751E+004   6.3549E+004   9.0664E+004   1.2804E+005   1.7834E+005   2.4276E+005   3.1811E+005   3.9570E+005   4.5555E+005   4.6793E+005   4.0732E+005   2.7700E+005   1.3207E+005   3.7200E+004   4.9781E+003   2.1056E+002   1.7720E+000   1.3380E-003   1.6294E-008
 1621042772.81935120    0.0200   5.0093E+006  999.0000   3.0169E+004   4.3751E+004   6.3549E+004   9.0664E+004   1.2804E+005   1.7834E+005   2.4276E+005   3.1811E+005   3.9570E+005   4.5555E+005   4.6793E+005   4.0732E+005   2.7700E+005   1.3207E+005   3.7200E+004   4.9781E+003   2.1056E+002   1.7720E+000   1.3380E-003   1.6294E-008
 1621042775.67833950    0.0200   5.0093E+006  999.0000   3.0169E+004   4.3751E+004   6.3549E+004   9.0664E+004   1.2804E+005   1.7834E+005   2.4276E+005   3.1811E+005   3.9570E+005   4.5555E+005   4.6793E+005   4.0732E+005   2.7700E+005   1.3207E+005   3.7200E+004   4.9781E+003   2.1056E+002   1.7720E+000   1.3380E-003   1.6294E-008
 1621042778.52600290    0.0200   5.1652E+006  999.0000   3.3048E+004   4.7910E+004   6.9553E+004   9.9154E+004   1.3988E+005   1.9451E+005   2.6413E+005   3.4491E+005   4.2683E+005   4.8768E+005   4.9541E+005   4.2433E+005   2.8174E+005   1.2973E+005   3.4719E+004   4.3151E+003   1.6361E+002   1.1754E+000   7.0454E-004   6.0244E-009
 1621042781.39084480    0.0200   5.1652E+006  999.0000   3.3048E+004   4.7910E+004   6.9553E+004   9.9154E+004   1.3988E+005   1.9451E+005   2.6413E+005   3.4491E+005   4.2683E+005   4.8768E+005   4.9541E+005   4.2433E+005   2.8174E+005   1.2973E+005   3.4719E+004   4.3151E+003   1.6361E+002   1.1754E+000   7.0454E-004   6.0244E-009
 1621042784.23849730    0.0200   5.1652E+006  999.0000   3.3048E+004   4.7910E+004   6.9553E+004   9.9154E+004   1.3988E+005   1.9451E+005   2.6413E+005   3.4491E+005   4.2683E+005   4.8768E+005   4.9541E+005   4.2433E+005   2.8174E+005   1.2973E+005   3.4719E+004   4.3151E+003   1.6361E+002   1.1754E+000   7.0454E-004   6.0244E-009
 1621042787.10685730    0.0200   5.0217E+006  999.0000   3.0390E+004   4.4072E+004   6.4012E+004   9.1319E+004   1.2895E+005   1.7958E+005   2.4441E+005   3.2019E+005   3.9812E+005   4.5806E+005   4.7010E+005   4.0869E+005   2.7740E+005   1.3190E+005   3.7000E+004   4.9225E+003   2.0641E+002   1.7155E+000   1.2718E-003   1.5059E-008
 1621042789.96584180    0.0200   5.0217E+006  999.0000   3.0390E+004   4.4072E+004   6.4012E+004   9.1319E+004   1.2895E+005   1.7958E+005   2.4441E+005   3.2019E+005   3.9812E+005   4.5806E+005   4.7010E+005   4.0869E+005   2.7740E+005   1.3190E+005   3.7000E+004   4.9225E+003   2.0641E+002   1.7155E+000   1.2718E-003   1.5059E-008
 1621042792.81349420    0.0200   5.0217E+006  999.0000   3.0390E+004   4.4072E+004   6.4012E+004   9.1319E+004   1.2895E+005   1.7958E+005   2.4441E+005   3.2019E+005   3.9812E+005   4.5806E+005   4.7010E+005   4.0869E+005   2.7740E+005   1.3190E+005   3.7000E+004   4.9225E+003   2.0641E+002   1.7155E+000   1.2718E-003   1.5059E-008
 1621042795.68185420    0.0200   6.5928E+006  999.0000   6.8252E+004   9.8629E+004   1.4250E+005   2.0175E+005   2.8175E+005   3.8599E+005   5.1275E+005   6.4840E+005   7.6541E+005   8.1588E+005   7.4889E+005   5.5308E+005   2.9494E+005   9.8722E+004   1.6549E+004   1.0464E+003   1.4613E+001   2.4770E-002   1.8158E-006   6.2652E-013
 1621042798.54084250    0.0200   6.5928E+006  999.0000   6.8252E+004   9.8629E+004   1.4250E+005   2.0175E+005   2.8175E+005   3.8599E+005   5.1275E+005   6.4840E+005   7.6541E+005   8.1588E+005   7.4889E+005   5.5308E+005   2.9494E+005   9.8722E+004   1.6549E+004   1.0464E+003   1.4613E+001   2.4770E-002   1.8158E-006   6.2652E-013
 1621042801.38850590    0.0200   6.5928E+006  999.0000   6.8252E+004   9.8629E+004   1.4250E+005   2.0175E+005   2.8175E+005   3.8599E+005   5.1275E+005   6.4840E+005   7.6541E+005   8.1588E+005   7.4889E+005   5.5308E+005   2.9494E+005   9.8722E+004   1.6549E+004   1.0464E+003   1.4613E+001   2.4770E-002   1.8158E-006   6.2652E-013
 1621042804.25334790    0.0200   8.4458E+006  999.0000   1.4221E+005   2.0465E+005   2.9383E+005   4.1232E+005   5.6832E+005   7.6366E+005   9.8588E+005   1.1958E+006   1.3278E+006   1.2934E+006   1.0409E+006   6.3435E+005   2.5462E+005   5.6380E+004   5.1586E+003   1.3618E+002   5.2432E-001   1.3867E-004   6.8847E-010   3.9838E-018
 1621042807.10100030    0.0200   8.4458E+006  999.0000   1.4221E+005   2.0465E+005   2.9383E+005   4.1232E+005   5.6832E+005   7.6366E+005   9.8588E+005   1.1958E+006   1.3278E+006   1.2934E+006   1.0409E+006   6.3435E+005   2.5462E+005   5.6380E+004   5.1586E+003   1.3618E+002   5.2432E-001   1.3867E-004   6.8847E-010   3.9838E-018
 1621042809.96936040    0.0200   8.4458E+006  999.0000   1.4221E+005   2.0465E+005   2.9383E+005   4.1232E+005   5.6832E+005   7.6366E+005   9.8588E+005   1.1958E+006   1.3278E+006   1.2934E+006   1.0409E+006   6.3435E+005   2.5462E+005   5.6380E+004   5.1586E+003   1.3618E+002   5.2432E-001   1.3867E-004   6.8847E-010   3.9838E-018
 1621042812.82834480    0.0300   1.0628E+007  999.0000   1.2677E+005   1.8299E+005   2.6394E+005   3.7281E+005   5.1883E+005   7.0714E+005   9.3226E+005   1.1659E+006   1.3541E+006   1.4092E+006   1.2491E+006   8.7656E+005   4.3343E+005   1.2998E+005   1.8547E+004   9.2942E+002   9.2083E+000   9.5097E-003   3.3957E-007   3.9197E-014
 1621042815.67599730    0.0300   1.0628E+007  999.0000   1.2677E+005   1.8299E+005   2.6394E+005   3.7281E+005   5.1883E+005   7.0714E+005   9.3226E+005   1.1659E+006   1.3541E+006   1.4092E+006   1.2491E+006   8.7656E+005   4.3343E+005   1.2998E+005   1.8547E+004   9.2942E+002   9.2083E+000   9.5097E-003   3.3957E-007   3.9197E-014
 1621042818.54435730    0.0400   1.4818E+007  999.0000   1.9297E+005   2.7834E+005   4.0103E+005   5.6556E+005   7.8527E+005   1.0667E+006   1.3993E+006   1.7373E+006   1.9962E+006   2.0451E+006   1.7715E+006   1.2021E+006   5.6562E+005   1.5781E+005   2.0257E+004   8.7138E+002   6.8919E+000   5.1427E-003   1.1463E-007   6.4644E-015
 1621042821.40334560    0.0400   1.4818E+007  999.0000   1.9297E+005   2.7834E+005   4.0103E+005   5.6556E+005   7.8527E+005   1.0667E+006   1.3993E+006   1.7373E+006   1.9962E+006   2.0451E+006   1.7715E+006   1.2021E+006   5.6562E+005   1.5781E+005   2.0257E+004   8.7138E+002   6.8919E+000   5.1427E-003   1.1463E-007   6.4644E-015
 1621042824.25100520    0.0300   1.5917E+007  999.0000   4.1866E+005   5.9954E+005   8.5454E+005   1.1867E+006   1.6108E+006   2.1161E+006   2.6422E+006   3.0527E+006   3.1553E+006   2.7669E+006   1.9096E+006   9.2995E+005   2.6795E+005   3.6652E+004   1.6570E+003   1.5844E+001   1.3686E-002   4.2263E-007   9.4806E-014   5.1481E-024
 1621042827.11935420    0.0500   2.1674E+007  999.0000   3.8416E+005   5.5255E+005   7.9273E+005   1.1112E+006   1.5292E+006   2.0500E+006   2.6374E+006   3.1830E+006   3.5081E+006   3.3804E+006   2.6775E+006   1.5943E+006   6.1834E+005   1.3026E+005   1.1079E+004   2.6324E+002   8.6786E-001   1.8359E-004   6.6007E-010   2.3440E-018
 1621042829.97834250    0.0500   2.1674E+007  999.0000   3.8416E+005   5.5255E+005   7.9273E+005   1.1112E+006   1.5292E+006   2.0500E+006   2.6374E+006   3.1830E+006   3.5081E+006   3.3804E+006   2.6775E+006   1.5943E+006   6.1834E+005   1.3026E+005   1.1079E+004   2.6324E+002   8.6786E-001   1.8359E-004   6.6007E-010   2.3440E-018
 1621042832.82600210    0.0500   2.1674E+007  999.0000   3.8416E+005   5.5255E+005   7.9273E+005   1.1112E+006   1.5292E+006   2.0500E+006   2.6374E+006   3.1830E+006   3.5081E+006   3.3804E+006   2.6775E+006   1.5943E+006   6.1834E+005   1.3026E+005   1.1079E+004   2.6324E+002   8.6786E-001   1.8359E-004   6.6007E-010   2.3440E-018
 1621042835.69083640    0.0700   2.4364E+007  999.0000   2.8070E+005   4.0530E+005   5.8483E+005   8.2655E+005   1.1513E+006   1.5712E+006   2.0754E+006   2.6028E+006   3.0353E+006   3.1780E+006   2.8418E+006   2.0201E+006   1.0181E+006   3.1387E+005   4.6640E+004   2.4782E+003   2.6771E+001   3.1320E-002   1.3402E-006   2.0375E-013
 1621042838.53849980    0.0700   2.4364E+007  999.0000   2.8070E+005   4.0530E+005   5.8483E+005   8.2655E+005   1.1513E+006   1.5712E+006   2.0754E+006   2.6028E+006   3.0353E+006   3.1780E+006   2.8418E+006   2.0201E+006   1.0181E+006   3.1387E+005   4.6640E+004   2.4782E+003   2.6771E+001   3.1320E-002   1.3402E-006   2.0375E-013
 1621042841.40686040    0.0700   2.4364E+007  999.0000   2.8070E+005   4.0530E+005   5.8483E+005   8.2655E+005   1.1513E+006   1.5712E+006   2.0754E+006   2.6028E+006   3.0353E+006   3.1780E+006   2.8418E+006   2.0201E+006   1.0181E+006   3.1387E+005   4.6640E+004   2.4782E+003   2.6771E+001   3.1320E-002   1.3402E-006   2.0375E-013
 1621042844.26584480    0.0900   2.5835E+007  999.0000   2.0364E+005   2.9483E+005   4.2719E+005   6.0732E+005   8.5325E+005   1.1794E+006   1.5874E+006   2.0462E+006   2.4844E+006   2.7603E+006   2.6916E+006   2.1716E+006   1.3198E+006   5.3435E+005   1.1840E+005   1.1201E+004   2.8369E+002   1.1367E+000   2.9113E-004   6.7763E-010
 1621042847.11349680    0.0900   2.5835E+007  999.0000   2.0364E+005   2.9483E+005   4.2719E+005   6.0732E+005   8.5325E+005   1.1794E+006   1.5874E+006   2.0462E+006   2.4844E+006   2.7603E+006   2.6916E+006   2.1716E+006   1.3198E+006   5.3435E+005   1.1840E+005   1.1201E+004   2.8369E+002   1.1367E+000   2.9113E-004   6.7763E-010
 1621042849.98185730    0.0900   2.5835E+007  999.0000   2.0364E+005   2.9483E+005   4.2719E+005   6.0732E+005   8.5325E+005   1.1794E+006   1.5874E+006   2.0462E+006   2.4844E+006   2.7603E+006   2.6916E+006   2.1716E+006   1.3198E+006   5.3435E+005   1.1840E+005   1.1201E+004   2.8369E+002   1.1367E+000   2.9113E-004   6.7763E-010
 1621042852.84084180    0.1300   3.2433E+007  999.0000   1.9381E+005   2.8109E+005   4.0831E+005   5.8258E+005   8.2285E+005   1.1463E+006   1.5609E+006   2.0463E+006   2.5471E+006   2.9351E+006   3.0191E+006   2.6334E+006   1.7963E+006   8.6025E+005   2.4386E+005   3.2940E+004   1.4126E+003   1.2129E+001   9.4284E-003   1.2007E-007
 1621042855.68849420    0.1300   3.2433E+007  999.0000   1.9381E+005   2.8109E+005   4.0831E+005   5.8258E+005   8.2285E+005   1.1463E+006   1.5609E+006   2.0463E+006   2.5471E+006   2.9351E+006   3.0191E+006   2.6334E+006   1.7963E+006   8.6025E+005   2.4386E+005   3.2940E+004   1.4126E+003   1.2129E+001   9.4284E-003   1.2007E-007
 1621042858.55333950    0.1300   3.2433E+007  999.0000   1.9381E+005   2.8109E+005   4.0831E+005   5.8258E+005   8.2285E+005   1.1463E+006   1.5609E+006   2.0463E+006   2.5471E+006   2.9351E+006   3.0191E+006   2.6334E+006   1.7963E+006   8.6025E+005   2.4386E+005   3.2940E+004   1.4126E+003   1.2129E+001   9.4284E-003   1.2007E-007
 1621042861.40100290    0.1800   3.8603E+007  999.0000   1.7105E+005   2.4846E+005   3.6177E+005   5.1791E+005   7.3515E+005   1.0317E+006   1.4200E+006   1.8912E+006   2.4092E+006   2.8724E+006   3.1053E+006   2.9131E+006   2.2129E+006   1.2395E+006   4.4226E+005   8.3309E+004   5.8450E+003   1.0241E+002   2.2547E-001   1.4190E-005
 1621042864.26935960    0.1800   3.8603E+007  999.0000   1.7105E+005   2.4846E+005   3.6177E+005   5.1791E+005   7.3515E+005   1.0317E+006   1.4200E+006   1.8912E+006   2.4092E+006   2.8724E+006   3.1053E+006   2.9131E+006   2.2129E+006   1.2395E+006   4.4226E+005   8.3309E+004   5.8450E+003   1.0241E+002   2.2547E-001   1.4190E-005
 1621042867.12833640    0.2311   6.4955E+007    5.6000   9.5202E+005   1.3647E+006   1.9482E+006   2.7124E+006   3.6981E+006   4.8967E+006   6.2034E+006   7.3631E+006   8.0123E+006   7.7550E+006   6.4576E+006   4.4729E+006   2.4836E+006   1.0930E+006   3.7715E+005   1.0492E+005   2.3390E+004   4.4419E+003   7.3108E+002   9.8275E+001
 1621042869.97599980    0.2300   6.4938E+007  999.0000   4.9542E+005   7.1744E+005   1.0399E+006   1.4790E+006   2.0793E+006   2.8769E+006   3.8778E+006   5.0091E+006   6.1010E+006   6.8094E+006   6.6847E+006   5.4462E+006   3.3583E+006   1.3886E+006   3.1732E+005   3.1390E+004   8.4926E+002   3.7436E+000   1.1016E-003   3.1708E-009
 1621042872.84436040    0.2300   6.4938E+007  999.0000   4.9542E+005   7.1744E+005   1.0399E+006   1.4790E+006   2.0793E+006   2.8769E+006   3.8778E+006   5.0091E+006   6.1010E+006   6.8094E+006   6.6847E+006   5.4462E+006   3.3583E+006   1.3886E+006   3.1732E+005   3.1390E+004   8.4926E+002   3.7436E+000   1.1016E-003   3.1708E-009
 1621042875.70334480    0.3100   5.9805E+007  999.0000   2.1487E+005   3.1242E+005   4.5556E+005   6.5355E+005   9.3051E+005   1.3117E+006   1.8175E+006   2.4441E+006   3.1583E+006   3.8453E+006   4.2864E+006   4.2051E+006   3.4132E+006   2.1055E+006   8.6552E+005   2.0011E+005   1.9018E+004   5.1742E+002   2.1676E+000   3.6693E-004
 1621042878.55099680    0.3100   5.9805E+007  999.0000   2.1487E+005   3.1242E+005   4.5556E+005   6.5355E+005   9.3051E+005   1.3117E+006   1.8175E+006   2.4441E+006   3.1583E+006   3.8453E+006   4.2864E+006   4.2051E+006   3.4132E+006   2.1055E+006   8.6552E+005   2.0011E+005   1.9018E+004   5.1742E+002   2.1676E+000   3.6693E-004
 1621042881.41935730    0.3100   5.9805E+007  999.0000   2.1487E+005   3.1242E+005   4.5556E+005   6.5355E+005   9.3051E+005   1.3117E+006   1.8175E+006   2.4441E+006   3.1583E+006   3.8453E+006   4.2864E+006   4.2051E+006   3.4132E+006   2.1055E+006   8.6552E+005   2.0011E+005   1.9018E+004   5.1742E+002   2.1676E+000   3.6693E-004
 1621042884.27834180    0.4317   7.3579E+007    9.1600   2.9852E+005   4.3312E+005   6.2955E+005   8.9910E+005   1.2718E+006   1.7760E+006   2.4279E+006   3.2044E+006   4.0360E+006   4.7517E+006   5.0855E+006   4.7803E+006   3.7658E+006   2.3687E+006   1.1234E+006   3.8760E+005   9.1541E+004   1.5023E+004   1.7090E+003   1.2342E+002
 1621042887.12599420    0.4318   7.3581E+007    8.9600   3.0125E+005   4.3705E+005   6.3517E+005   9.0696E+005   1.2826E+006   1.7903E+006   2.4461E+006   3.2259E+006   4.0586E+006   4.7714E+006   5.0972E+006   4.7807E+006   3.7576E+006   2.3596E+006   1.1191E+006   3.8750E+005   9.2364E+004   1.5416E+004   1.8000E+003   1.3501E+002
 1621042889.99083950    0.4327   7.3594E+007    7.9600   3.1767E+005   4.6062E+005   6.6890E+005   9.5406E+005   1.3470E+006   1.8759E+006   2.5546E+006   3.3533E+006   4.1919E+006   4.8860E+006   5.1632E+006   4.7815E+006   3.7095E+006   2.3075E+006   1.0951E+006   3.8679E+005   9.6993E+004   1.7731E+004   2.3785E+003   2.1754E+002
 1621042892.83850290    0.5622   8.8510E+007   10.5400   2.9059E+005   4.2216E+005   6.1482E+005   8.8047E+005   1.2505E+006   1.7564E+006   2.4217E+006   3.2351E+006   4.1454E+006   4.9995E+006   5.5286E+006   5.4250E+006   4.5127E+006   3.0234E+006   1.5317E+006   5.5899E+005   1.3604E+005   2.1950E+004   2.3007E+003   1.4057E+002
 1621042895.70686340    0.5631   8.8526E+007    9.2000   3.0554E+005   4.4368E+005   6.4572E+005   9.2387E+005   1.3103E+006   1.8369E+006   2.5255E+006   3.3603E+006   4.2821E+006   5.1256E+006   5.6132E+006   5.4435E+006   4.4707E+006   2.9639E+006   1.4982E+006   5.5532E+005   1.4163E+005   2.5048E+004   3.0488E+003   2.3347E+002
 1621042898.56584790    0.5624   8.8513E+007   10.1200   2.9475E+005   4.2816E+005   6.2343E+005   8.9257E+005   1.2672E+006   1.7789E+006   2.4507E+006   3.2702E+006   4.1839E+006   5.0353E+006   5.5529E+006   5.4306E+006   4.5010E+006   3.0064E+006   1.5220E+006   5.5794E+005   1.3766E+005   2.2821E+004   2.5015E+003   1.6364E+002
 1621042901.41349980    0.7535   1.0969E+008   11.4000   3.0027E+005   4.3663E+005   6.3676E+005   9.1369E+005   1.3014E+006   1.8356E+006   2.5465E+006   3.4319E+006   4.4535E+006   5.4681E+006   6.1988E+006   6.2907E+006   5.4715E+006   3.8747E+006   2.0946E+006   8.1817E+005   2.1193E+005   3.5643E+004   3.7601E+003   2.1985E+002
 1621042904.28186040    0.7539   1.0970E+008   10.8400   3.0507E+005   4.4355E+005   6.4673E+005   9.2775E+005   1.3209E+006   1.8621E+006   2.5811E+006   3.4745E+006   4.5015E+006   5.5148E+006   6.2337E+006   6.3032E+006   5.4601E+006   3.8525E+006   2.0795E+006   8.1532E+005   2.1412E+005   3.7082E+004   4.1151E+003   2.6076E+002
 1621042907.14084480    0.7542   1.0970E+008   10.5600   3.0770E+005   4.4735E+005   6.5220E+005   9.3546E+005   1.3316E+006   1.8766E+006   2.6000E+006   3.4978E+006   4.5277E+006   5.5402E+006   6.2524E+006   6.3098E+006   5.4538E+006   3.8405E+006   2.0714E+006   8.1380E+005   2.1529E+005   3.7863E+004   4.3142E+003   2.8497E+002
 1621042909.98849730    0.9246   1.3523E+008   10.8600   3.7963E+005   5.5193E+005   8.0472E+005   1.1543E+006   1.6432E+006   2.3161E+006   3.2095E+006   4.3188E+006   5.5922E+006   6.8456E+006   7.7291E+006   7.8029E+006   6.7442E+006   4.7444E+006   2.5510E+006   9.9533E+005   2.5985E+005   4.4696E+004   4.9228E+003   3.0933E+002
 1621042912.85685730    0.9246   1.3523E+008   11.0000   3.7803E+005   5.4963E+005   8.0139E+005   1.1496E+006   1.6367E+006   2.3073E+006   3.1980E+006   4.3046E+006   5.5763E+006   6.8301E+006   7.7175E+006   7.7987E+006   6.7479E+006   4.7516E+006   2.5559E+006   9.9633E+005   2.5920E+005   4.4251E+004   4.8114E+003   2.9621E+002
 1621042915.71584560    1.0866   1.5316E+008   10.8400   3.9991E+005   5.8159E+005   8.4836E+005   1.2177E+006   1.7352E+006   2.4492E+006   3.4011E+006   4.5904E+006   5.9700E+006   7.3539E+006   8.3767E+006   8.5612E+006   7.5258E+006   5.4133E+006   2.9946E+006   1.2091E+006   3.2850E+005   5.8967E+004   6.7812E+003   4.4472E+002
 1621042918.56350520    1.0860   1.5315E+008   11.2400   3.9541E+005   5.7510E+005   8.3900E+005   1.2045E+006   1.7168E+006   2.4243E+006   3.3684E+006   4.5499E+006   5.9240E+006   7.3086E+006   8.3421E+006   8.5475E+006   7.5356E+006   5.4347E+006   3.0101E+006   1.2125E+006   3.2635E+005   5.7412E+004   6.3741E+003   3.9514E+002
 1621042921.42833950    1.0841   1.5312E+008   13.2800   3.7731E+005   5.4897E+005   8.0130E+005   1.1512E+006   1.6427E+006   2.3233E+006   3.2356E+006   4.3849E+006   5.7355E+006   7.1211E+006   8.1966E+006   8.4872E+006   7.5734E+006   5.5238E+006   3.0759E+006   1.2269E+006   3.1724E+005   5.1050E+004   4.8311E+003   2.3050E+002
 1621042924.27600290    1.2250   1.6829E+008   13.7000   3.8936E+005   5.6666E+005   8.2746E+005   1.1895E+006   1.6988E+006   2.4057E+006   3.3565E+006   4.5609E+006   5.9888E+006   7.4767E+006   8.6727E+006   9.0766E+006   8.2179E+006   6.1072E+006   3.4801E+006   1.4245E+006   3.7820E+005   6.2172E+004   5.9428E+003   2.8101E+002
 1621042927.14435960    1.2268   1.6832E+008   11.8600   4.0459E+005   5.8867E+005   8.5924E+005   1.2345E+006   1.7615E+006   2.4913E+006   3.4695E+006   4.7022E+006   6.1517E+006   7.6413E+006   8.8041E+006   9.1362E+006   8.1905E+006   6.0298E+006   3.4189E+006   1.4093E+006   3.8615E+005   6.8240E+004   7.4464E+003   4.3925E+002
 1621042930.00333640    1.2279   1.6834E+008   11.1600   4.1198E+005   5.9933E+005   8.7463E+005   1.2562E+006   1.7917E+006   2.5326E+006   3.5239E+006   4.7700E+006   6.2294E+006   7.7191E+006   8.8654E+006   9.1630E+006   8.1766E+006   5.9935E+006   3.3908E+006   1.4023E+006   3.8975E+005   7.1102E+004   8.2122E+003   5.3142E+002
 1621042932.85099980    1.2693   1.7636E+008   10.2800   4.5620E+005   6.6344E+005   9.6771E+005   1.3890E+006   1.9791E+006   2.7933E+006   3.8784E+006   5.2339E+006   6.8057E+006   8.3825E+006   9.5489E+006   9.7646E+006   8.5980E+006   6.2091E+006   3.4637E+006   1.4207E+006   3.9686E+005   7.4474E+004   9.1489E+003   6.6015E+002
 1621042935.71936040    1.2671   1.7633E+008   11.4600   4.4063E+005   6.4097E+005   9.3532E+005   1.3432E+006   1.9155E+006   2.7067E+006   3.7647E+006   5.0930E+006   6.6453E+006   8.2236E+006   9.4264E+006   9.7143E+006   8.6298E+006   6.2833E+006   3.5188E+006   1.4336E+006   3.8972E+005   6.8921E+004   7.6315E+003   4.6631E+002
 1621042938.57834480    1.2251   1.6758E+008   13.6800   3.8447E+005   5.5956E+005   8.1713E+005   1.1747E+006   1.6779E+006   2.3764E+006   3.3163E+006   4.5077E+006   5.9216E+006   7.3975E+006   8.5888E+006   9.0006E+006   8.1642E+006   6.0827E+006   3.4780E+006   1.4299E+006   3.8173E+005   6.3166E+004   6.0834E+003   2.9014E+002
 1621042941.42599730    1.3769   1.9028E+008   12.2800   4.5913E+005   6.6803E+005   9.7510E+005   1.4010E+006   1.9992E+006   2.8277E+006   3.9385E+006   5.3385E+006   6.9854E+006   8.6785E+006   1.0001E+007   1.0378E+007   9.2985E+006   6.8339E+006   3.8591E+006   1.5776E+006   4.2556E+005   7.3248E+004   7.6717E+003   4.2536E+002
 1621042944.29435730    1.3906   1.9050E+008    7.8600   5.3958E+005   7.8409E+005   1.1423E+006   1.6369E+006   2.3266E+006   3.2723E+006   4.5204E+006   6.0568E+006   7.7977E+006   9.4751E+006   1.0606E+007   1.0617E+007   9.1339E+006   6.4692E+006   3.5902E+006   1.5114E+006   4.5805E+005   1.0101E+005   1.6166E+004   1.7430E+003
 1621042947.15334200    1.4051   1.9072E+008    6.4600   5.9769E+005   8.6776E+005   1.2626E+006   1.8058E+006   2.5598E+006   3.5862E+006   4.9263E+006   6.5488E+006   8.3393E+006   9.9847E+006   1.0967E+007   1.0731E+007   9.0063E+006   6.2455E+006   3.4373E+006   1.4731E+006   4.7438E+005   1.1767E+005   2.2672E+004   3.2022E+003
 1621042950.00099420    1.4616   2.1364E+008    7.2000   7.2273E+005   1.0491E+006   1.5261E+006   2.1819E+006   3.0915E+006   4.3276E+006   5.9379E+006   7.8795E+006   1.0006E+007   1.1930E+007   1.3015E+007   1.2599E+007   1.0394E+007   7.0148E+006   3.7022E+006   1.4920E+006   4.3990E+005   9.7047E+004   1.6113E+004   1.8850E+003
 1621042952.86935420    1.4583   2.1359E+008    7.6200   7.0221E+005   1.0196E+006   1.4837E+006   2.1225E+006   3.0097E+006   4.2180E+006   5.7969E+006   7.7104E+006   9.8230E+006   1.1762E+007   1.2902E+007   1.2573E+007   1.0445E+007   7.0898E+006   3.7481E+006   1.5007E+006   4.3390E+005   9.2262E+004   1.4466E+004   1.5581E+003
 1621042955.72834250    1.4542   2.1353E+008    8.3200   6.7412E+005   9.7917E+005   1.4257E+006   2.0410E+006   2.8973E+006   4.0669E+006   5.6022E+006   7.4754E+006   9.5664E+006   1.1524E+007   1.2740E+007   1.2531E+007   1.0515E+007   7.1977E+006   3.8149E+006   1.5131E+006   4.2479E+005   8.5357E+004   1.2237E+004   1.1560E+003
 1621042958.57600590    1.4028   2.2503E+008    7.5800   8.8818E+005   1.2884E+006   1.8721E+006   2.6725E+006   3.7781E+006   5.2713E+006   7.1979E+006   9.4856E+006   1.1926E+007   1.4017E+007   1.4988E+007   1.4113E+007   1.1209E+007   7.1982E+006   3.5648E+006   1.3295E+006   3.5720E+005   7.0920E+004   1.0476E+004   1.0740E+003
 1621042961.44084790    1.3990   2.2497E+008    8.4800   8.4239E+005   1.2226E+006   1.7778E+006   2.5406E+006   3.5971E+006   5.0301E+006   6.8906E+006   9.1215E+006   1.1540E+007   1.3676E+007   1.4778E+007   1.4090E+007   1.1337E+007   7.3529E+006   3.6450E+006   1.3373E+006   3.4372E+005   6.2942E+004   8.2122E+003   7.0459E+002
 1621042964.28849980    1.3171   2.3301E+008    7.9600   1.0872E+006   1.5757E+006   2.2866E+006   3.2583E+006   4.5938E+006   6.3843E+006   8.6677E+006   1.1329E+007   1.4075E+007   1.6265E+007   1.6985E+007   1.5482E+007   1.1764E+007   7.1334E+006   3.2854E+006   1.1231E+006   2.7224E+005   4.8196E+004   6.2825E+003   5.6041E+002
 1621042967.15686040    1.3163   2.3300E+008    8.2800   1.0670E+006   1.5468E+006   2.2453E+006   3.2007E+006   4.5153E+006   6.2806E+006   8.5374E+006   1.1177E+007   1.3920E+007   1.6135E+007   1.6916E+007   1.5488E+007   1.1823E+007   7.1909E+006   3.3097E+006   1.1229E+006   2.6725E+005   4.5830E+004   5.6972E+003   4.7543E+002
 1621042970.01724120    1.3215   2.3308E+008    6.9400   1.1687E+006   1.6926E+006   2.4534E+006   3.4902E+006   4.9093E+006   6.7996E+006   9.1867E+006   1.1926E+007   1.4681E+007   1.6759E+007   1.7237E+007   1.5442E+007   1.1536E+007   6.9170E+006   3.1955E+006   1.1234E+006   2.9073E+005   5.7518E+004   8.8182E+003   9.8382E+002
 1621042972.86768580    1.1845   2.4118E+008    5.5800   1.8860E+006   2.7204E+006   3.9198E+006   5.5293E+006   7.6829E+006   1.0455E+007   1.3772E+007   1.7259E+007   2.0238E+007   2.1647E+007   2.0491E+007   1.6607E+007   1.1086E+007   5.9536E+006   2.5161E+006   8.4653E+005   2.2391E+005   4.9026E+004   9.0478E+003   1.3341E+003
 1621042975.73185730    1.1803   2.4112E+008    6.1000   1.7651E+006   2.5483E+006   3.6768E+006   5.1963E+006   7.2397E+006   9.8898E+006   1.3099E+007   1.6538E+007   1.9586E+007   2.1214E+007   2.0379E+007   1.6774E+007   1.1344E+007   6.1248E+006   2.5659E+006   8.3867E+005   2.1003E+005   4.2393E+004   7.0234E+003   9.0205E+002
 1621042978.59084560    1.1918   2.4128E+008    5.0600   2.0471E+006   2.9493E+006   4.2422E+006   5.9696E+006   8.2657E+006   1.1192E+007   1.4640E+007   1.8174E+007   2.1045E+007   2.2158E+007   2.0596E+007   1.6385E+007   1.0773E+007   5.7530E+006   2.4577E+006   8.5475E+005   2.4017E+005   5.7410E+004   1.1874E+004   2.0210E+003
 1621042981.43850520    1.0617   2.4434E+008    4.6000   2.9643E+006   4.2531E+006   6.0799E+006   8.4815E+006   1.1598E+007   1.5426E+007   1.9676E+007   2.3597E+007   2.6090E+007   2.5881E+007   2.2375E+007   1.6395E+007   9.8901E+006   4.8846E+006   1.9665E+006   6.6358E+005   1.8722E+005   4.6557E+004   1.0351E+004   1.9578E+003
 1621042984.30685420    1.0644   2.4437E+008    4.4700   3.0584E+006   4.3855E+006   6.2642E+006   8.7285E+006   1.1916E+007   1.5813E+007   2.0105E+007   2.4011E+007   2.6406E+007   2.6027E+007   2.2346E+007   1.6269E+007   9.7716E+006   4.8250E+006   1.9535E+006   6.6746E+005   1.9212E+005   4.9072E+004   1.1274E+004   2.2183E+003
 1621042987.16584250    1.0484   2.4416E+008    5.6600   2.4547E+006   3.5330E+006   5.0740E+006   7.1245E+006   9.8334E+006   1.3252E+007   1.7216E+007   2.1158E+007   2.4147E+007   2.4898E+007   2.2466E+007   1.7147E+007   1.0646E+007   5.2706E+006   2.0426E+006   6.3067E+005   1.5359E+005   3.1207E+004   5.3883E+003   7.4736E+002
 1621042990.01350260    0.9360   2.4807E+008    5.4800   3.3037E+006   4.7403E+006   6.7769E+006   9.4543E+006   1.2928E+007   1.7191E+007   2.1912E+007   2.6231E+007   2.8884E+007   2.8408E+007   2.4156E+007   1.7180E+007   9.8522E+006   4.5002E+006   1.6187E+006   4.7053E+005   1.0986E+005   2.1865E+004   3.7732E+003   5.3306E+002
 1621042992.87833640    0.9375   2.4809E+008    5.2400   3.4339E+006   4.9236E+006   7.0317E+006   9.7955E+006   1.3367E+007   1.7723E+007   2.2498E+007   2.6787E+007   2.9292E+007   2.8571E+007   2.4077E+007   1.6985E+007   9.6933E+006   4.4347E+006   1.6131E+006   4.7976E+005   1.1613E+005   2.4253E+004   4.4409E+003   6.7418E+002
 1621042995.72599980    0.9424   2.4816E+008    4.7200   3.7973E+006   5.4343E+006   7.7391E+006   1.0738E+007   1.4572E+007   1.9168E+007   2.4068E+007   2.8248E+007   3.0330E+007   2.8948E+007   2.3842E+007   1.6481E+007   9.2960E+006   4.2716E+006   1.5966E+006   5.0112E+005   1.3181E+005   3.0704E+004   6.4202E+003   1.1431E+003
 1621042998.59436040    0.8237   2.4941E+008    4.2600   5.6997E+006   8.1034E+006   1.1429E+007   1.5645E+007   2.0824E+007   2.6657E+007   3.2235E+007   3.5987E+007   3.6226E+007   3.1953E+007   2.4062E+007   1.5157E+007   7.8410E+006   3.3718E+006   1.2150E+006   3.8095E+005   1.0384E+005   2.5912E+004   5.9725E+003   1.2065E+003
 1621043001.45334480    0.8184   2.4934E+008    4.6400   5.1679E+006   7.3643E+006   1.0422E+007   1.4334E+007   1.9207E+007   2.4814E+007   3.0383E+007   3.4466E+007   3.5378E+007   3.1892E+007   2.4530E+007   1.5702E+007   8.1668E+006   3.4735E+006   1.2130E+006   3.6093E+005   9.1375E+004   2.0809E+004   4.3112E+003   7.6911E+002
 1621043004.30099680    0.8140   2.4928E+008    5.3000   4.5363E+006   6.4828E+006   9.2132E+006   1.2746E+007   1.7222E+007   2.2510E+007   2.8002E+007   3.2426E+007   3.4146E+007   3.1697E+007   2.5107E+007   1.6452E+007   8.6344E+006   3.6177E+006   1.2057E+006   3.3065E+005   7.4355E+004   1.4574E+004   2.5273E+003   3.6550E+002
 1621043007.16935730    0.6750   2.4544E+008    4.5700   7.2896E+006   1.0326E+007   1.4485E+007   1.9678E+007   2.5909E+007   3.2652E+007   3.8628E+007   4.1853E+007   4.0470E+007   3.3877E+007   2.3901E+007   1.3925E+007   6.5793E+006   2.5607E+006   8.2894E+005   2.3264E+005   5.6494E+004   1.2546E+004   2.5692E+003   4.5807E+002
 1621043010.02834180    0.6743   2.4543E+008    4.6900   7.0842E+006   1.0043E+007   1.4104E+007   1.9190E+007   2.5322E+007   3.2011E+007   3.8023E+007   4.1408E+007   4.0284E+007   3.3943E+007   2.4090E+007   1.4089E+007   6.6559E+006   2.5759E+006   8.2372E+005   2.2687E+005   5.3715E+004   1.1570E+004   2.2881E+003   3.9185E+002
 1621043012.87599420    0.7281   2.5288E+008    4.3300   7.3626E+006   1.0427E+007   1.4621E+007   1.9854E+007   2.6126E+007   3.2905E+007   3.8905E+007   4.2147E+007   4.0795E+007   3.4263E+007   2.4354E+007   1.4384E+007   6.9499E+006   2.7939E+006   9.4451E+005   2.7957E+005   7.2331E+004   1.7239E+004   3.8130E+003   7.4077E+002
 1621043015.74435420    0.6375   2.5176E+008    4.1000   1.0126E+007   1.4240E+007   1.9761E+007   2.6450E+007   3.4109E+007   4.1768E+007   4.7542E+007   4.9042E+007   4.4672E+007   3.4961E+007   2.3043E+007   1.2648E+007   5.7349E+006   2.2028E+006   7.2708E+005   2.1495E+005   5.6728E+004   1.4036E+004   3.2697E+003   6.7855E+002
 1621043018.60334250    0.6397   2.5179E+008    3.9500   1.0658E+007   1.4962E+007   2.0713E+007   2.7631E+007   3.5465E+007   4.3157E+007   4.8723E+007   4.9765E+007   4.4827E+007   3.4693E+007   2.2660E+007   1.2382E+007   5.6279E+006   2.1854E+006   7.3591E+005   2.2378E+005   6.1218E+004   1.5792E+004   3.8535E+003   8.4275E+002
 1621043021.45100210    0.6368   2.5175E+008    4.1800   9.8677E+006   1.3888E+007   1.9297E+007   2.5871E+007   3.3438E+007   4.1074E+007   4.6943E+007   4.8664E+007   4.4579E+007   3.5088E+007   2.3236E+007   1.2786E+007   5.7912E+006   2.2122E+006   7.2276E+005   2.1057E+005   5.4535E+004   1.3201E+004   3.0006E+003   6.0561E+002
 1621043024.31935120    0.5451   2.5053E+008    4.0600   1.3644E+007   1.9048E+007   2.6156E+007   3.4498E+007   4.3580E+007   5.1871E+007   5.6831E+007   5.5833E+007   4.7898E+007   3.4970E+007   2.1391E+007   1.0899E+007   4.6112E+006   1.6708E+006   5.2686E+005   1.5079E+005   3.8959E+004   9.5306E+003   2.2116E+003   4.5988E+002
 1621043027.17833950    0.5453   2.5054E+008    4.0400   1.3736E+007   1.9171E+007   2.6314E+007   3.4690E+007   4.3792E+007   5.2076E+007   5.6988E+007   5.5910E+007   4.7892E+007   3.4917E+007   2.1336E+007   1.0868E+007   4.6017E+006   1.6705E+006   5.2841E+005   1.5186E+005   3.9437E+004   9.7036E+003   2.2661E+003   4.7460E+002
 1621043030.02600290    0.5448   2.5053E+008    4.1200   1.3369E+007   1.8678E+007   2.5675E+007   3.3915E+007   4.2933E+007   5.1242E+007   5.6341E+007   5.5584E+007   4.7903E+007   3.5127E+007   2.1556E+007   1.0995E+007   4.6427E+006   1.6731E+006   5.2280E+005   1.4781E+005   3.7615E+004   9.0442E+003   2.0591E+003   4.1914E+002
 1621043032.89435960    0.4536   2.4998E+008    3.9700   1.9823E+007   2.7370E+007   3.6983E+007   4.7714E+007   5.8462E+007   6.6751E+007   6.9242E+007   6.3553E+007   5.0290E+007   3.3568E+007   1.8738E+007   8.7614E+006   3.4416E+006   1.1779E+006   3.5718E+005   1.0001E+005   2.5642E+004   6.2979E+003   1.4804E+003   3.1422E+002
 1621043035.75333640    0.4520   2.4996E+008    4.3000   1.7814E+007   2.4714E+007   3.3625E+007   4.3788E+007   5.4333E+007   6.3073E+007   6.6790E+007   6.2766E+007   5.0893E+007   3.4695E+007   1.9608E+007   9.1540E+006   3.5257E+006   1.1602E+006   3.3187E+005   8.6256E+004   2.0227E+004   4.4977E+003   9.4899E+002   1.7869E+002
 1621043038.60100030    0.4524   2.4997E+008    4.1700   1.8533E+007   2.5667E+007   3.4834E+007   4.5209E+007   5.5839E+007   6.4430E+007   6.7712E+007   6.3079E+007   5.0684E+007   3.4278E+007   1.9280E+007   9.0055E+006   3.4944E+006   1.1673E+006   3.4151E+005   9.1367E+004   2.2185E+004   5.1287E+003   1.1289E+003   2.2281E+002
 1621043041.46935650    0.3719   2.5112E+008    3.9900   2.8807E+007   3.9276E+007   5.2105E+007   6.5563E+007   7.7619E+007   8.4621E+007   8.2667E+007   7.0504E+007   5.1205E+007   3.1117E+007   1.5789E+007   6.7434E+006   2.4411E+006   7.8001E+005   2.2365E+005   5.9925E+004   1.4838E+004   3.5472E+003   8.1606E+002   1.7010E+002
 1621043044.32833340    0.3716   2.5111E+008    4.1100   2.7650E+007   3.7784E+007   5.0288E+007   6.3552E+007   7.5672E+007   8.3106E+007   8.1905E+007   7.0522E+007   5.1684E+007   3.1619E+007   1.6082E+007   6.8420E+006   2.4497E+006   7.6865E+005   2.1499E+005   5.5905E+004   1.3369E+004   3.0770E+003   6.7975E+002   1.3552E+002
 1621043047.17599730    0.3708   2.5110E+008    4.4400   2.5101E+007   3.4478E+007   4.6230E+007   5.9004E+007   7.1191E+007   7.9527E+007   8.0013E+007   7.0470E+007   5.2787E+007   3.2834E+007   1.6796E+007   7.0773E+006   2.4625E+006   7.3663E+005   1.9288E+005   4.6271E+004   1.0071E+004   2.0908E+003   4.1351E+002   7.2990E+001
 1621043050.04083900    0.3109   2.5097E+008    4.1200   3.8154E+007   5.1467E+007   6.7230E+007   8.2834E+007   9.5283E+007   9.9941E+007   9.2874E+007   7.4512E+007   5.0372E+007   2.8272E+007   1.3203E+007   5.1913E+006   1.7342E+006   5.1412E+005   1.3745E+005   3.4529E+004   8.0407E+003   1.8140E+003   3.9467E+002   7.7720E+001
 1621043052.88849120    0.3109   2.5097E+008    4.1100   3.8276E+007   5.1620E+007   6.7410E+007   8.3024E+007   9.5453E+007   1.0006E+008   9.2911E+007   7.4486E+007   5.0321E+007   2.8232E+007   1.3185E+007   5.1871E+006   1.7349E+006   5.1522E+005   1.3806E+005   3.4774E+004   8.1222E+003   1.8384E+003   4.0135E+002   7.9333E+001
 1621043055.75685120    0.2600   2.4668E+008  999.0000   1.9930E+007   2.8009E+007   3.8810E+007   5.1765E+007   6.6233E+007   7.9736E+007   8.7520E+007   8.3800E+007   6.5715E+007   3.8406E+007   1.4662E+007   3.0094E+006   2.4228E+005   5.2152E+003   1.5863E+001   3.1593E-003   9.4722E-009   9.1731E-017   2.1038E-028   4.6795E-046
 1621043058.61583950    0.2600   2.4668E+008  999.0000   1.9930E+007   2.8009E+007   3.8810E+007   5.1765E+007   6.6233E+007   7.9736E+007   8.7520E+007   8.3800E+007   6.5715E+007   3.8406E+007   1.4662E+007   3.0094E+006   2.4228E+005   5.2152E+003   1.5863E+001   3.1593E-003   9.4722E-009   9.1731E-017   2.1038E-028   4.6795E-046
 1621043061.46349950    0.2600   2.4668E+008  999.0000   1.9930E+007   2.8009E+007   3.8810E+007   5.1765E+007   6.6233E+007   7.9736E+007   8.7520E+007   8.3800E+007   6.5715E+007   3.8406E+007   1.4662E+007   3.0094E+006   2.4228E+005   5.2152E+003   1.5863E+001   3.1593E-003   9.4722E-009   9.1731E-017   2.1038E-028   4.6795E-046
 1621043064.33184810    0.2400   2.5797E+008  999.0000   2.6426E+007   3.6928E+007   5.0736E+007   6.6855E+007   8.4030E+007   9.8534E+007   1.0403E+008   9.4130E+007   6.7923E+007   3.5132E+007   1.1223E+007   1.7767E+006   9.7549E+004   1.2067E+003   1.6391E+000   1.0322E-004   5.8026E-011   5.2873E-020   4.3655E-033   7.7416E-053
 1621043067.19083640    0.2400   2.5797E+008  999.0000   2.6426E+007   3.6928E+007   5.0736E+007   6.6855E+007   8.4030E+007   9.8534E+007   1.0403E+008   9.4130E+007   6.7923E+007   3.5132E+007   1.1223E+007   1.7767E+006   9.7549E+004   1.2067E+003   1.6391E+000   1.0322E-004   5.8026E-011   5.2873E-020   4.3655E-033   7.7416E-053
 1621043070.03849980    0.2400   2.5797E+008  999.0000   2.6426E+007   3.6928E+007   5.0736E+007   6.6855E+007   8.4030E+007   9.8534E+007   1.0403E+008   9.4130E+007   6.7923E+007   3.5132E+007   1.1223E+007   1.7767E+006   9.7549E+004   1.2067E+003   1.6391E+000   1.0322E-004   5.8026E-011   5.2873E-020   4.3655E-033   7.7416E-053
 1621043072.90686040    0.2100   2.5679E+008  999.0000   3.3564E+007   4.6592E+007   6.3377E+007   8.2329E+007   1.0134E+008   1.1522E+008   1.1623E+008   9.8410E+007   6.4411E+007   2.8869E+007   7.4840E+006   8.7398E+005   3.0654E+004   1.9837E+002   1.0510E-001   1.7298E-006   1.3905E-013   8.2297E-024   1.4870E-038   1.0702E-060
 1621043075.76584480    0.2100   2.5679E+008  999.0000   3.3564E+007   4.6592E+007   6.3377E+007   8.2329E+007   1.0134E+008   1.1522E+008   1.1623E+008   9.8410E+007   6.4411E+007   2.8869E+007   7.4840E+006   8.7398E+005   3.0654E+004   1.9837E+002   1.0510E-001   1.7298E-006   1.3905E-013   8.2297E-024   1.4870E-038   1.0702E-060
 1621043078.61349680    0.2100   2.5679E+008  999.0000   3.3564E+007   4.6592E+007   6.3377E+007   8.2329E+007   1.0134E+008   1.1522E+008   1.1623E+008   9.8410E+007   6.4411E+007   2.8869E+007   7.4840E+006   8.7398E+005   3.0654E+004   1.9837E+002   1.0510E-001   1.7298E-006   1.3905E-013   8.2297E-024   1.4870E-038   1.0702E-060
 1621043081.48185730    0.1800   2.6069E+008  999.0000   4.6768E+007   6.4267E+007   8.6100E+007   1.0944E+008   1.3049E+008   1.4155E+008   1.3321E+008   1.0194E+008   5.7510E+007   2.0726E+007   3.9101E+006   2.8747E+005   5.1039E+003   1.2359E+001   1.5740E-003   3.4159E-009   1.4743E-017   1.4648E-029   9.1519E-047   2.0568E-072
 1621043084.34084180    0.1800   2.6069E+008  999.0000   4.6768E+007   6.4267E+007   8.6100E+007   1.0944E+008   1.3049E+008   1.4155E+008   1.3321E+008   1.0194E+008   5.7510E+007   2.0726E+007   3.9101E+006   2.8747E+005   5.1039E+003   1.2359E+001   1.5740E-003   3.4159E-009   1.4743E-017   1.4648E-029   9.1519E-047   2.0568E-072
 1621043087.18849420    0.1803   2.6070E+008    3.8100   1.2230E+008   1.5324E+008   1.8042E+008   1.9406E+008   1.8711E+008   1.5737E+008   1.1268E+008   6.8023E+007   3.4411E+007   1.4728E+007   5.4670E+006   1.8033E+006   5.3488E+005   1.4879E+005   3.9101E+004   1.0019E+004   2.4494E+003   5.9229E+002   1.4028E+002   3.0553E+001
 1621043090.05685420    0.1505   2.5737E+008    3.5300   1.7729E+008   2.1277E+008   2.3634E+008   2.3658E+008   2.0921E+008   1.5959E+008   1.0328E+008   5.6813E+007   2.6653E+007   1.0851E+007   3.9438E+006   1.3100E+006   4.0116E+005   1.1755E+005   3.3058E+004   9.1640E+003   2.4472E+003   6.4999E+002   1.6990E+002   4.1176E+001
 1621043092.91584250    0.1503   2.5737E+008    3.7400   1.6317E+008   1.9841E+008   2.2422E+008   2.2903E+008   2.0719E+008   1.6170E+008   1.0670E+008   5.9373E+007   2.7859E+007   1.1192E+007   3.9597E+006   1.2645E+006   3.6820E+005   1.0176E+005   2.6819E+004   6.9391E+003   1.7221E+003   4.2422E+002   1.0263E+002   2.2903E+001
 1621043095.76350260    0.1500   2.5736E+008  999.0000   6.3148E+007   8.5738E+007   1.1281E+008   1.3975E+008   1.6045E+008   1.6460E+008   1.4267E+008   9.6843E+007   4.5812E+007   1.2751E+007   1.6512E+006   7.0220E+004   5.5769E+002   4.2358E-001   1.0085E-005   2.0371E-012   2.9081E-022   2.5545E-036   2.4294E-056   6.0611E-086
 1621043098.63185120    0.1300   2.5592E+008  999.0000   8.0683E+007   1.0831E+008   1.4010E+008   1.6937E+008   1.8764E+008   1.8260E+008   1.4643E+008   8.8746E+007   3.5547E+007   7.7519E+006   7.0374E+005   1.7861E+004   6.6498E+001   1.6985E-002   8.3976E-008   1.8479E-015   1.1135E-026   1.2549E-042   3.2278E-065   2.2634E-098
 1621043101.49083950    0.1500   2.6356E+008  999.0000   6.7550E+007   9.1543E+007   1.2012E+008   1.4821E+008   1.6917E+008   1.7206E+008   1.4725E+008   9.8120E+007   4.5172E+007   1.2081E+007   1.4763E+006   5.7700E+004   4.0485E+002   2.5725E-001   4.7340E-006   6.6455E-013   5.6364E-023   2.4127E-037   8.6125E-058   5.4974E-088
 1621043104.33849950    0.1500   2.6356E+008  999.0000   6.7550E+007   9.1543E+007   1.2012E+008   1.4821E+008   1.6917E+008   1.7206E+008   1.4725E+008   9.8120E+007   4.5172E+007   1.2081E+007   1.4763E+006   5.7700E+004   4.0485E+002   2.5725E-001   4.7340E-006   6.6455E-013   5.6364E-023   2.4127E-037   8.6125E-058   5.4974E-088
 1621043107.20684810    0.1303   2.5300E+008    3.5900   2.0668E+008   2.4333E+008   2.6339E+008   2.5531E+008   2.1709E+008   1.5822E+008   9.7401E+007   5.0919E+007   2.2727E+007   8.8305E+006   3.0765E+006   9.8369E+005   2.9099E+005   8.2635E+004   2.2575E+004   6.0912E+003   1.5847E+003   4.1049E+002   1.0469E+002   2.4738E+001
 1621043110.06612940    0.1304   2.5300E+008    3.5000   2.1429E+008   2.5060E+008   2.6893E+008   2.5813E+008   2.1718E+008   1.5670E+008   9.5724E+007   4.9865E+007   2.2298E+007   8.7331E+006   3.0846E+006   1.0050E+006   3.0425E+005   8.8699E+004   2.4938E+004   6.9351E+003   1.8628E+003   4.9849E+002   1.3145E+002   3.2184E+001
