          0.00000000    0.0000   0.0000E+000    0.0000   3.0000E-002   4.4000E-002   6.5000E-002   9.5000E-002   1.3900E-001   2.0400E-001   3.0000E-001   4.4000E-001   6.4600E-001   9.4900E-001   1.3920E+000   2.0400E+000   3.0000E+000   4.4000E+000   6.4600E+000   9.4500E+000   1.3900E+001   2.0400E+001   3.0000E+001   4.5000E+001
 1620983778.89376190    0.0105   6.1746E+006    3.0300   9.7837E+005   1.3027E+006   1.6718E+006   2.0146E+006   2.2564E+006   2.2989E+006   2.0816E+006   1.6478E+006   1.1268E+006   6.6477E+005   3.4277E+005   1.5714E+005   6.4769E+004   2.4854E+004   8.9712E+003   3.1336E+003   1.0452E+003   3.4322E+002   1.1035E+002   3.3088E+001
 1620983781.74727110    0.0104   6.1732E+006    3.1700   8.8606E+005   1.1878E+006   1.5387E+006   1.8771E+006   2.1354E+006   2.2173E+006   2.0509E+006   1.6585E+006   1.1554E+006   6.9026E+005   3.5730E+005   1.6282E+005   6.6029E+004   2.4710E+004   8.6324E+003   2.9024E+003   9.2713E+002   2.9072E+002   8.9023E+001   2.5317E+001
 1620983784.61211680    0.0102   6.1723E+006    3.3400   7.9551E+005   1.0737E+006   1.4044E+006   1.7348E+006   2.0058E+006   2.1248E+006   2.0110E+006   1.6650E+006   1.1848E+006   7.1863E+005   3.7409E+005   1.6949E+005   6.7520E+004   2.4552E+004   8.2564E+003   2.6534E+003   8.0506E+002   2.3885E+002   6.8969E+001   1.8398E+001
 1620983787.45977640    0.0105   5.4894E+006    3.0900   6.6548E+005   8.9803E+005   1.1744E+006   1.4510E+006   1.6792E+006   1.7830E+006   1.6963E+006   1.4183E+006   1.0260E+006   6.3843E+005   3.4451E+005   1.6357E+005   6.9053E+004   2.6846E+004   9.7280E+003   3.3863E+003   1.1192E+003   3.6269E+002   1.1472E+002   3.3738E+001
 1620983790.32461070    0.0107   5.4914E+006    2.9500   7.3881E+005   9.9044E+005   1.2834E+006   1.5666E+006   1.7850E+006   1.8597E+006   1.7312E+006   1.4156E+006   1.0038E+006   6.1564E+005   3.3021E+005   1.5739E+005   6.7394E+004   2.6822E+004   1.0029E+004   3.6231E+003   1.2493E+003   4.2377E+002   1.4068E+002   4.3612E+001
 1620983793.16875930    0.0108   5.4918E+006    2.9000   7.7225E+005   1.0323E+006   1.3322E+006   1.6179E+006   1.8312E+006   1.8924E+006   1.7457E+006   1.4142E+006   9.9455E+005   6.0627E+005   3.2429E+005   1.5474E+005   6.6583E+004   2.6721E+004   1.0103E+004   3.6990E+003   1.2950E+003   4.4649E+002   1.5081E+002   4.7641E+001
 1620983796.02367280    0.0207   6.1706E+006    3.6800   1.7289E+005   2.4450E+005   3.4218E+005   4.6341E+005   6.0768E+005   7.6202E+005   8.9656E+005   9.6699E+005   9.3425E+005   7.8821E+005   5.6942E+005   3.4808E+005   1.7849E+005   7.8370E+004   2.9838E+004   1.0223E+004   3.1463E+003   9.0964E+002   2.4825E+002   6.0929E+001
 1620983798.89129920    0.0209   6.1724E+006    3.5400   1.8394E+005   2.5968E+005   3.6249E+005   4.8920E+005   6.3837E+005   7.9521E+005   9.2746E+005   9.8958E+005   9.4417E+005   7.8615E+005   5.6126E+005   3.4036E+005   1.7423E+005   7.6984E+004   2.9759E+004   1.0437E+004   3.3143E+003   9.9445E+002   2.8306E+002   7.2886E+001
 1620983801.73125930    0.0219   6.1814E+006    3.1000   2.3476E+005   3.2890E+005   4.5407E+005   6.0360E+005   7.7145E+005   9.3446E+005   1.0511E+006   1.0735E+006   9.7491E+005   7.7213E+005   5.2812E+005   3.1170E+005   1.5896E+005   7.1973E+004   2.9352E+004   1.1147E+004   3.9257E+003   1.3295E+003   4.3335E+002   1.3009E+002
 1620983804.58477640    0.0219   6.0158E+006    3.1300   2.1140E+005   2.9676E+005   4.1088E+005   5.4834E+005   7.0466E+005   8.5988E+005   9.7665E+005   1.0095E+006   9.2970E+005   7.4770E+005   5.1927E+005   3.1071E+005   1.6020E+005   7.3072E+004   2.9906E+004   1.1358E+004   3.9881E+003   1.3435E+003   4.3478E+002   1.2936E+002
 1620983807.44961070    0.0218   6.0150E+006    3.1700   2.0592E+005   2.8931E+005   4.0105E+005   5.3610E+005   6.9049E+005   8.4515E+005   9.6367E+005   1.0007E+006   9.2650E+005   7.4908E+005   5.2259E+005   3.1360E+005   1.6179E+005   7.3640E+004   2.9992E+004   1.1308E+004   3.9330E+003   1.3103E+003   4.1883E+002   1.2288E+002
 1620983810.29727410    0.0219   6.0162E+006    3.1200   2.1260E+005   2.9839E+005   4.1302E+005   5.5100E+005   7.0770E+005   8.6301E+005   9.7934E+005   1.0112E+006   9.3021E+005   7.4726E+005   5.1849E+005   3.1008E+005   1.5989E+005   7.2980E+004   2.9910E+004   1.1381E+004   4.0062E+003   1.3534E+003   4.3938E+002   1.3119E+002
 1620983813.16211940    0.0204   5.4995E+006    4.3500   9.7756E+004   1.3953E+005   1.9793E+005   2.7315E+005   3.6781E+005   4.7858E+005   5.9198E+005   6.8116E+005   7.1311E+005   6.6031E+005   5.2609E+005   3.5222E+005   1.9372E+005   8.8018E+004   3.3166E+004   1.0730E+004   2.9783E+003   7.4731E+002   1.7139E+002   3.4136E+001
 1620983816.00626470    0.0216   5.5127E+006    3.2900   1.4685E+005   2.0751E+005   2.9010E+005   3.9233E+005   5.1355E+005   6.4267E+005   7.5464E+005   8.1309E+005   7.8678E+005   6.6828E+005   4.9026E+005   3.0814E+005   1.6513E+005   7.7100E+004   3.1784E+004   1.1973E+004   4.1137E+003   1.3416E+003   4.1676E+002   1.1799E+002
 1620983818.85977410    0.0220   5.5163E+006    3.1600   1.5808E+005   2.2292E+005   3.1067E+005   4.1838E+005   5.4447E+005   6.7598E+005   7.8559E+005   8.3580E+005   7.9709E+005   6.6690E+005   4.8273E+005   3.0063E+005   1.6067E+005   7.5439E+004   3.1545E+004   1.2149E+004   4.2990E+003   1.4518E+003   4.6912E+002   1.3891E+002
 1620983821.72461990    0.0206   6.4381E+006    3.7200   1.9356E+005   2.7342E+005   3.8199E+005   5.1607E+005   6.7442E+005   8.4166E+005   9.8372E+005   1.0517E+006   1.0047E+006   8.3593E+005   5.9412E+005   3.5666E+005   1.7937E+005   7.7217E+004   2.8831E+004   9.6942E+003   2.9294E+003   8.3220E+002   2.2328E+002   5.3851E+001
 1620983824.56876470    0.0214   6.4457E+006    3.2500   2.4345E+005   3.4146E+005   4.7215E+005   6.2896E+005   8.0612E+005   9.7995E+005   1.1069E+006   1.1355E+006   1.0349E+006   8.2074E+005   5.5983E+005   3.2756E+005   1.6439E+005   7.2688E+004   2.8733E+004   1.0512E+004   3.5454E+003   1.1455E+003   3.5501E+002   1.0083E+002
 1620983827.42227410    0.0206   6.4373E+006    3.8000   1.8745E+005   2.6503E+005   3.7076E+005   5.0182E+005   6.5746E+005   8.2333E+005   9.6669E+005   1.0394E+006   9.9947E+005   8.3732E+005   5.9880E+005   3.6095E+005   1.8165E+005   7.7904E+004   2.8834E+004   9.5663E+003   2.8398E+003   7.8982E+002   2.0688E+002   4.8549E+001
 1620983830.28711580    0.0212   5.6310E+006    3.4800   1.4264E+005   2.0194E+005   2.8304E+005   3.8416E+005   5.0536E+005   6.3665E+005   7.5407E+005   8.2100E+005   8.0375E+005   6.9050E+005   5.1097E+005   3.2215E+005   1.7171E+005   7.8926E+004   3.1679E+004   1.1504E+004   3.7739E+003   1.1669E+003   3.4167E+002   9.0493E+001
 1620983833.13125350    0.0206   5.6246E+006    3.9900   1.1636E+005   1.6558E+005   2.3383E+005   3.2067E+005   4.2797E+005   5.4999E+005   6.6893E+005   7.5302E+005   7.6713E+005   6.8824E+005   5.3060E+005   3.4496E+005   1.8602E+005   8.4221E+004   3.2285E+004   1.0864E+004   3.2070E+003   8.7201E+002   2.2021E+002   4.9167E+001
 1620983835.98477410    0.0210   6.1365E+006    3.5000   1.8393E+005   2.5959E+005   3.6221E+005   4.8853E+005   6.3700E+005   7.9268E+005   9.2328E+005   9.8360E+005   9.3693E+005   7.7904E+005   5.5581E+005   3.3725E+005   1.7304E+005   7.6795E+004   2.9881E+004   1.0570E+004   3.3912E+003   1.0295E+003   2.9679E+002   7.7521E+001
 1620983838.84961940    0.0211   6.1374E+006    3.4400   1.8945E+005   2.6715E+005   3.7229E+005   5.0127E+005   6.5205E+005   8.0877E+005   9.3804E+005   9.9414E+005   9.4133E+005   7.7786E+005   5.5193E+005   3.3367E+005   1.7107E+005   7.6143E+004   2.9829E+004   1.0661E+004   3.4675E+003   1.0697E+003   3.1407E+002   8.3751E+001
 1620983841.69728280    0.0208   6.1342E+006    3.6600   1.7124E+005   2.4216E+005   3.3890E+005   4.5897E+005   6.0184E+005   7.5471E+005   8.8800E+005   9.5789E+005   9.2574E+005   7.8150E+005   5.6516E+005   3.4606E+005   1.7790E+005   7.8369E+004   2.9963E+004   1.0317E+004   3.1935E+003   9.2906E+002   2.5525E+002   6.3109E+001
 1620983844.56212500    0.0211   5.3777E+006    3.5800   1.1838E+005   1.6807E+005   2.3655E+005   3.2291E+005   4.2821E+005   5.4552E+005   6.5595E+005   7.2813E+005   7.3006E+005   6.4473E+005   4.9122E+005   3.1845E+005   1.7377E+005   8.1156E+004   3.2800E+004   1.1883E+004   3.8558E+003   1.1709E+003   3.3478E+002   8.6076E+001
 1620983847.40626240    0.0217   5.3836E+006    3.2800   1.3715E+005   1.9396E+005   2.7147E+005   3.6772E+005   4.8243E+005   6.0562E+005   7.1418E+005   7.7378E+005   7.5398E+005   6.4578E+005   4.7821E+005   3.0356E+005   1.6430E+005   7.7443E+004   3.2202E+004   1.2223E+004   4.2286E+003   1.3874E+003   4.3335E+002   1.2333E+002
 1620983850.25977950    0.0226   5.3912E+006    3.0400   1.5826E+005   2.2290E+005   3.1010E+005   4.1661E+005   5.4040E+005   6.6805E+005   7.7218E+005   8.1641E+005   7.7354E+005   6.4356E+005   4.6441E+005   2.8959E+005   1.5589E+005   7.4213E+004   3.1676E+004   1.2525E+004   4.5752E+003   1.6011E+003   5.3785E+002   1.6629E+002
 1620983853.12461380    0.0210   4.9109E+006    3.7400   8.3859E+004   1.1958E+005   1.6941E+005   2.3337E+005   3.1347E+005   4.0658E+005   5.0102E+005   5.7427E+005   5.9955E+005   5.5560E+005   4.4636E+005   3.0523E+005   1.7484E+005   8.4770E+004   3.5054E+004   1.2787E+004   4.1141E+003   1.2225E+003   3.3827E+002   8.3288E+001
 1620983855.96876240    0.0212   4.9129E+006    3.6100   8.8334E+004   1.2582E+005   1.7794E+005   2.4455E+005   3.2741E+005   4.2272E+005   5.1771E+005   5.8873E+005   6.0876E+005   5.5807E+005   4.4355E+005   3.0065E+005   1.7142E+005   8.3247E+004   3.4747E+004   1.2893E+004   4.2528E+003   1.3036E+003   3.7410E+002   9.6112E+001
 1620983858.82227950    0.0207   4.9081E+006    3.9900   7.6714E+004   1.0960E+005   1.5570E+005   2.1530E+005   2.9077E+005   3.8000E+005   4.7308E+005   5.4944E+005   5.8305E+005   5.5044E+005   4.5062E+005   3.1307E+005   1.8094E+005   8.7530E+004   3.5613E+004   1.2595E+004   3.8711E+003   1.0853E+003   2.8041E+002   6.3693E+001
 1620983861.68711380    0.0207   5.8195E+006    3.7700   1.3966E+005   1.9812E+005   2.7852E+005   3.7957E+005   5.0215E+005   6.3746E+005   7.6255E+005   8.4027E+005   8.3373E+005   7.2562E+005   5.4202E+005   3.4237E+005   1.8071E+005   8.1064E+004   3.1250E+004   1.0738E+004   3.2857E+003   9.3745E+002   2.5097E+002   6.0071E+001
 1620983864.53477720    0.0213   5.8251E+006    3.4000   1.6457E+005   2.3243E+005   3.2464E+005   4.3850E+005   5.7295E+005   7.1511E+005   8.3650E+005   8.9645E+005   8.6091E+005   7.2370E+005   5.2367E+005   3.2341E+005   1.6955E+005   7.7145E+004   3.0874E+004   1.1259E+004   3.7334E+003   1.1730E+003   3.5048E+002   9.5141E+001
 1620983867.39961890    0.0205   5.8174E+006    3.9900   1.2889E+005   1.8321E+005   2.5831E+005   3.5346E+005   4.7026E+005   6.0165E+005   7.2728E+005   8.1204E+005   8.1856E+005   7.2484E+005   5.5041E+005   3.5197E+005   1.8661E+005   8.3154E+004   3.1430E+004   1.0454E+004   3.0574E+003   8.2548E+002   2.0738E+002   4.6123E+001
 1620983870.24375650    0.0206   6.7017E+006    3.7000   2.2021E+005   3.1049E+005   4.3261E+005   5.8230E+005   7.5701E+005   9.3792E+005   1.0856E+006   1.1461E+006   1.0779E+006   8.8058E+005   6.1358E+005   3.6109E+005   1.7828E+005   7.5584E+004   2.7897E+004   9.3101E+003   2.8022E+003   7.9534E+002   2.1371E+002   5.1725E+001
 1620983873.09727720    0.0206   6.7020E+006    3.6800   2.2197E+005   3.1290E+005   4.3582E+005   5.8633E+005   7.6173E+005   9.4291E+005   1.0900E+006   1.1492E+006   1.0790E+006   8.7995E+005   6.1225E+005   3.5999E+005   1.7775E+005   7.5449E+004   2.7916E+004   9.3496E+003   2.8272E+003   8.0683E+002   2.1812E+002   5.3162E+001
 1620983875.96211890    0.0207   6.7030E+006    3.6000   2.2988E+005   3.2370E+005   4.5016E+005   6.0434E+005   7.8283E+005   9.6516E+005   1.1100E+006   1.1628E+006   1.0839E+006   8.7737E+005   6.0655E+005   3.5522E+005   1.7536E+005   7.4778E+004   2.7935E+004   9.4902E+003   2.9235E+003   8.5268E+002   2.3623E+002   5.9193E+001
 1620983878.80625630    0.0208   7.0844E+006    3.4800   2.8739E+005   4.0296E+005   5.5691E+005   7.4127E+005   9.4884E+005   1.1510E+006   1.2956E+006   1.3213E+006   1.1930E+006   9.3245E+005   6.2249E+005   3.5347E+005   1.7046E+005   7.1755E+004   2.6761E+004   9.1737E+003   2.8787E+003   8.6162E+002   2.4642E+002   6.4144E+001
 1620983881.65977720    0.0206   7.0816E+006    3.7200   2.5762E+005   3.6251E+005   5.0360E+005   6.7507E+005   8.7255E+005   1.0724E+006   1.2277E+006   1.2780E+006   1.1807E+006   9.4435E+005   6.4262E+005   3.6889E+005   1.7766E+005   7.3597E+004   2.6603E+004   8.7187E+003   2.5828E+003   7.2310E+002   1.9196E+002   4.5937E+001
 1620983884.52461890    0.0205   7.0812E+006    3.7800   2.5126E+005   3.5383E+005   4.9209E+005   6.6067E+005   8.5577E+005   1.0548E+006   1.2122E+006   1.2676E+006   1.1773E+006   9.4671E+005   6.4719E+005   3.7254E+005   1.7940E+005   7.4050E+004   2.6570E+004   8.6144E+003   2.5164E+003   6.9304E+002   1.8063E+002   4.2334E+001
 1620983887.36875630    0.0210   8.5686E+006    3.2300   5.8365E+005   8.0569E+005   1.0886E+006   1.4049E+006   1.7237E+006   1.9754E+006   2.0661E+006   1.9276E+006   1.5713E+006   1.1020E+006   6.6308E+005   3.4448E+005   1.5548E+005   6.3024E+004   2.3279E+004   8.1050E+003   2.6392E+003   8.3324E+002   2.5460E+002   7.1745E+001
 1620983890.22227720    0.0209   8.5675E+006    3.3000   5.5918E+005   7.7336E+005   1.0477E+006   1.3570E+006   1.6731E+006   1.9295E+006   2.0337E+006   1.9141E+006   1.5744E+006   1.1130E+006   6.7342E+005   3.5044E+005   1.5771E+005   6.3433E+004   2.3146E+004   7.9325E+003   2.5343E+003   7.8333E+002   2.3391E+002   6.4253E+001
 1620983893.08711890    0.0309   7.3000E+006    4.1900   1.0561E+005   1.5110E+005   2.1511E+005   2.9835E+005   4.0462E+005   5.3191E+005   6.6756E+005   7.8354E+005   8.4260E+005   8.0803E+005   6.7260E+005   4.7450E+005   2.7723E+005   1.3447E+005   5.4273E+004   1.8814E+004   5.5983E+003   1.5036E+003   3.6874E+002   7.8695E+001
 1620983895.93125630    0.0310   7.3013E+006    4.1000   1.0844E+005   1.5507E+005   2.2059E+005   3.0561E+005   4.1384E+005   5.4287E+005   6.7934E+005   7.9435E+005   8.5016E+005   8.1080E+005   6.7104E+005   4.7104E+005   2.7440E+005   1.3317E+005   5.4027E+004   1.8921E+004   5.7185E+003   1.5670E+003   3.9363E+002   8.6429E+001
 1620983898.78477720    0.0307   7.2972E+006    4.4500   9.8517E+004   1.4114E+005   2.0132E+005   2.7999E+005   3.8121E+005   5.0387E+005   6.3712E+005   7.5519E+005   8.2222E+005   8.0003E+005   6.7620E+005   4.8355E+005   2.8487E+005   1.3804E+005   5.4946E+004   1.8519E+004   5.2770E+003   1.3395E+003   3.0689E+002   6.0390E+001
 1620983901.64961890    0.0209   6.6112E+006    3.4700   2.3419E+005   3.2934E+005   4.5714E+005   6.1213E+005   7.9013E+005   9.6958E+005   1.1084E+006   1.1529E+006   1.0665E+006   8.5728E+005   5.8993E+005   3.4541E+005   1.7153E+005   7.4110E+004   2.8261E+004   9.8645E+003   3.1417E+003   9.5151E+002   2.7476E+002   7.2114E+001
 1620983904.49727110    0.0206   6.6075E+006    3.7500   2.0687E+005   2.9202E+005   4.0757E+005   5.4988E+005   7.1720E+005   8.9260E+005   1.0393E+006   1.1056E+006   1.0493E+006   8.6597E+005   6.0959E+005   3.6198E+005   1.7989E+005   7.6496E+004   2.8205E+004   9.3669E+003   2.7955E+003   7.8454E+002   2.0796E+002   4.9531E+001
 1620983907.36211680    0.0208   6.6100E+006    3.5500   2.2541E+005   3.1737E+005   4.4129E+005   5.9231E+005   7.6705E+005   9.4544E+005   1.0870E+006   1.1386E+006   1.0616E+006   8.6020E+005   5.9600E+005   3.5042E+005   1.7404E+005   7.4837E+004   2.8256E+004   9.7205E+003   3.0380E+003   9.0008E+002   2.5358E+002   6.4725E+001
 1620983910.20626540    0.0307   6.5420E+006    4.7400   6.6087E+004   9.5020E+004   1.3627E+005   1.9094E+005   2.6278E+005   3.5272E+005   4.5575E+005   5.5631E+005   6.2981E+005   6.4413E+005   5.7799E+005   4.4192E+005   2.7894E+005   1.4380E+005   6.0005E+004   2.0749E+004   5.9210E+003   1.4690E+003   3.2184E+002   5.9272E+001
 1620983913.05978250    0.0316   6.5528E+006    3.8800   8.3127E+004   1.1905E+005   1.6972E+005   2.3586E+005   3.2083E+005   4.2358E+005   5.3497E+005   6.3361E+005   6.9023E+005   6.7411E+005   5.7540E+005   4.1987E+005   2.5647E+005   1.3152E+005   5.6783E+004   2.1274E+004   6.9168E+003   2.0452E+003   5.5598E+002   1.3290E+002
 1620983915.92461660    0.0310   6.5466E+006    4.2500   7.4348E+004   1.0669E+005   1.5255E+005   2.1290E+005   2.9130E+005   3.8781E+005   4.9542E+005   5.9565E+005   6.6134E+005   6.6062E+005   5.7762E+005   4.3087E+005   2.6714E+005   1.3722E+005   5.8269E+004   2.1032E+004   6.4446E+003   1.7617E+003   4.3534E+002   9.2818E+001
 1620983918.76876160    0.0428   6.7432E+006    2.5600   1.8974E+005   2.6645E+005   3.6915E+005   4.9322E+005   6.3518E+005   7.7819E+005   8.9038E+005   9.3233E+005   8.7791E+005   7.3182E+005   5.3644E+005   3.4630E+005   1.9755E+005   1.0205E+005   4.8365E+004   2.1631E+004   9.0992E+003   3.7097E+003   1.4666E+003   5.4203E+002
 1620983921.62227110    0.0306   6.6600E+006    4.7600   6.9563E+004   9.9987E+004   1.4332E+005   2.0070E+005   2.7594E+005   3.6988E+005   4.7699E+005   5.8065E+005   6.5492E+005   6.6648E+005   5.9422E+005   4.5076E+005   2.8187E+005   1.4381E+005   5.9353E+004   2.0299E+004   5.7295E+003   1.4068E+003   3.0519E+002   5.5655E+001
 1620983924.48711680    0.0310   6.6645E+006    4.3100   7.7249E+004   1.1084E+005   1.5846E+005   2.2108E+005   3.0238E+005   4.0232E+005   5.1353E+005   6.1667E+005   6.8346E+005   6.8095E+005   5.9322E+005   4.4026E+005   2.7107E+005   1.3798E+005   5.7931E+004   2.0629E+004   6.2216E+003   1.6712E+003   4.0513E+002   8.4554E+001
 1620983927.33126190    0.0516   7.9219E+006    2.3500   4.1320E+005   5.6920E+005   7.6704E+005   9.8731E+005   1.2090E+006   1.3863E+006   1.4595E+006   1.3864E+006   1.1726E+006   8.7700E+005   5.8244E+005   3.4712E+005   1.8728E+005   9.4003E+004   4.4385E+004   2.0202E+004   8.8014E+003   3.7648E+003   1.5773E+003   6.2426E+002
 1620983930.18477110    0.0494   7.9174E+006    2.3800   3.9642E+005   5.4707E+005   7.3910E+005   9.5457E+005   1.1741E+006   1.3540E+006   1.4353E+006   1.3737E+006   1.1708E+006   8.8167E+005   5.8854E+005   3.5172E+005   1.8979E+005   9.5028E+004   4.4659E+004   2.0196E+004   8.7287E+003   3.7003E+003   1.5351E+003   6.0100E+002
 1620983933.04961680    1.0822   8.0222E+006    2.0100   7.1326E+005   9.5415E+005   1.2341E+006   1.5061E+006   1.7225E+006   1.8165E+006   1.7375E+006   1.4938E+006   1.1499E+006   7.9601E+005   5.0239E+005   2.9347E+005   1.6014E+005   8.3635E+004   4.2080E+004   2.0777E+004   9.9704E+003   4.7437E+003   2.2281E+003   1.0001E+003
 1620983935.89376190    0.8876   1.2303E+007    2.0100   3.2289E+006   4.0323E+006   4.7512E+006   5.1641E+006   5.1279E+006   4.5904E+006   3.6766E+006   2.6475E+006   1.7255E+006   1.0322E+006   5.7766E+005   3.0701E+005   1.5587E+005   7.7231E+004   3.7412E+004   1.7987E+004   8.4703E+003   3.9780E+003   1.8517E+003   8.2582E+002
 1620983938.74727110    0.8876   1.2303E+007    2.0100   3.2289E+006   4.0323E+006   4.7512E+006   5.1641E+006   5.1279E+006   4.5904E+006   3.6766E+006   2.6475E+006   1.7255E+006   1.0322E+006   5.7766E+005   3.0701E+005   1.5587E+005   7.7231E+004   3.7412E+004   1.7987E+004   8.4703E+003   3.9780E+003   1.8517E+003   8.2582E+002
 1620983941.61211680    0.0370   8.4040E+006    2.7200   3.4313E+005   4.7836E+005   6.5572E+005   8.6340E+005   1.0896E+006   1.2984E+006   1.4318E+006   1.4312E+006   1.2735E+006   9.9413E+005   6.7812E+005   4.0596E+005   2.1442E+005   1.0272E+005   4.5235E+004   1.8858E+004   7.4039E+003   2.8239E+003   1.0456E+003   3.6114E+002
 1620983944.45978020    1.0469   8.5506E+006    2.0100   9.0439E+005   1.1995E+006   1.5331E+006   1.8429E+006   2.0676E+006   2.1302E+006   1.9843E+006   1.6592E+006   1.2427E+006   8.3899E+005   5.1829E+005   2.9756E+005   1.6019E+005   8.2824E+004   4.1368E+004   2.0320E+004   9.7150E+003   4.6104E+003   2.1617E+003   9.6904E+002
 1620983947.32462190    0.0330   8.3772E+006    3.1600   2.4689E+005   3.4796E+005   4.8454E+005   6.5178E+005   8.4685E+005   1.0491E+006   1.2156E+006   1.2884E+006   1.2231E+006   1.0179E+006   7.3255E+005   4.5358E+005   2.4110E+005   1.1267E+005   4.6929E+004   1.8019E+004   6.3613E+003   2.1446E+003   6.9214E+002   2.0476E+002
 1620983950.16875930    1.0822   8.0694E+006    2.0100   7.2508E+005   9.6948E+005   1.2530E+006   1.5278E+006   1.7454E+006   1.8381E+006   1.7554E+006   1.5066E+006   1.1578E+006   8.0029E+005   5.0442E+005   2.9434E+005   1.6048E+005   8.3759E+004   4.2123E+004   2.0791E+004   9.9749E+003   4.7451E+003   2.2286E+003   1.0002E+003
 1620983953.02228020    1.0822   8.0694E+006    2.0100   7.2508E+005   9.6948E+005   1.2530E+006   1.5278E+006   1.7454E+006   1.8381E+006   1.7554E+006   1.5066E+006   1.1578E+006   8.0029E+005   5.0442E+005   2.9434E+005   1.6048E+005   8.3759E+004   4.2123E+004   2.0791E+004   9.9749E+003   4.7451E+003   2.2286E+003   1.0002E+003
 1620983955.88712190    1.0822   8.0694E+006    2.0100   7.2508E+005   9.6948E+005   1.2530E+006   1.5278E+006   1.7454E+006   1.8381E+006   1.7554E+006   1.5066E+006   1.1578E+006   8.0029E+005   5.0442E+005   2.9434E+005   1.6048E+005   8.3759E+004   4.2123E+004   2.0791E+004   9.9749E+003   4.7451E+003   2.2286E+003   1.0002E+003
 1620983958.73125930    1.0994   7.8841E+006    2.0100   6.6035E+005   8.8581E+005   1.1501E+006   1.4106E+006   1.6236E+006   1.7254E+006   1.6652E+006   1.4452E+006   1.1230E+006   7.8424E+005   4.9871E+005   2.9312E+005   1.6072E+005   8.4244E+004   4.2499E+004   2.1023E+004   1.0102E+004   4.8108E+003   2.2611E+003   1.0154E+003
 1620983961.58477640    0.0354   7.7161E+006    2.8900   2.2670E+005   3.1896E+005   4.4308E+005   5.9408E+005   7.6854E+005   9.4683E+005   1.0899E+006   1.1474E+006   1.0832E+006   8.9974E+005   6.5075E+005   4.0903E+005   2.2356E+005   1.0889E+005   4.7914E+004   1.9653E+004   7.4920E+003   2.7471E+003   9.7025E+002   3.1701E+002
 1620983964.44961070    1.0994   7.8841E+006    2.0100   6.6035E+005   8.8581E+005   1.1501E+006   1.4106E+006   1.6236E+006   1.7254E+006   1.6652E+006   1.4452E+006   1.1230E+006   7.8424E+005   4.9871E+005   2.9312E+005   1.6072E+005   8.4244E+004   4.2499E+004   2.1023E+004   1.0102E+004   4.8108E+003   2.2611E+003   1.0154E+003
 1620983967.29375930    0.0473   8.8918E+006    2.9700   1.7804E+005   2.5247E+005   3.5474E+005   4.8320E+005   6.3899E+005   8.1135E+005   9.7230E+005   1.0769E+006   1.0812E+006   9.6314E+005   7.4957E+005   5.0566E+005   2.9430E+005   1.5063E+005   6.8638E+004   2.8732E+004   1.1039E+004   4.0373E+003   1.4109E+003   4.5293E+002
 1620983970.14728020    0.0437   8.8639E+006    3.4100   1.3894E+005   1.9816E+005   2.8080E+005   3.8697E+005   5.2015E+005   6.7546E+005   8.3405E+005   9.5933E+005   1.0076E+006   9.4332E+005   7.7043E+005   5.4036E+005   3.2124E+005   1.6378E+005   7.2237E+004   2.8461E+004   1.0021E+004   3.2886E+003   1.0133E+003   2.8108E+002
 1620983973.01212190    0.0448   8.8730E+006    3.2300   1.5224E+005   2.1670E+005   3.0616E+005   4.2020E+005   5.6158E+005   7.2348E+005   8.8385E+005   1.0029E+006   1.0362E+006   9.5231E+005   7.6369E+005   5.2757E+005   3.1092E+005   1.5866E+005   7.0835E+004   2.8573E+004   1.0413E+004   3.5685E+003   1.1567E+003   3.4039E+002
 1620983975.85625930    0.0503   9.2693E+006    2.7700   2.3452E+005   3.3068E+005   4.6083E+005   6.2064E+005   8.0798E+005   1.0042E+006   1.1701E+006   1.2517E+006   1.2061E+006   1.0277E+006   7.6600E+005   4.9826E+005   2.8291E+005   1.4348E+005   6.5872E+004   2.8213E+004   1.1247E+004   4.3138E+003   1.5947E+003   5.4674E+002
 1620983978.70978020    0.1435   9.4205E+006    2.1300   4.8903E+005   6.7081E+005   8.9867E+005   1.1480E+006   1.3926E+006   1.5792E+006   1.6434E+006   1.5456E+006   1.3002E+006   9.7480E+005   6.5587E+005   4.0079E+005   2.2451E+005   1.1828E+005   5.9170E+004   2.8728E+004   1.3437E+004   6.1942E+003   2.8059E+003   1.2083E+003
 1620983981.57462190    0.0522   9.2798E+006    2.6900   2.5078E+005   3.5290E+005   4.9037E+005   6.5782E+005   8.5177E+005   1.0510E+006   1.2132E+006   1.2833E+006   1.2210E+006   1.0271E+006   7.5696E+005   4.8852E+005   2.7656E+005   1.4067E+005   6.5144E+004   2.8290E+004   1.1487E+004   4.5029E+003   1.7059E+003   6.0136E+002
 1620983984.41875930    0.0309   1.5947E+007    3.3500   1.5414E+006   2.1048E+006   2.7994E+006   3.5364E+006   4.2138E+006   4.6430E+006   4.6157E+006   4.0472E+006   3.0680E+006   1.9857E+006   1.0992E+006   5.2572E+005   2.1911E+005   8.2505E+004   2.8469E+004   9.3142E+003   2.8602E+003   8.5483E+002   2.4783E+002   6.6220E+001
 1620983987.27227640    0.0321   1.5958E+007    2.9600   2.0118E+006   2.7055E+006   3.5212E+006   4.3236E+006   4.9644E+006   5.2225E+006   4.9187E+006   4.0744E+006   2.9282E+006   1.8190E+006   9.8658E+005   4.7445E+005   2.0447E+005   8.1710E+004   3.0614E+004   1.1065E+004   3.8125E+003   1.2910E+003   4.2756E+002   1.3216E+002
 1620983990.13711070    0.0352   1.5977E+007    2.6200   2.7879E+006   3.6650E+006   4.6220E+006   5.4504E+006   5.9468E+006   5.8848E+006   5.1795E+006   4.0127E+006   2.7212E+006   1.6236E+006   8.6660E+005   4.2126E+005   1.8843E+005   7.9954E+004   3.2417E+004   1.2854E+004   4.9186E+003   1.8633E+003   6.9467E+002   2.4422E+002
 1620983992.98125930    0.1084   2.0139E+007    2.1300   6.4893E+006   8.0164E+006   9.3059E+006   9.9258E+006   9.6258E+006   8.3729E+006   6.4855E+006   4.5006E+006   2.8182E+006   1.6162E+006   8.6606E+005   4.4038E+005   2.1369E+005   1.0120E+005   4.6836E+004   2.1520E+004   9.6772E+003   4.3409E+003   1.9295E+003   8.1967E+002
 1620983995.83478020    0.0462   1.5316E+007    2.7700   1.1730E+006   1.6052E+006   2.1421E+006   2.7200E+006   3.2675E+006   3.6473E+006   3.7011E+006   3.3489E+006   2.6604E+006   1.8403E+006   1.1135E+006   5.9612E+005   2.8494E+005   1.2549E+005   5.1539E+004   2.0305E+004   7.6059E+003   2.7904E+003   9.9949E+002   3.3490E+002
 1620983998.69962190    0.0521   2.6567E+007    3.1800   2.8410E+006   3.8578E+006   5.0904E+006   6.3636E+006   7.4791E+006   8.0992E+006   7.8884E+006   6.7673E+006   5.0243E+006   3.1994E+006   1.7567E+006   8.4228E+005   3.5607E+005   1.3751E+005   4.9153E+004   1.6786E+004   5.4175E+003   1.7091E+003   5.2497E+002   1.4944E+002
 1620984001.54375930    0.0523   2.6569E+007    3.1300   2.9440E+006   3.9897E+006   5.2495E+006   6.5382E+006   7.6469E+006   8.2305E+006   7.9591E+006   6.7762E+006   4.9949E+006   3.1628E+006   1.7314E+006   8.3044E+005   3.5247E+005   1.3713E+005   4.9528E+004   1.7129E+004   5.6099E+003   1.7983E+003   5.6184E+002   1.6294E+002
 1620984004.39728020    0.0508   2.6553E+007    3.6600   2.1888E+006   3.0128E+006   4.0529E+006   5.1984E+006   6.3206E+006   7.1475E+006   7.3320E+006   6.6549E+006   5.2201E+006   3.4750E+006   1.9545E+006   9.3362E+005   3.8085E+005   1.3757E+005   4.4701E+004   1.3573E+004   3.8172E+003   1.0359E+003   2.7071E+002   6.4519E+001
 1620984007.26212190    0.0504   3.1473E+007    3.8500   3.3044E+006   4.5160E+006   6.0122E+006   7.6021E+006   9.0622E+006   9.9747E+006   9.8726E+006   8.5655E+006   6.3589E+006   3.9705E+006   2.0805E+006   9.2180E+005   3.4774E+005   1.1614E+005   3.4904E+004   9.8173E+003   2.5572E+003   6.4354E+002   1.5601E+002   3.4380E+001
 1620984010.10625930    0.0500   3.1468E+007  999.0000   1.1536E+006   1.6448E+006   2.3287E+006   3.2032E+006   4.2877E+006   5.5177E+006   6.6829E+006   7.3858E+006   7.1518E+006   5.6977E+006   3.4184E+006   1.3569E+006   2.8905E+005   2.5502E+004   6.0723E+002   2.3094E+000   5.1529E-004   2.2906E-009   3.1835E-017   2.6924E-029
 1620984012.95977640    0.0500   3.1468E+007  999.0000   1.1536E+006   1.6448E+006   2.3287E+006   3.2032E+006   4.2877E+006   5.5177E+006   6.6829E+006   7.3858E+006   7.1518E+006   5.6977E+006   3.4184E+006   1.3569E+006   2.8905E+005   2.5502E+004   6.0723E+002   2.3094E+000   5.1529E-004   2.2906E-009   3.1835E-017   2.6924E-029
 1620984015.82461070    0.0614   3.6152E+007    3.3900   4.3283E+006   5.8633E+006   7.7086E+006   9.5878E+006   1.1186E+007   1.1988E+007   1.1506E+007   9.6760E+006   6.9958E+006   4.3056E+006   2.2672E+006   1.0345E+006   4.1310E+005   1.4985E+005   5.0062E+004   1.5931E+004   4.7728E+003   1.3956E+003   3.9659E+002   1.0392E+002
 1620984018.66875930    0.0606   3.6143E+007    3.8000   3.5630E+006   4.8789E+006   6.5138E+006   8.2684E+006   9.9097E+006   1.0988E+007   1.0981E+007   9.6441E+006   7.2664E+006   4.6157E+006   2.4647E+006   1.1141E+006   4.2909E+005   1.4632E+005   4.4888E+004   1.2883E+004   3.4243E+003   8.7903E+002   2.1736E+002   4.8898E+001
 1620984021.52228020    0.0608   3.6146E+007    3.6400   3.8161E+006   5.2064E+006   6.9148E+006   8.7166E+006   1.0351E+007   1.1342E+007   1.1176E+007   9.6652E+006   7.1748E+006   4.5049E+006   2.3927E+006   1.0852E+006   4.2358E+005   1.4785E+005   4.6855E+004   1.3991E+004   3.8946E+003   1.0514E+003   2.7441E+002   6.5503E+001
 1620984024.38712190    0.0635   5.3628E+007    2.8400   1.9478E+007   2.4472E+007   2.8984E+007   3.1535E+007   3.1067E+007   2.7144E+007   2.0695E+007   1.3737E+007   7.9467E+006   4.0578E+006   1.8709E+006   7.9464E+005   3.1371E+005   1.1876E+005   4.3296E+004   1.5547E+004   5.4050E+003   1.8675E+003   6.3622E+002   2.0380E+002
 1620984027.23125930    0.0609   5.3605E+007    3.3400   1.3601E+007   1.7716E+007   2.2031E+007   2.5463E+007   2.6977E+007   2.5580E+007   2.1188E+007   1.5113E+007   9.1907E+006   4.7794E+006   2.1635E+006   8.7005E+005   3.1448E+005   1.0613E+005   3.3749E+004   1.0418E+004   3.0700E+003   8.9246E+002   2.5406E+002   6.7082E+001
 1620984030.08477640    0.0600   5.3595E+007  999.0000   3.8585E+006   5.4362E+006   7.5610E+006   1.0139E+007   1.3075E+007   1.5924E+007   1.7780E+007   1.7454E+007   1.4198E+007   8.7569E+006   3.6161E+006   8.3226E+005   7.9325E+004   2.1805E+003   9.4694E+000   3.1389E-003   1.9767E-008   5.4749E-016   5.5387E-027   1.0789E-043
 1620984032.94961070    0.0600   5.5807E+007  999.0000   4.3409E+006   6.1057E+006   8.4711E+006   1.1319E+007   1.4521E+007   1.7550E+007   1.9374E+007   1.8706E+007   1.4851E+007   8.8378E+006   3.4641E+006   7.3890E+005   6.2957E+004   1.4712E+003   5.0431E+000   1.1917E-003   4.5832E-009   6.3136E-017   2.3807E-028   1.0946E-045
 1620984035.79727410    0.0600   5.5807E+007  999.0000   4.3409E+006   6.1057E+006   8.4711E+006   1.1319E+007   1.4521E+007   1.7550E+007   1.9374E+007   1.8706E+007   1.4851E+007   8.8378E+006   3.4641E+006   7.3890E+005   6.2957E+004   1.4712E+003   5.0431E+000   1.1917E-003   4.5832E-009   6.3136E-017   2.3807E-028   1.0946E-045
 1620984038.66211940    0.0600   5.5807E+007  999.0000   4.3409E+006   6.1057E+006   8.4711E+006   1.1319E+007   1.4521E+007   1.7550E+007   1.9374E+007   1.8706E+007   1.4851E+007   8.8378E+006   3.4641E+006   7.3890E+005   6.2957E+004   1.4712E+003   5.0431E+000   1.1917E-003   4.5832E-009   6.3136E-017   2.3807E-028   1.0946E-045
 1620984041.50626470    0.0800   7.6764E+007  999.0000   6.3367E+006   8.9012E+006   1.2325E+007   1.6422E+007   2.0980E+007   2.5201E+007   2.7569E+007   2.6270E+007   2.0455E+007   1.1830E+007   4.4481E+006   8.9296E+005   6.9576E+004   1.4284E+003   4.0550E+000   7.3180E-004   1.9007E-009   1.5024E-017   2.5879E-029   3.7907E-047
 1620984044.35977410    0.0800   7.6764E+007  999.0000   6.3367E+006   8.9012E+006   1.2325E+007   1.6422E+007   2.0980E+007   2.5201E+007   2.7569E+007   2.6270E+007   2.0455E+007   1.1830E+007   4.4481E+006   8.9296E+005   6.9576E+004   1.4284E+003   4.0550E+000   7.3180E-004   1.9007E-009   1.5024E-017   2.5879E-029   3.7907E-047
 1620984047.22461990    0.0800   7.6764E+007  999.0000   6.3367E+006   8.9012E+006   1.2325E+007   1.6422E+007   2.0980E+007   2.5201E+007   2.7569E+007   2.6270E+007   2.0455E+007   1.1830E+007   4.4481E+006   8.9296E+005   6.9576E+004   1.4284E+003   4.0550E+000   7.3180E-004   1.9007E-009   1.5024E-017   2.5879E-029   3.7907E-047
 1620984050.06876470    0.0900   9.4872E+007  999.0000   9.3658E+006   1.3100E+007   1.8024E+007   2.3797E+007   2.9999E+007   3.5329E+007   3.7540E+007   3.4284E+007   2.5080E+007   1.3235E+007   4.3537E+006   7.1929E+005   4.2056E+004   5.6980E+002   8.8349E-001   6.7205E-005   4.9701E-011   6.6660E-020   9.4676E-033   3.6837E-052
 1620984052.92227410    0.0900   9.4872E+007  999.0000   9.3658E+006   1.3100E+007   1.8024E+007   2.3797E+007   2.9999E+007   3.5329E+007   3.7540E+007   3.4284E+007   2.5080E+007   1.3235E+007   4.3537E+006   7.1929E+005   4.2056E+004   5.6980E+002   8.8349E-001   6.7205E-005   4.9701E-011   6.6660E-020   9.4676E-033   3.6837E-052
 1620984055.78711580    0.0700   9.3771E+007  999.0000   1.4544E+007   2.0083E+007   2.7104E+007   3.4815E+007   4.2153E+007   4.6773E+007   4.5518E+007   3.6573E+007   2.2164E+007   8.8729E+006   1.9510E+006   1.7926E+005   4.4180E+003   1.7173E+001   4.3427E-003   2.4961E-008   4.3869E-016   3.0903E-027   2.8991E-043   3.0455E-067
 1620984058.63125350    0.0700   9.3771E+007  999.0000   1.4544E+007   2.0083E+007   2.7104E+007   3.4815E+007   4.2153E+007   4.6773E+007   4.5518E+007   3.6573E+007   2.2164E+007   8.8729E+006   1.9510E+006   1.7926E+005   4.4180E+003   1.7173E+001   4.3427E-003   2.4961E-008   4.3869E-016   3.0903E-027   2.8991E-043   3.0455E-067
 1620984061.48477410    0.0700   9.3771E+007  999.0000   1.4544E+007   2.0083E+007   2.7104E+007   3.4815E+007   4.2153E+007   4.6773E+007   4.5518E+007   3.6573E+007   2.2164E+007   8.8729E+006   1.9510E+006   1.7926E+005   4.4180E+003   1.7173E+001   4.3427E-003   2.4961E-008   4.3869E-016   3.0903E-027   2.8991E-043   3.0455E-067
 1620984064.34961580    0.1000   1.0778E+008  999.0000   1.1099E+007   1.5508E+007   2.1303E+007   2.8062E+007   3.5257E+007   4.1317E+007   4.3583E+007   3.9381E+007   2.8362E+007   1.4627E+007   4.6531E+006   7.3215E+005   3.9838E+004   4.8642E+002   6.4832E-001   3.9739E-005   2.1480E-011   1.8519E-020   1.4149E-033   2.2427E-053
 1620984067.19375320    0.1000   1.0778E+008  999.0000   1.1099E+007   1.5508E+007   2.1303E+007   2.8062E+007   3.5257E+007   4.1317E+007   4.3583E+007   3.9381E+007   2.8362E+007   1.4627E+007   4.6531E+006   7.3215E+005   3.9838E+004   4.8642E+002   6.4832E-001   3.9739E-005   2.1480E-011   1.8519E-020   1.4149E-033   2.2427E-053
 1620984070.04727410    0.1000   1.0778E+008  999.0000   1.1099E+007   1.5508E+007   2.1303E+007   2.8062E+007   3.5257E+007   4.1317E+007   4.3583E+007   3.9381E+007   2.8362E+007   1.4627E+007   4.6531E+006   7.3215E+005   3.9838E+004   4.8642E+002   6.4832E-001   3.9739E-005   2.1480E-011   1.8519E-020   1.4149E-033   2.2427E-053
 1620984072.91211940    0.1200   1.3001E+008  999.0000   1.3519E+007   1.8885E+007   2.5931E+007   3.4142E+007   4.2861E+007   5.0170E+007   5.2830E+007   4.7618E+007   3.4168E+007   1.7527E+007   5.5319E+006   8.6049E+005   4.6037E+004   5.4854E+002   7.0559E-001   4.1111E-005   2.0644E-011   1.6046E-020   1.0601E-033   1.3615E-053
 1620984075.75626470    0.1200   1.3001E+008  999.0000   1.3519E+007   1.8885E+007   2.5931E+007   3.4142E+007   4.2861E+007   5.0170E+007   5.2830E+007   4.7618E+007   3.4168E+007   1.7527E+007   5.5319E+006   8.6049E+005   4.6037E+004   5.4854E+002   7.0559E-001   4.1111E-005   2.0644E-011   1.6046E-020   1.0601E-033   1.3615E-053
 1620984078.60977410    0.1200   1.3001E+008  999.0000   1.3519E+007   1.8885E+007   2.5931E+007   3.4142E+007   4.2861E+007   5.0170E+007   5.2830E+007   4.7618E+007   3.4168E+007   1.7527E+007   5.5319E+006   8.6049E+005   4.6037E+004   5.4854E+002   7.0559E-001   4.1111E-005   2.0644E-011   1.6046E-020   1.0601E-033   1.3615E-053
 1620984081.47461610    0.1400   1.3660E+008  999.0000   1.1642E+007   1.6342E+007   2.2603E+007   3.0070E+007   3.8328E+007   4.5883E+007   4.9946E+007   4.7247E+007   3.6397E+007   2.0723E+007   7.6152E+006   1.4786E+006   1.0967E+005   2.0967E+003   5.3657E+000   8.3488E-004   1.7475E-009   1.0181E-017   1.1408E-029   8.9290E-048
 1620984084.31875350    0.1400   1.3660E+008  999.0000   1.1642E+007   1.6342E+007   2.2603E+007   3.0070E+007   3.8328E+007   4.5883E+007   4.9946E+007   4.7247E+007   3.6397E+007   2.0723E+007   7.6152E+006   1.4786E+006   1.0967E+005   2.0967E+003   5.3657E+000   8.3488E-004   1.7475E-009   1.0181E-017   1.1408E-029   8.9290E-048
 1620984087.17227410    0.1400   1.3660E+008  999.0000   1.1642E+007   1.6342E+007   2.2603E+007   3.0070E+007   3.8328E+007   4.5883E+007   4.9946E+007   4.7247E+007   3.6397E+007   2.0723E+007   7.6152E+006   1.4786E+006   1.0967E+005   2.0967E+003   5.3657E+000   8.3488E-004   1.7475E-009   1.0181E-017   1.1408E-029   8.9290E-048
 1620984090.03851200    0.1500   1.5225E+008  999.0000   1.3988E+007   1.9600E+007   2.7038E+007   3.5834E+007   4.5423E+007   5.3932E+007   5.8002E+007   5.3909E+007   4.0467E+007   2.2180E+007   7.7107E+006   1.3808E+006   9.0905E+004   1.4624E+003   2.9113E+000   3.1639E-004   3.9296E-010   1.0953E-018   4.3475E-031   7.5172E-050
 1620984092.88544230    0.1500   1.5225E+008  999.0000   1.3988E+007   1.9600E+007   2.7038E+007   3.5834E+007   4.5423E+007   5.3932E+007   5.8002E+007   5.3909E+007   4.0467E+007   2.2180E+007   7.7107E+006   1.3808E+006   9.0905E+004   1.4624E+003   2.9113E+000   3.1639E-004   3.9296E-010   1.0953E-018   4.3475E-031   7.5172E-050
 1620984095.73477410    0.1500   1.5225E+008  999.0000   1.3988E+007   1.9600E+007   2.7038E+007   3.5834E+007   4.5423E+007   5.3932E+007   5.8002E+007   5.3909E+007   4.0467E+007   2.2180E+007   7.7107E+006   1.3808E+006   9.0905E+004   1.4624E+003   2.9113E+000   3.1639E-004   3.9296E-010   1.0953E-018   4.3475E-031   7.5172E-050
 1620984098.59961580    0.1600   1.9614E+008  999.0000   2.5757E+007   3.5750E+007   4.8619E+007   6.3139E+007   7.7685E+007   8.8268E+007   8.8960E+007   7.5217E+007   4.9132E+007   2.1956E+007   5.6674E+006   6.5769E+005   2.2856E+004   1.4594E+002   7.5838E-002   1.2142E-006   9.3782E-014   5.2479E-024   8.7698E-039   5.6433E-061
 1620984101.44375320    0.1300   1.7507E+008  999.0000   2.7425E+007   3.7858E+007   5.1068E+007   6.5552E+007   7.9289E+007   8.7848E+007   8.5303E+007   6.8320E+007   4.1210E+007   1.6384E+007   3.5666E+006   3.2295E+005   7.7895E+003   2.9352E+001   7.0954E-003   3.8253E-008   6.1293E-016   3.7946E-027   2.9763E-043   2.4233E-067
 1620984104.29727410    0.1300   1.7507E+008  999.0000   2.7425E+007   3.7858E+007   5.1068E+007   6.5552E+007   7.9289E+007   8.7848E+007   8.5303E+007   6.8320E+007   4.1210E+007   1.6384E+007   3.5666E+006   3.2295E+005   7.7895E+003   2.9352E+001   7.0954E-003   3.8253E-008   6.1293E-016   3.7946E-027   2.9763E-043   2.4233E-067
 1620984107.16211610    0.1500   2.0017E+008  999.0000   3.0824E+007   4.2574E+007   5.7478E+007   7.3867E+007   8.9500E+007   9.9416E+007   9.6900E+007   7.8036E+007   4.7452E+007   1.9091E+007   4.2283E+006   3.9261E+005   9.8268E+003   3.9061E+001   1.0203E-002   6.1411E-008   1.1535E-015   8.9169E-027   9.5152E-043   1.2009E-066
 1620984110.00625370    0.1500   2.0017E+008  999.0000   3.0824E+007   4.2574E+007   5.7478E+007   7.3867E+007   8.9500E+007   9.9416E+007   9.6900E+007   7.8036E+007   4.7452E+007   1.9091E+007   4.2283E+006   3.9261E+005   9.8268E+003   3.9061E+001   1.0203E-002   6.1411E-008   1.1535E-015   8.9169E-027   9.5152E-043   1.2009E-066
 1620984112.85977410    0.1500   2.0017E+008  999.0000   3.0824E+007   4.2574E+007   5.7478E+007   7.3867E+007   8.9500E+007   9.9416E+007   9.6900E+007   7.8036E+007   4.7452E+007   1.9091E+007   4.2283E+006   3.9261E+005   9.8268E+003   3.9061E+001   1.0203E-002   6.1411E-008   1.1535E-015   8.9169E-027   9.5152E-043   1.2009E-066
 1620984115.72461990    0.1500   2.1685E+008  999.0000   3.8773E+007   5.3286E+007   7.1402E+007   9.0783E+007   1.0828E+008   1.1752E+008   1.1069E+008   8.4805E+007   4.7925E+007   1.7315E+007   3.2787E+006   2.4234E+005   4.3366E+003   1.0621E+001   1.3750E-003   3.0545E-009   1.3634E-017   1.4194E-029   9.4596E-047   2.3292E-072
 1620984118.56876470    0.1500   2.1685E+008  999.0000   3.8773E+007   5.3286E+007   7.1402E+007   9.0783E+007   1.0828E+008   1.1752E+008   1.1069E+008   8.4805E+007   4.7925E+007   1.7315E+007   3.2787E+006   2.4234E+005   4.3366E+003   1.0621E+001   1.3750E-003   3.0545E-009   1.3634E-017   1.4194E-029   9.4596E-047   2.3292E-072
 1620984121.42227410    0.1600   2.4635E+008  999.0000   4.9509E+007   6.7754E+007   9.0214E+007   1.1367E+008   1.3379E+008   1.4239E+008   1.3029E+008   9.5700E+007   5.0835E+007   1.6772E+007   2.7822E+006   1.6963E+005   2.2870E+003   3.7236E+000   2.6695E-004   2.5651E-010   3.4297E-019   6.6773E-032   4.4217E-050   4.1893E-077
 1620984124.28711580    0.1600   2.4635E+008  999.0000   4.9509E+007   6.7754E+007   9.0214E+007   1.1367E+008   1.3379E+008   1.4239E+008   1.3029E+008   9.5700E+007   5.0835E+007   1.6772E+007   2.7822E+006   1.6963E+005   2.2870E+003   3.7236E+000   2.6695E-004   2.5651E-010   3.4297E-019   6.6773E-032   4.4217E-050   4.1893E-077
 1620984127.13125350    0.1600   2.4635E+008  999.0000   4.9509E+007   6.7754E+007   9.0214E+007   1.1367E+008   1.3379E+008   1.4239E+008   1.3029E+008   9.5700E+007   5.0835E+007   1.6772E+007   2.7822E+006   1.6963E+005   2.2870E+003   3.7236E+000   2.6695E-004   2.5651E-010   3.4297E-019   6.6773E-032   4.4217E-050   4.1893E-077
 1620984129.98477410    0.1700   2.8467E+008  999.0000   6.6797E+007   9.0861E+007   1.1989E+008   1.4910E+008   1.7219E+008   1.7817E+008   1.5640E+008   1.0814E+008   5.2565E+007   1.5225E+007   2.0891E+006   9.6656E+004   8.6878E+002   7.8861E-001   2.4290E-005   7.0601E-012   1.6974E-021   3.0647E-035   7.7965E-055   7.6690E-084
 1620984132.84961580    0.1705   2.8468E+008    3.5900   1.8410E+008   2.2276E+008   2.5016E+008   2.5374E+008   2.2787E+008   1.7676E+008   1.1628E+008   6.4859E+007   3.0726E+007   1.2566E+007   4.5628E+006   1.5064E+006   4.5651E+005   1.3192E+005   3.6492E+004   9.9327E+003   2.6001E+003   6.7637E+002   1.7301E+002   4.0967E+001
 1620984135.69375320    0.1700   2.8467E+008  999.0000   6.6797E+007   9.0861E+007   1.1989E+008   1.4910E+008   1.7219E+008   1.7817E+008   1.5640E+008   1.0814E+008   5.2565E+007   1.5225E+007   2.0891E+006   9.6656E+004   8.6878E+002   7.8861E-001   2.4290E-005   7.0601E-012   1.6974E-021   3.0647E-035   7.7965E-055   7.6690E-084
 1620984138.54727410    0.1500   2.8277E+008  999.0000   8.2400E+007   1.1103E+008   1.4443E+008   1.7602E+008   1.9731E+008   1.9540E+008   1.6077E+008   1.0115E+008   4.2804E+007   1.0118E+007   1.0328E+006   3.1079E+004   1.4857E+002   5.4353E-002   4.5099E-007   2.0579E-014   3.5060E-025   1.6459E-040   2.9168E-062   2.9137E-094
