          0.00000000    0.0000   0.0000E+000    0.0000   3.0000E-002   4.4000E-002   6.5000E-002   9.5000E-002   1.3900E-001   2.0400E-001   3.0000E-001   4.4000E-001   6.4600E-001   9.4900E-001   1.3920E+000   2.0400E+000   3.0000E+000   4.4000E+000   6.4600E+000   9.4500E+000   1.3900E+001   2.0400E+001   3.0000E+001   4.5000E+001
 1620989399.11904640    0.0100   6.7926E+006  999.0000   2.8868E+005   4.1065E+005   5.7947E+005   7.9323E+005   1.0544E+006   1.3428E+006   1.6015E+006   1.7307E+006   1.6215E+006   1.2307E+006   6.8801E+005   2.4632E+005   4.5058E+004   3.1869E+003   5.4941E+001   1.3140E-001   1.4855E-005   2.5005E-011   8.6676E-020   9.2761E-033
 1620989401.97256350    0.0103   6.8128E+006    3.2600   1.1086E+006   1.4788E+006   1.9022E+006   2.2984E+006   2.5813E+006   2.6352E+006   2.3856E+006   1.8800E+006   1.2710E+006   7.3467E+005   3.6722E+005   1.6143E+005   6.3114E+004   2.2778E+004   7.6756E+003   2.4909E+003   7.6784E+002   2.3246E+002   6.8720E+001   1.8836E+001
 1620989404.83739760    0.0107   6.8167E+006    2.8300   1.5402E+006   2.0027E+006   2.4867E+006   2.8724E+006   3.0491E+006   2.9119E+006   2.4517E+006   1.8024E+006   1.1511E+006   6.4269E+005   3.1960E+005   1.4430E+005   5.9774E+004   2.3467E+004   8.7933E+003   3.2228E+003   1.1381E+003   3.9798E+002   1.3688E+002   4.4205E+001
 1620989407.68154290    0.0109   6.6188E+006    2.8100   1.4341E+006   1.8689E+006   2.3278E+006   2.6998E+006   2.8810E+006   2.7696E+006   2.3504E+006   1.7433E+006   1.1239E+006   6.3375E+005   3.1824E+005   1.4505E+005   6.0643E+004   2.4019E+004   9.0774E+003   3.3544E+003   1.1943E+003   4.2098E+002   1.4595E+002   4.7523E+001
 1620989410.53505230    0.0107   6.6173E+006    2.8700   1.3631E+006   1.7841E+006   2.2353E+006   2.6118E+006   2.8127E+006   2.7327E+006   2.3452E+006   1.7575E+006   1.1422E+006   6.4687E+005   3.2479E+005   1.4734E+005   6.1045E+004   2.3876E+004   8.8844E+003   3.2261E+003   1.1266E+003   3.8910E+002   1.3205E+002   4.2018E+001
 1620989413.39989760    0.0104   6.6149E+006    3.1300   1.1074E+006   1.4726E+006   1.8859E+006   2.2662E+006   2.5278E+006   2.5605E+006   2.2995E+006   1.8004E+006   1.2134E+006   7.0289E+005   3.5453E+005   1.5844E+005   6.3443E+004   2.3597E+004   8.2386E+003   2.7803E+003   8.9450E+002   2.8319E+002   8.7707E+001   2.5277E+001
 1620989416.24756100    0.0106   6.4554E+006    2.9600   1.1714E+006   1.5470E+006   1.9623E+006   2.3295E+006   2.5592E+006   2.5465E+006   2.2440E+006   1.7267E+006   1.1491E+006   6.6250E+005   3.3602E+005   1.5269E+005   6.2853E+004   2.4253E+004   8.8532E+003   3.1406E+003   1.0676E+003   3.5812E+002   1.1783E+002   3.6247E+001
 1620989419.11240290    0.0104   6.4535E+006    3.1200   1.0405E+006   1.3861E+006   1.7796E+006   2.1456E+006   2.4039E+006   2.4487E+006   2.2144E+006   1.7474E+006   1.1878E+006   6.9412E+005   3.5307E+005   1.5903E+005   6.4138E+004   2.4009E+004   8.4310E+003   2.8601E+003   9.2466E+002   2.9407E+002   9.1475E+001   2.6479E+001
 1620989421.95654060    0.0105   6.4549E+006    2.9900   1.1454E+006   1.5152E+006   1.9266E+006   2.2940E+006   2.5299E+006   2.5288E+006   2.2394E+006   1.7313E+006   1.1566E+006   6.6843E+005   3.3913E+005   1.5381E+005   6.3054E+004   2.4188E+004   8.7637E+003   3.0825E+003   1.0379E+003   3.4468E+002   1.1221E+002   3.4128E+001
 1620989424.81006100    0.0105   6.9992E+006    2.9700   1.4702E+006   1.9256E+006   2.4146E+006   2.8237E+006   3.0426E+006   2.9553E+006   2.5315E+006   1.8886E+006   1.2176E+006   6.8098E+005   3.3609E+005   1.4920E+005   6.0236E+004   2.2885E+004   8.2498E+003   2.8975E+003   9.7679E+002   3.2541E+002   1.0642E+002   3.2557E+001
 1620989427.67490290    0.0105   6.9990E+006    2.9800   1.4591E+006   1.9122E+006   2.3999E+006   2.8096E+006   3.0315E+006   2.9493E+006   2.5306E+006   1.8910E+006   1.2206E+006   6.8312E+005   3.3714E+005   1.4955E+005   6.0287E+004   2.2857E+004   8.2186E+003   2.8782E+003   9.6717E+002   3.2111E+002   1.0465E+002   3.1891E+001
 1620989430.52255490    0.0106   7.0000E+006    2.9200   1.5285E+006   1.9954E+006   2.4909E+006   2.8963E+006   3.0990E+006   2.9856E+006   2.5354E+006   1.8764E+006   1.2022E+006   6.7011E+005   3.3081E+005   1.4745E+005   5.9978E+004   2.3027E+004   8.4089E+003   2.9967E+003   1.0266E+003   3.4788E+002   1.1581E+002   3.6114E+001
 1620989433.38740060    0.0105   6.0592E+006    3.0500   9.1079E+005   1.2163E+006   1.5673E+006   1.8988E+006   2.1416E+006   2.2010E+006   2.0133E+006   1.6114E+006   1.1139E+006   6.6366E+005   3.4486E+005   1.5892E+005   6.5671E+004   2.5204E+004   9.0804E+003   3.1608E+003   1.0493E+003   3.4264E+002   1.0947E+002   3.2595E+001
 1620989436.23154570    0.0109   6.0620E+006    2.8100   1.1172E+006   1.4700E+006   1.8557E+006   2.1899E+006   2.3893E+006   2.3600E+006   2.0665E+006   1.5846E+006   1.0562E+006   6.1430E+005   3.1684E+005   1.4761E+005   6.2787E+004   2.5191E+004   9.6105E+003   3.5753E+003   1.2791E+003   4.5236E+002   1.5718E+002   5.1268E+001
 1620989439.08505490    0.0110   6.0632E+006    2.7700   1.1570E+006   1.5181E+006   1.9090E+006   2.2418E+006   2.4311E+006   2.3844E+006   2.0720E+006   1.5776E+006   1.0456E+006   6.0605E+005   3.1247E+005   1.4597E+005   6.2440E+004   2.5255E+004   9.7328E+003   3.6627E+003   1.3272E+003   4.7576E+002   1.6767E+002   5.5533E+001
 1620989441.94990060    0.0125   6.7984E+006    2.4700   2.2616E+006   2.8296E+006   3.3360E+006   3.6165E+006   3.5601E+006   3.1271E+006   2.4209E+006   1.6544E+006   1.0020E+006   5.4539E+005   2.7257E+005   1.2735E+005   5.6038E+004   2.3855E+004   9.8525E+003   4.0241E+003   1.6000E+003   6.3347E+002   2.4792E+002   9.2008E+001
 1620989444.79756400    0.0109   6.7898E+006    2.7900   1.5772E+006   2.0454E+006   2.5306E+006   2.9100E+006   3.0723E+006   2.9160E+006   2.4397E+006   1.7838E+006   1.1348E+006   6.3271E+005   3.1510E+005   1.4289E+005   5.9608E+004   2.3618E+004   8.9468E+003   3.3189E+003   1.1876E+003   4.2108E+002   1.4692E+002   4.8186E+001
 1620989447.66240600    0.0112   6.7923E+006    2.6700   1.7799E+006   2.2828E+006   2.7820E+006   3.1397E+006   3.2405E+006   2.9978E+006   2.4429E+006   1.7443E+006   1.0900E+006   6.0207E+005   2.9998E+005   1.3741E+005   5.8422E+004   2.3758E+004   9.2896E+003   3.5708E+003   1.3288E+003   4.9087E+002   1.7877E+002   6.1405E+001
 1620989450.50654360    0.0209   5.9292E+006    3.5600   1.6135E+005   2.2820E+005   3.1940E+005   4.3263E+005   5.6748E+005   7.1199E+005   8.3849E+005   9.0587E+005   8.7776E+005   7.4419E+005   5.4182E+005   3.3508E+005   1.7468E+005   7.8356E+004   3.0635E+004   1.0824E+004   3.4503E+003   1.0361E+003   2.9446E+002   7.5551E+001
 1620989453.36006050    0.0209   5.9289E+006    3.5700   1.6068E+005   2.2727E+005   3.1815E+005   4.3105E+005   5.6559E+005   7.0994E+005   8.3656E+005   9.0445E+005   8.7713E+005   7.4432E+005   5.4234E+005   3.3559E+005   1.7495E+005   7.8442E+004   3.0635E+004   1.0806E+004   3.4369E+003   1.0293E+003   2.9165E+002   7.4575E+001
 1620989456.22489450    0.0210   5.9299E+006    3.5300   1.6342E+005   2.3104E+005   3.2320E+005   4.3747E+005   5.7324E+005   7.1824E+005   8.4432E+005   9.1015E+005   8.7965E+005   7.4378E+005   5.4023E+005   3.3357E+005   1.7384E+005   7.8095E+004   3.0635E+004   1.0879E+004   3.4914E+003   1.0569E+003   3.0307E+002   7.8567E+001
 1620989459.06904340    0.0219   6.5403E+006    3.0900   2.8071E+005   3.9211E+005   5.3894E+005   7.1211E+005   9.0257E+005   1.0810E+006   1.1979E+006   1.2011E+006   1.0671E+006   8.2487E+005   5.5032E+005   3.1721E+005   1.5841E+005   7.0518E+004   2.8393E+004   1.0687E+004   3.7425E+003   1.2636E+003   4.1146E+002   1.2358E+002
 1620989461.92256400    0.0213   6.5354E+006    3.2600   2.5307E+005   3.5477E+005   4.9019E+005   6.5232E+005   8.3485E+005   1.0128E+006   1.1410E+006   1.1664E+006   1.0586E+006   8.3533E+005   5.6662E+005   3.2960E+005   1.6443E+005   7.2289E+004   2.8419E+004   1.0344E+004   3.4721E+003   1.1167E+003   3.4457E+002   9.7429E+001
 1620989464.78740600    0.0210   6.5326E+006    3.4300   2.3032E+005   3.2387E+005   4.4947E+005   6.0176E+005   7.7655E+005   9.5267E+005   1.0888E+006   1.1324E+006   1.0477E+006   8.4289E+005   5.8112E+005   3.4137E+005   1.7039E+005   7.4125E+004   2.8514E+004   1.0055E+004   3.2400E+003   9.9381E+002   2.9087E+002   7.7485E+001
 1620989467.63505790    0.0221   6.3738E+006    3.0400   2.6827E+005   3.7476E+005   5.1519E+005   6.8091E+005   8.6338E+005   1.0347E+006   1.1479E+006   1.1529E+006   1.0270E+006   7.9703E+005   5.3475E+005   3.1057E+005   1.5661E+005   7.0537E+004   2.8786E+004   1.0997E+004   3.9140E+003   1.3442E+003   4.4554E+002   1.3641E+002
 1620989470.49989990    0.0209   6.3628E+006    3.5300   2.0291E+005   2.8606E+005   3.9851E+005   5.3629E+005   6.9707E+005   8.6358E+005   9.9981E+005   1.0567E+006   9.9648E+005   8.1847E+005   5.7578E+005   3.4404E+005   1.7370E+005   7.5863E+004   2.9061E+004   1.0129E+004   3.2038E+003   9.5951E+002   2.7304E+002   7.0378E+001
 1620989473.34403750    0.0209   6.3633E+006    3.5100   2.0471E+005   2.8852E+005   4.0177E+005   5.4039E+005   7.0187E+005   8.6866E+005   1.0044E+006   1.0598E+006   9.9762E+005   8.1788E+005   5.7445E+005   3.4291E+005   1.7313E+005   7.5705E+004   2.9072E+004   1.0169E+004   3.2316E+003   9.7316E+002   2.7862E+002   7.2319E+001
 1620989476.19755790    0.0213   6.1802E+006    3.3000   2.0851E+005   2.9327E+005   4.0717E+005   5.4543E+005   7.0450E+005   8.6549E+005   9.9135E+005   1.0347E+006   9.6261E+005   7.8096E+005   5.4502E+005   3.2560E+005   1.6618E+005   7.4313E+004   2.9532E+004   1.0802E+004   3.6247E+003   1.1607E+003   3.5545E+002   9.9460E+001
 1620989479.06240370    0.0213   6.1807E+006    3.3100   2.0679E+005   2.9092E+005   4.0404E+005   5.4150E+005   6.9986E+005   8.6055E+005   9.8681E+005   1.0314E+006   9.6109E+005   7.8106E+005   5.4595E+005   3.2656E+005   1.6678E+005   7.4574E+004   2.9612E+004   1.0815E+004   3.6213E+003   1.1566E+003   3.5316E+002   9.8483E+001
 1620989481.91006330    0.0212   8.4780E+006    3.1600   5.8977E+005   8.1310E+005   1.0966E+006   1.4119E+006   1.7268E+006   1.9710E+006   2.0517E+006   1.9045E+006   1.5453E+006   1.0803E+006   6.4971E+005   3.3857E+005   1.5393E+005   6.3100E+004   2.3660E+004   8.3865E+003   2.7878E+003   9.0006E+002   2.8165E+002   8.1466E+001
 1620989484.77489760    0.0211   8.4774E+006    3.1800   5.8268E+005   8.0378E+005   1.0849E+006   1.3983E+006   1.7126E+006   1.9584E+006   2.0432E+006   1.9013E+006   1.5466E+006   1.0836E+006   6.5257E+005   3.4015E+005   1.5448E+005   6.3172E+004   2.3600E+004   8.3263E+003   2.7524E+003   8.8320E+002   2.7455E+002   7.8830E+001
 1620989487.61904640    0.0220   8.4840E+006    2.9100   7.1149E+005   9.7215E+005   1.2944E+006   1.6384E+006   1.9592E+006   2.1726E+006   2.1842E+006   1.9514E+006   1.5240E+006   1.0312E+006   6.0716E+005   3.1466E+005   1.4486E+005   6.1210E+004   2.4038E+004   9.0368E+003   3.2216E+003   1.1237E+003   3.8218E+002   1.2118E+002
 1620989490.47256350    0.0213   6.0693E+006    3.3300   1.9356E+005   2.7261E+005   3.7923E+005   5.0939E+005   6.6041E+005   8.1552E+005   9.4049E+005   9.8999E+005   9.3045E+005   7.6345E+005   5.3892E+005   3.2532E+005   1.6743E+005   7.5270E+004   2.9977E+004   1.0955E+004   3.6628E+003   1.1662E+003   3.5448E+002   9.8288E+001
 1620989493.33739760    0.0209   6.0655E+006    3.5400   1.7433E+005   2.4628E+005   3.4414E+005   4.6509E+005   6.0813E+005   7.5964E+005   8.8933E+005   9.5352E+005   9.1531E+005   7.6762E+005   5.5239E+005   3.3773E+005   1.7425E+005   7.7537E+004   3.0150E+004   1.0624E+004   3.3860E+003   1.0187E+003   2.9051E+002   7.4913E+001
 1620989496.18154290    0.0215   6.0708E+006    3.2400   2.0399E+005   2.8684E+005   3.9810E+005   5.3303E+005   6.8804E+005   8.4462E+005   9.6662E+005   1.0081E+006   9.3752E+005   7.6101E+005   5.3220E+005   3.1930E+005   1.6411E+005   7.4115E+004   2.9831E+004   1.1077E+004   3.7820E+003   1.2341E+003   3.8565E+002   1.1033E+002
 1620989499.03505230    0.0205   4.7052E+006    4.3700   6.0486E+004   8.6692E+004   1.2374E+005   1.7225E+005   2.3483E+005   3.1100E+005   3.9435E+005   4.6926E+005   5.1369E+005   5.0355E+005   4.2977E+005   3.1118E+005   1.8620E+005   9.1897E+004   3.7363E+004   1.2890E+004   3.7681E+003   9.8260E+002   2.3155E+002   4.6975E+001
 1620989501.89989760    0.0210   4.7107E+006    3.8000   7.2063E+004   1.0293E+005   1.4619E+005   2.0208E+005   2.7279E+005   3.5629E+005   4.4330E+005   5.1461E+005   5.4613E+005   5.1631E+005   4.2432E+005   2.9716E+005   1.7417E+005   8.6084E+004   3.6093E+004   1.3262E+004   4.2708E+003   1.2628E+003   3.4603E+002   8.3986E+001
 1620989504.74756100    0.0210   5.2204E+006    3.6400   1.0525E+005   1.4966E+005   2.1115E+005   2.8919E+005   3.8531E+005   4.9409E+005   5.9942E+005   6.7311E+005   6.8470E+005   6.1503E+005   4.7728E+005   3.1506E+005   1.7468E+005   8.2533E+004   3.3565E+004   1.2166E+004   3.9282E+003   1.1816E+003   3.3335E+002   8.4260E+001
 1620989507.61240290    0.0209   8.8095E+006    3.2500   6.2483E+005   8.6159E+005   1.1622E+006   1.4966E+006   1.8307E+006   2.0894E+006   2.1736E+006   2.0144E+006   1.6289E+006   1.1320E+006   6.7451E+005   3.4691E+005   1.5500E+005   6.2219E+004   2.2766E+004   7.8560E+003   2.5359E+003   7.9393E+002   2.4060E+002   6.7227E+001
 1620989510.45654060    0.0206   8.8064E+006    3.4500   5.5855E+005   7.7398E+005   1.0514E+006   1.3669E+006   1.6935E+006   1.9651E+006   2.0865E+006   1.9789E+006   1.6388E+006   1.1632E+006   7.0298E+005   3.6289E+005   1.6066E+005   6.3052E+004   2.2276E+004   7.3466E+003   2.2458E+003   6.6173E+002   1.8777E+002   4.8779E+001
 1620989513.31006100    0.0208   8.8080E+006    3.3100   6.0414E+005   8.3434E+005   1.1279E+006   1.4568E+006   1.7891E+006   2.0523E+006   2.1484E+006   2.0050E+006   1.6329E+006   1.1418E+006   6.8301E+005   3.5151E+005   1.5655E+005   6.2385E+004   2.2578E+004   7.6834E+003   2.4393E+003   7.4977E+002   2.2275E+002   6.0885E+001
 1620989516.17490290    0.0205   6.1959E+006    3.9500   1.5807E+005   2.2413E+005   3.1487E+005   4.2868E+005   5.6627E+005   7.1727E+005   8.5518E+005   9.3772E+005   9.2369E+005   7.9543E+005   5.8529E+005   3.6215E+005   1.8596E+005   8.0597E+004   2.9806E+004   9.7674E+003   2.8329E+003   7.6306E+002   1.9216E+002   4.3019E+001
 1620989519.02255490    0.0209   6.2007E+006    3.5300   1.8720E+005   2.6420E+005   3.6864E+005   4.9719E+005   6.4826E+005   8.0659E+005   9.3929E+005   1.0003E+006   9.5210E+005   7.9066E+005   5.6296E+005   3.4056E+005   1.7399E+005   7.6793E+004   2.9678E+004   1.0416E+004   3.3122E+003   9.9588E+002   2.8420E+002   7.3408E+001
 1620989521.88740060    0.0216   6.2072E+006    3.2000   2.2304E+005   3.1309E+005   4.3345E+005   5.7837E+005   7.4304E+005   9.0628E+005   1.0284E+006   1.0614E+006   9.7501E+005   7.8090E+005   5.3894E+005   3.1963E+005   1.6285E+005   7.3187E+004   2.9431E+004   1.0959E+004   3.7647E+003   1.2391E+003   3.9133E+002   1.1338E+002
 1620989524.73154570    0.0206   5.1997E+006    4.0300   9.0496E+004   1.2911E+005   1.8304E+005   2.5240E+005   3.3948E+005   4.4108E+005   5.4468E+005   6.2567E+005   6.5430E+005   6.0630E+005   4.8526E+005   3.2849E+005   1.8450E+005   8.6684E+004   3.4270E+004   1.1798E+004   3.5359E+003   9.6887E+002   2.4508E+002   5.4533E+001
 1620989527.58505490    0.0205   5.1986E+006    4.1700   8.6632E+004   1.2371E+005   1.7563E+005   2.4263E+005   3.2722E+005   4.2674E+005   5.2964E+005   6.1239E+005   6.4563E+005   6.0384E+005   4.8784E+005   3.3285E+005   1.8774E+005   8.8049E+004   3.4487E+004   1.1669E+004   3.4089E+003   9.0432E+002   2.2016E+002   4.6831E+001
 1620989530.44990060    0.0213   5.2075E+006    3.4600   1.1302E+005   1.6041E+005   2.2570E+005   3.0797E+005   4.0818E+005   5.1967E+005   6.2442E+005   6.9276E+005   6.9461E+005   6.1423E+005   4.6965E+005   3.0660E+005   1.6926E+005   8.0399E+004   3.3234E+004   1.2376E+004   4.1482E+003   1.3058E+003   3.8821E+002   1.0423E+002
 1620989533.29404570    0.0213   7.8270E+006    3.1600   4.6493E+005   6.4410E+005   8.7474E+005   1.1370E+006   1.4088E+006   1.6361E+006   1.7414E+006   1.6607E+006   1.3899E+006   1.0046E+006   6.2458E+005   3.3565E+005   1.5678E+005   6.5699E+004   2.5063E+004   8.9990E+003   3.0201E+003   9.8171E+002   3.0868E+002   8.9597E+001
 1620989536.14755510    0.0206   7.8206E+006    3.5600   3.7208E+005   5.1995E+005   7.1504E+005   9.4526E+005   1.1984E+006   1.4345E+006   1.5860E+006   1.5806E+006   1.3866E+006   1.0473E+006   6.7281E+005   3.6670E+005   1.6952E+005   6.8463E+004   2.4529E+004   8.0952E+003   2.4486E+003   7.0765E+002   1.9562E+002   4.9180E+001
 1620989539.01240060    0.0212   7.8262E+006    3.2100   4.4977E+005   6.2394E+005   8.4902E+005   1.1065E+006   1.3758E+006   1.6052E+006   1.7184E+006   1.6495E+006   1.3901E+006   1.0111E+006   6.3156E+005   3.4007E+005   1.5863E+005   6.6152E+004   2.5031E+004   8.8906E+003   2.9445E+003   9.4296E+002   2.9172E+002   8.3155E+001
 1620989541.86006050    0.0207   7.4967E+006    3.5300   3.3280E+005   4.6577E+005   6.4196E+005   8.5128E+005   1.0839E+006   1.3053E+006   1.4547E+006   1.4648E+006   1.3015E+006   9.9794E+005   6.5192E+005   3.6163E+005   1.7020E+005   6.9937E+004   2.5474E+004   8.5367E+003   2.6201E+003   7.6769E+002   2.1503E+002   5.4787E+001
 1620989544.72489450    0.0208   7.4975E+006    3.4600   3.4469E+005   4.8181E+005   6.6288E+005   8.7687E+005   1.1128E+006   1.3340E+006   1.4784E+006   1.4785E+006   1.3040E+006   9.9264E+005   6.4476E+005   3.5662E+005   1.6801E+005   6.9418E+004   2.5539E+004   8.6784E+003   2.7106E+003   8.1026E+002   2.3203E+002   6.0605E+001
 1620989547.56904340    0.0205   7.4948E+006    3.7100   3.0681E+005   4.3059E+005   5.9588E+005   7.9454E+005   1.0193E+006   1.2400E+006   1.4001E+006   1.4319E+006   1.2946E+006   1.0097E+006   6.6868E+005   3.7358E+005   1.7541E+005   7.1109E+004   2.5263E+004   8.1756E+003   2.4007E+003   6.6850E+002   1.7697E+002   4.2314E+001
 1620989550.42256400    0.0207   3.2656E+006    5.0000   1.7146E+004   2.4797E+004   3.5869E+004   5.0880E+004   7.1271E+004   9.8134E+004   1.3150E+005   1.6882E+005   2.0484E+005   2.2975E+005   2.3187E+005   2.0445E+005   1.5209E+005   9.3186E+004   4.5999E+004   1.8411E+004   5.9003E+003   1.5815E+003   3.6042E+002   6.6684E+001
 1620989553.28740600    0.0215   3.2755E+006    4.0400   2.1128E+004   3.0474E+004   4.3909E+004   6.1941E+004   8.6079E+004   1.1719E+005   1.5454E+005   1.9415E+005   2.2887E+005   2.4749E+005   2.3926E+005   2.0155E+005   1.4391E+005   8.6083E+004   4.2765E+004   1.7971E+004   6.3688E+003   1.9892E+003   5.5551E+002   1.3321E+002
 1620989556.13154360    0.0217   4.7914E+006    3.4000   8.9543E+004   1.2737E+005   1.7979E+005   2.4642E+005   3.2869E+005   4.2222E+005   5.1363E+005   5.7928E+005   5.9329E+005   5.3862E+005   4.2473E+005   2.8694E+005   1.6430E+005   8.0943E+004   3.4668E+004   1.3346E+004   4.6172E+003   1.4969E+003   4.5759E+002   1.2634E+002
 1620989558.98506050    0.0208   4.7832E+006    3.9200   7.2460E+004   1.0355E+005   1.4715E+005   2.0359E+005   2.7517E+005   3.6001E+005   4.4892E+005   5.2258E+005   5.5636E+005   5.2767E+005   4.3469E+005   3.0453E+005   1.7792E+005   8.7228E+004   3.6063E+004   1.2988E+004   4.0750E+003   1.1681E+003   3.0901E+002   7.2030E+001
 1620989561.84989450    0.0208   4.7823E+006    3.9700   7.1351E+004   1.0199E+005   1.4501E+005   2.0077E+005   2.7160E+005   3.5580E+005   4.4445E+005   5.1856E+005   5.5364E+005   5.2678E+005   4.3539E+005   3.0587E+005   1.7897E+005   8.7691E+004   3.6136E+004   1.2936E+004   4.0220E+003   1.1398E+003   2.9743E+002   6.8227E+001
 1620989564.69755790    0.0318   4.0400E+006    5.0000   1.3898E+004   2.0154E+004   2.9271E+004   4.1759E+004   5.8980E+004   8.2193E+004   1.1206E+005   1.4744E+005   1.8512E+005   2.1762E+005   2.3374E+005   2.2316E+005   1.8312E+005   1.2554E+005   6.9981E+004   3.1611E+004   1.1362E+004   3.3648E+003   8.3281E+002   1.6485E+002
 1620989567.56240370    0.0311   4.0313E+006    5.9400   1.2290E+004   1.7842E+004   2.5958E+004   3.7122E+004   5.2615E+004   7.3694E+004   1.0120E+005   1.3449E+005   1.7122E+005   2.0499E+005   2.2530E+005   2.2095E+005   1.8646E+005   1.3078E+005   7.3502E+004   3.2615E+004   1.1085E+004   2.9652E+003   6.3080E+002   1.0125E+002
 1620989570.40654870    0.0310   4.0306E+006    6.0000   1.2219E+004   1.7741E+004   2.5812E+004   3.6917E+004   5.2333E+004   7.3317E+004   1.0072E+005   1.3391E+005   1.7059E+005   2.0442E+005   2.2491E+005   2.2086E+005   1.8663E+005   1.3104E+005   7.3669E+004   3.2651E+004   1.1060E+004   2.9405E+003   6.1984E+002   9.8223E+001
 1620989573.26005790    0.0310   4.4791E+006    5.4400   1.8188E+004   2.6355E+004   3.8238E+004   5.4468E+004   7.6763E+004   1.0663E+005   1.4470E+005   1.8908E+005   2.3510E+005   2.7252E+005   2.8697E+005   2.6656E+005   2.1062E+005   1.3736E+005   7.1780E+004   2.9942E+004   9.7672E+003   2.5865E+003   5.6440E+002   9.6678E+001
 1620989576.12490370    0.0314   4.4836E+006    4.9500   1.9600E+004   2.8380E+004   4.1127E+004   5.8486E+004   8.2228E+004   1.1383E+005   1.5371E+005   1.9951E+005   2.4579E+005   2.8150E+005   2.9209E+005   2.6683E+005   2.0738E+005   1.3365E+005   6.9723E+004   2.9520E+004   9.9976E+003   2.8192E+003   6.7239E+002   1.2971E+002
 1620989578.96904870    0.0310   4.4782E+006    5.5400   1.7950E+004   2.6015E+004   3.7751E+004   5.3791E+004   7.5839E+004   1.0541E+005   1.4316E+005   1.8730E+005   2.3325E+005   2.7094E+005   2.8605E+005   2.6649E+005   2.1119E+005   1.3803E+005   7.2150E+004   3.0011E+004   9.7195E+003   2.5427E+003   5.4521E+002   9.1210E+001
 1620989581.82255790    0.0462   2.6572E+006   13.5800   1.0891E+003   1.5921E+003   2.3406E+003   3.3971E+003   4.9202E+003   7.1132E+003   1.0231E+004   1.4529E+004   2.0345E+004   2.7884E+004   3.6976E+004   4.6815E+004   5.5579E+004   5.9990E+004   5.6737E+004   4.4845E+004   2.7618E+004   1.2393E+004   3.7135E+003   6.2779E+002
 1620989584.68739990    0.0400   2.5577E+006  999.0000   1.0222E+003   1.4949E+003   2.1988E+003   3.1939E+003   4.6312E+003   6.7067E+003   9.6701E+003   1.3781E+004   1.9394E+004   2.6770E+004   3.5851E+004   4.5991E+004   5.5530E+004   6.1094E+004   5.8765E+004   4.6547E+004   2.7494E+004   1.0660E+004   2.2020E+003   1.5501E+002
 1620989587.53505230    0.0460   2.6546E+006   14.2000   1.0821E+003   1.5819E+003   2.3257E+003   3.3757E+003   4.8895E+003   7.0696E+003   1.0170E+004   1.4446E+004   2.0235E+004   2.7746E+004   3.6818E+004   4.6657E+004   5.5459E+004   5.9949E+004   5.6790E+004   4.4945E+004   2.7680E+004   1.2380E+004   3.6728E+003   6.0681E+002
 1620989590.39989760    0.0400   6.6142E+005  999.0000   1.7757E+001   2.6024E+001   3.8402E+001   5.6037E+001   8.1799E+001   1.1964E+002   1.7504E+002   2.5482E+002   3.7005E+002   5.3494E+002   7.6640E+002   1.0852E+003   1.5164E+003   2.0647E+003   2.7171E+003   3.3909E+003   3.9378E+003   4.0925E+003   3.6158E+003   2.4478E+003
 1620989593.24404640    0.0400   6.6142E+005  999.0000   1.7757E+001   2.6024E+001   3.8402E+001   5.6037E+001   8.1799E+001   1.1964E+002   1.7504E+002   2.5482E+002   3.7005E+002   5.3494E+002   7.6640E+002   1.0852E+003   1.5164E+003   2.0647E+003   2.7171E+003   3.3909E+003   3.9378E+003   4.0925E+003   3.6158E+003   2.4478E+003
 1620989596.09756330    0.0400   6.6142E+005  999.0000   1.7757E+001   2.6024E+001   3.8402E+001   5.6037E+001   8.1799E+001   1.1964E+002   1.7504E+002   2.5482E+002   3.7005E+002   5.3494E+002   7.6640E+002   1.0852E+003   1.5164E+003   2.0647E+003   2.7171E+003   3.3909E+003   3.9378E+003   4.0925E+003   3.6158E+003   2.4478E+003
 1620989598.96239760    0.0400   1.7255E+006  999.0000   3.1447E+002   4.6034E+002   6.7806E+002   9.8690E+002   1.4352E+003   2.0875E+003   3.0292E+003   4.3574E+003   6.2174E+003   8.7579E+003   1.2081E+004   1.6184E+004   2.0835E+004   2.5169E+004   2.7778E+004   2.6857E+004   2.1337E+004   1.2744E+004   4.9746E+003   9.4261E+002
 1620989601.80654670    0.0400   1.7255E+006  999.0000   3.1447E+002   4.6034E+002   6.7806E+002   9.8690E+002   1.4352E+003   2.0875E+003   3.0292E+003   4.3574E+003   6.2174E+003   8.7579E+003   1.2081E+004   1.6184E+004   2.0835E+004   2.5169E+004   2.7778E+004   2.6857E+004   2.1337E+004   1.2744E+004   4.9746E+003   9.4261E+002
 1620989604.66006350    0.0511   7.3010E+006    6.5600   2.5105E+004   3.6433E+004   5.2974E+004   7.5692E+004   1.0715E+005   1.4980E+005   2.0517E+005   2.7159E+005   3.4374E+005   4.0804E+005   4.4286E+005   4.2643E+005   3.5032E+005   2.3646E+005   1.2593E+005   5.1974E+004   1.6046E+004   3.8078E+003   7.0118E+002   9.4459E+001
 1620989607.52489760    0.0522   4.2875E+006   13.8800   3.5580E+003   5.1944E+003   7.6207E+003   1.1028E+004   1.5905E+004   2.2849E+004   3.2560E+004   4.5618E+004   6.2628E+004   8.3401E+004   1.0610E+005   1.2657E+005   1.3792E+005   1.3203E+005   1.0571E+005   6.6874E+004   3.0645E+004   9.5046E+003   1.8280E+003   1.8271E+002
 1620989610.37256100    0.0520   4.2852E+006   15.0600   3.5026E+003   5.1139E+003   7.5034E+003   1.0860E+004   1.5666E+004   2.2513E+004   3.2097E+004   4.5001E+004   6.1842E+004   8.2470E+004   1.0512E+005   1.2573E+005   1.3746E+005   1.3211E+005   1.0619E+005   6.7331E+004   3.0774E+004   9.4189E+003   1.7532E+003   1.6381E+002
 1620989613.23740290    0.0520   4.2853E+006   15.0200   3.5041E+003   5.1160E+003   7.5064E+003   1.0865E+004   1.5672E+004   2.2522E+004   3.2109E+004   4.5017E+004   6.1863E+004   8.2494E+004   1.0514E+005   1.2575E+005   1.3747E+005   1.3211E+005   1.0618E+005   6.7320E+004   3.0772E+004   9.4229E+003   1.7559E+003   1.6443E+002
 1620989616.08154060    0.0312   2.9475E+006    9.3800   3.6718E+003   5.3534E+003   7.8382E+003   1.1311E+004   1.6244E+004   2.3195E+004   3.2758E+004   4.5306E+004   6.1051E+004   7.9158E+004   9.6993E+004   1.0986E+005   1.1156E+005   9.7522E+004   6.9879E+004   3.9132E+004   1.5966E+004   4.6024E+003   9.0168E+002   1.0794E+002
 1620989618.93506100    0.0321   2.9605E+006    6.7400   4.1801E+003   6.0896E+003   8.9057E+003   1.2830E+004   1.8381E+004   2.6154E+004   3.6749E+004   5.0458E+004   6.7298E+004   8.6022E+004   1.0341E+005   1.1428E+005   1.1266E+005   9.5459E+004   6.6699E+004   3.7175E+004   1.5752E+004   5.0571E+003   1.2182E+003   2.0614E+002
 1620989621.79990290    0.0311   2.9454E+006   10.2000   3.5765E+003   5.2152E+003   7.6376E+003   1.1025E+004   1.5841E+004   2.2634E+004   3.1997E+004   4.4316E+004   5.9835E+004   7.7797E+004   9.5683E+004   1.0891E+005   1.1126E+005   9.7901E+004   7.0544E+004   3.9565E+004   1.6016E+004   4.5052E+003   8.3961E+002   9.2001E+001
 1620989624.64404060    0.0510   9.1163E+006    5.4600   5.6304E+004   8.1360E+004   1.1754E+005   1.6644E+005   2.3254E+005   3.1896E+005   4.2503E+005   5.4132E+005   6.4926E+005   7.1628E+005   7.0631E+005   6.0313E+005   4.2942E+005   2.4843E+005   1.1394E+005   4.1699E+004   1.1999E+004   2.8454E+003   5.6568E+002   8.9610E+001
 1620989627.49756100    0.0513   9.1200E+006    5.0800   5.9790E+004   8.6330E+004   1.2458E+005   1.7613E+005   2.4551E+005   3.3566E+005   4.4520E+005   5.6344E+005   6.7009E+005   7.3132E+005   7.1196E+005   5.9969E+005   4.2177E+005   2.4238E+005   1.1159E+005   4.1619E+004   1.2442E+004   3.1272E+003   6.7209E+002   1.1769E+002
 1620989630.36240290    0.0517   9.1259E+006    4.7100   6.3996E+004   9.2320E+004   1.3305E+005   1.8774E+005   2.6098E+005   3.5543E+005   4.6886E+005   5.8900E+005   6.9363E+005   7.4765E+005   7.1736E+005   5.9512E+005   4.1309E+005   2.3584E+005   1.0913E+005   4.1568E+004   1.2944E+004   3.4565E+003   8.0442E+002   1.5582E+002
 1620989633.20654060    0.0507   1.6394E+007    4.3000   4.1982E+005   5.9582E+005   8.3816E+005   1.1432E+006   1.5138E+006   1.9236E+006   2.3025E+006   2.5356E+006   2.5071E+006   2.1621E+006   1.5851E+006   9.6881E+005   4.8522E+005   2.0201E+005   7.0557E+004   2.1499E+004   5.7074E+003   1.3908E+003   3.1369E+002   6.2057E+001
 1620989636.06006100    0.0507   1.6395E+007    4.2400   4.2734E+005   6.0622E+005   8.5222E+005   1.1613E+006   1.5358E+006   1.9480E+006   2.3262E+006   2.5540E+006   2.5161E+006   2.1613E+006   1.5787E+006   9.6233E+005   4.8167E+005   2.0098E+005   7.0596E+004   2.1706E+004   5.8343E+003   1.4434E+003   3.3124E+002   6.6855E+001
 1620989638.92490290    0.0505   1.6392E+007    4.4900   3.9917E+005   5.6725E+005   7.9946E+005   1.0932E+006   1.4530E+006   1.8556E+006   2.2363E+006   2.4839E+006   2.4814E+006   2.1643E+006   1.6037E+006   9.8757E+005   4.9537E+005   2.0475E+005   7.0262E+004   2.0812E+004   5.3145E+003   1.2352E+003   2.6380E+002   4.8992E+001
 1620989641.77255490    0.0606   2.3252E+007    4.2400   8.4262E+005   1.1881E+006   1.6552E+006   2.2273E+006   2.8937E+006   3.5801E+006   4.1312E+006   4.3359E+006   4.0326E+006   3.2299E+006   2.1786E+006   1.2198E+006   5.6065E+005   2.1629E+005   7.0969E+004   2.0648E+004   5.3126E+003   1.2721E+003   2.8503E+002   5.6512E+001
 1620989644.63740060    0.0610   2.3256E+007    3.9700   9.1963E+005   1.2931E+006   1.7942E+006   2.4011E+006   3.0957E+006   3.7905E+006   4.3151E+006   4.4543E+006   4.0650E+006   3.1936E+006   2.1196E+006   1.1766E+006   5.4242E+005   2.1304E+005   7.2317E+004   2.2094E+004   6.0545E+003   1.5606E+003   3.7978E+002   8.2688E+001
 1620989647.48154570    0.0605   2.3250E+007    4.3700   8.1175E+005   1.1458E+006   1.5990E+006   2.1566E+006   2.8107E+006   3.4924E+006   4.0530E+006   4.2837E+006   4.0165E+006   3.2441E+006   2.2038E+006   1.2389E+006   5.6875E+005   2.1768E+005   7.0326E+004   2.0003E+004   4.9967E+003   1.1555E+003   2.4895E+002   4.7201E+001
 1620989650.33505490    0.0609   2.6369E+007    3.8200   1.4115E+006   1.9693E+006   2.7015E+006   3.5590E+006   4.4895E+006   5.3350E+006   5.8366E+006   5.7311E+006   4.9252E+006   3.6172E+006   2.2404E+006   1.1661E+006   5.0953E+005   1.9276E+005   6.4156E+004   1.9550E+004   5.4244E+003   1.4330E+003   3.6085E+002   8.2058E+001
 1620989653.19989680    0.0607   2.6367E+007    4.0100   1.3145E+006   1.8388E+006   2.5322E+006   3.3534E+006   4.2604E+006   5.1111E+006   5.6601E+006   5.6385E+006   4.9225E+006   3.6701E+006   2.2989E+006   1.2016E+006   5.2210E+005   1.9419E+005   6.2811E+004   1.8414E+004   4.8697E+003   1.2179E+003   2.8874E+002   6.1369E+001
 1620989656.04403450    0.0600   2.6357E+007  999.0000   4.7945E+005   6.8944E+005   9.8873E+005   1.3852E+006   1.9046E+006   2.5503E+006   3.2752E+006   3.9424E+006   4.3284E+006   4.1475E+006   3.2582E+006   1.9169E+006   7.3038E+005   1.4994E+005   1.2280E+004   2.7632E+002   8.4075E-001   1.5847E-004   4.8222E-010   1.3308E-018
 1620989658.89755510    0.0700   3.3008E+007  999.0000   6.8970E+005   9.9033E+005   1.4172E+006   1.9792E+006   2.7091E+006   3.6030E+006   4.5814E+006   5.4354E+006   5.8417E+006   5.4248E+006   4.0710E+006   2.2402E+006   7.7327E+005   1.3751E+005   9.1270E+003   1.5170E+002   2.9551E-001   2.9332E-005   3.5368E-011   2.4127E-020
 1620989661.76240060    0.0700   3.3008E+007  999.0000   6.8970E+005   9.9033E+005   1.4172E+006   1.9792E+006   2.7091E+006   3.6030E+006   4.5814E+006   5.4354E+006   5.8417E+006   5.4248E+006   4.0710E+006   2.2402E+006   7.7327E+005   1.3751E+005   9.1270E+003   1.5170E+002   2.9551E-001   2.9332E-005   3.5368E-011   2.4127E-020
 1620989664.61006400    0.0700   3.3008E+007  999.0000   6.8970E+005   9.9033E+005   1.4172E+006   1.9792E+006   2.7091E+006   3.6030E+006   4.5814E+006   5.4354E+006   5.8417E+006   5.4248E+006   4.0710E+006   2.2402E+006   7.7327E+005   1.3751E+005   9.1270E+003   1.5170E+002   2.9551E-001   2.9332E-005   3.5368E-011   2.4127E-020
 1620989667.47490600    0.0700   5.3979E+007  999.0000   2.9306E+006   4.1516E+006   5.8220E+006   7.8995E+006   1.0364E+007   1.2949E+007   1.5012E+007   1.5568E+007   1.3727E+007   9.5305E+006   4.6778E+006   1.3852E+006   1.9147E+005   9.0204E+003   8.5930E+001   8.7748E-002   2.8554E-006   8.1484E-013   2.2518E-022   5.6853E-037
 1620989670.31904340    0.0800   4.9304E+007  999.0000   1.7355E+006   2.4758E+006   3.5085E+006   4.8320E+006   6.4800E+006   8.3616E+006   1.0168E+007   1.1304E+007   1.1040E+007   8.9078E+006   5.4442E+006   2.2201E+006   4.9217E+005   4.6010E+004   1.1922E+003   5.1204E+000   1.3654E-003   7.8319E-009   1.5680E-016   2.2860E-028
 1620989673.17256050    0.0800   4.9304E+007  999.0000   1.7355E+006   2.4758E+006   3.5085E+006   4.8320E+006   6.4800E+006   8.3616E+006   1.0168E+007   1.1304E+007   1.1040E+007   8.9078E+006   5.4442E+006   2.2201E+006   4.9217E+005   4.6010E+004   1.1922E+003   5.1204E+000   1.3654E-003   7.8319E-009   1.5680E-016   2.2860E-028
 1620989676.03878690    0.0805   6.1271E+007    3.7600   9.5959E+006   1.2891E+007   1.6743E+007   2.0479E+007   2.3343E+007   2.4228E+007   2.2279E+007   1.7735E+007   1.1974E+007   6.7867E+006   3.2501E+006   1.3340E+006   4.7423E+005   1.5215E+005   4.4696E+004   1.2472E+004   3.2610E+003   8.3110E+002   2.0541E+002   4.6428E+001
 1620989678.88572030    0.0800   6.1264E+007  999.0000   3.2819E+006   4.6504E+006   6.5238E+006   8.8563E+006   1.1629E+007   1.4544E+007   1.6890E+007   1.7557E+007   1.5536E+007   1.0842E+007   5.3619E+006   1.6053E+006   2.2554E+005   1.0879E+004   1.0726E+002   1.1507E-001   4.0244E-006   1.2725E-012   4.0689E-022   1.2744E-036
 1620989681.73506050    0.0800   6.1264E+007  999.0000   3.2819E+006   4.6504E+006   6.5238E+006   8.8563E+006   1.1629E+007   1.4544E+007   1.6890E+007   1.7557E+007   1.5536E+007   1.0842E+007   5.3619E+006   1.6053E+006   2.2554E+005   1.0879E+004   1.0726E+002   1.1507E-001   4.0244E-006   1.2725E-012   4.0689E-022   1.2744E-036
 1620989684.59989450    0.0900   7.6816E+007  999.0000   5.0686E+006   7.1539E+006   9.9768E+006   1.3430E+007   1.7416E+007   2.1388E+007   2.4175E+007   2.4159E+007   2.0175E+007   1.2932E+007   5.6487E+006   1.4111E+006   1.5178E+005   4.9706E+003   2.7863E+001   1.3309E-002   1.4279E-007   8.4197E-015   2.4820E-025   2.3206E-041
 1620989687.44404360    0.0900   7.6816E+007  999.0000   5.0686E+006   7.1539E+006   9.9768E+006   1.3430E+007   1.7416E+007   2.1388E+007   2.4175E+007   2.4159E+007   2.0175E+007   1.2932E+007   5.6487E+006   1.4111E+006   1.5178E+005   4.9706E+003   2.7863E+001   1.3309E-002   1.4279E-007   8.4197E-015   2.4820E-025   2.3206E-041
 1620989690.29756400    0.0900   7.6816E+007  999.0000   5.0686E+006   7.1539E+006   9.9768E+006   1.3430E+007   1.7416E+007   2.1388E+007   2.4175E+007   2.4159E+007   2.0175E+007   1.2932E+007   5.6487E+006   1.4111E+006   1.5178E+005   4.9706E+003   2.7863E+001   1.3309E-002   1.4279E-007   8.4197E-015   2.4820E-025   2.3206E-041
 1620989693.16240600    0.1000   9.8393E+007  999.0000   8.5202E+006   1.1955E+007   1.6527E+007   2.1969E+007   2.7970E+007   3.3426E+007   3.6294E+007   3.4207E+007   2.6209E+007   1.4805E+007   5.3778E+006   1.0267E+006   7.4285E+004   1.3700E+003   3.3271E+000   4.8035E-004   9.0172E-010   4.5042E-018   4.0634E-030   2.3194E-048
 1620989696.01005790    0.1000   9.8393E+007  999.0000   8.5202E+006   1.1955E+007   1.6527E+007   2.1969E+007   2.7970E+007   3.3426E+007   3.6294E+007   3.4207E+007   2.6209E+007   1.4805E+007   5.3778E+006   1.0267E+006   7.4285E+004   1.3700E+003   3.3271E+000   4.8035E-004   9.0172E-010   4.5042E-018   4.0634E-030   2.3194E-048
 1620989698.87489990    0.1000   9.8393E+007  999.0000   8.5202E+006   1.1955E+007   1.6527E+007   2.1969E+007   2.7970E+007   3.3426E+007   3.6294E+007   3.4207E+007   2.6209E+007   1.4805E+007   5.3778E+006   1.0267E+006   7.4285E+004   1.3700E+003   3.3271E+000   4.8035E-004   9.0172E-010   4.5042E-018   4.0634E-030   2.3194E-048
 1620989701.71903750    0.0900   1.0903E+008  999.0000   1.4001E+007   1.9446E+007   2.6472E+007   3.4426E+007   4.2443E+007   4.8371E+007   4.8967E+007   4.1672E+007   2.7481E+007   1.2454E+007   3.2809E+006   3.9222E+005   1.4239E+004   9.6858E+001   5.5170E-002   1.0066E-006   9.3931E-014   6.8528E-024   1.6573E-038   1.8123E-060
 1620989704.57255790    0.0903   1.0903E+008    3.7000   3.9474E+007   5.0429E+007   6.1005E+007   6.7964E+007   6.8566E+007   6.1008E+007   4.6673E+007   3.0306E+007   1.6549E+007   7.6440E+006   3.0513E+006   1.0769E+006   3.4014E+005   1.0022E+005   2.7789E+004   7.4850E+003   1.9204E+003   4.8635E+002   1.2052E+002   2.7502E+001
 1620989707.43739990    0.0906   1.0904E+008    3.4900   4.3345E+007   5.4798E+007   6.5359E+007   7.1549E+007   7.0681E+007   6.1435E+007   4.5926E+007   2.9267E+007   1.5816E+007   7.3157E+006   2.9644E+006   1.0766E+006   3.5437E+005   1.0991E+005   3.2347E+004   9.2985E+003   2.5599E+003   6.9759E+002   1.8650E+002   4.6175E+001
 1620989710.28153750    0.0906   1.2630E+008    3.4100   6.6703E+007   8.2112E+007   9.4436E+007   9.8767E+007   9.2236E+007   7.5079E+007   5.2271E+007   3.1051E+007   1.5743E+007   6.9099E+006   2.6953E+006   9.5593E+005   3.1130E+005   9.6579E+004   2.8673E+004   8.3671E+003   2.3498E+003   6.5534E+002   1.7975E+002   4.5800E+001
 1620989713.13505790    0.0936   1.2633E+008    2.8400   9.6309E+007   1.1194E+008   1.1954E+008   1.1472E+008   9.7440E+007   7.2131E+007   4.6280E+007   2.6046E+007   1.2984E+007   5.8462E+006   2.4381E+006   9.5890E+005   3.5738E+005   1.2982E+005   4.5952E+004   1.6166E+004   5.5392E+003   1.8950E+003   6.4116E+002   2.0438E+002
 1620989715.99989990    0.0919   1.2632E+008    3.0400   8.2793E+007   9.8707E+007   1.0888E+008   1.0841E+008   9.5815E+007   7.3727E+007   4.8852E+007   2.8060E+007   1.4067E+007   6.2681E+006   2.5484E+006   9.6468E+005   3.4232E+005   1.1749E+005   3.9057E+004   1.2858E+004   4.1064E+003   1.3071E+003   4.1075E+002   1.2101E+002
 1620989718.84403750    0.1012   1.7819E+008    3.1000   1.6203E+008   1.8554E+008   1.9405E+008   1.8125E+008   1.4861E+008   1.0520E+008   6.3916E+007   3.3763E+007   1.5665E+007   6.5173E+006   2.4981E+006   8.9935E+005   3.0558E+005   1.0102E+005   3.2483E+004   1.0378E+004   3.2224E+003   9.9893E+002   3.0600E+002   8.7836E+001
 1620989721.69755790    0.1009   1.7818E+008    3.2100   1.5180E+008   1.7602E+008   1.8703E+008   1.7781E+008   1.4852E+008   1.0698E+008   6.5876E+007   3.5040E+007   1.6242E+007   6.6954E+006   2.5236E+006   8.8763E+005   2.9307E+005   9.3797E+004   2.9111E+004   8.9621E+003   2.6759E+003   7.9705E+002   2.3438E+002   6.4415E+001
 1620989724.56239990    0.1009   1.7818E+008    3.2100   1.5180E+008   1.7602E+008   1.8703E+008   1.7781E+008   1.4852E+008   1.0698E+008   6.5876E+007   3.5040E+007   1.6242E+007   6.6954E+006   2.5236E+006   8.8763E+005   2.9307E+005   9.3797E+004   2.9111E+004   8.9621E+003   2.6759E+003   7.9705E+002   2.3438E+002   6.4415E+001
 1620989727.40653750    0.1100   1.9686E+008  999.0000   5.2182E+007   7.0613E+007   9.2449E+007   1.1371E+008   1.2920E+008   1.3052E+008   1.1058E+008   7.2617E+007   3.2721E+007   8.4804E+006   9.8984E+005   3.6195E+004   2.3030E+002   1.2713E-001   1.9094E-006   2.0121E-013   1.1325E-023   2.7539E-038   4.5529E-059   9.9834E-090
 1620989730.26005790    0.1106   1.9687E+008    3.3600   1.5643E+008   1.8381E+008   1.9862E+008   1.9244E+008   1.6401E+008   1.2039E+008   7.5203E+007   4.0264E+007   1.8603E+007   7.5645E+006   2.7848E+006   9.4870E+005   3.0120E+005   9.2227E+004   2.7275E+004   7.9826E+003   2.2597E+003   6.3741E+002   1.7728E+002   4.5917E+001
 1620989733.12489990    0.1100   1.9686E+008  999.0000   5.2182E+007   7.0613E+007   9.2449E+007   1.1371E+008   1.2920E+008   1.3052E+008   1.1058E+008   7.2617E+007   3.2721E+007   8.4804E+006   9.8984E+005   3.6195E+004   2.3030E+002   1.2713E-001   1.9094E-006   2.0121E-013   1.1325E-023   2.7539E-038   4.5529E-059   9.9834E-090
 1620989735.97255230    0.1142   2.1924E+008    2.7800   2.8863E+008   3.0642E+008   2.9204E+008   2.4645E+008   1.8196E+008   1.1682E+008   6.5576E+007   3.2915E+007   1.4972E+007   6.2991E+006   2.5092E+006   9.5989E+005   3.5289E+005   1.2781E+005   4.5462E+004   1.6160E+004   5.6172E+003   1.9547E+003   6.7405E+002   2.1952E+002
 1620989738.83739760    0.1103   2.1920E+008    3.5200   1.9079E+008   2.2243E+008   2.3769E+008   2.2695E+008   1.8972E+008   1.3585E+008   8.2281E+007   4.2478E+007   1.8821E+007   7.3036E+006   2.5566E+006   8.2577E+005   2.4787E+005   7.1670E+004   1.9987E+004   5.5146E+003   1.4695E+003   3.9019E+002   1.0209E+002   2.4792E+001
 1620989741.68154290    0.1100   2.1920E+008  999.0000   7.0637E+007   9.4718E+007   1.2232E+008   1.4754E+008   1.6290E+008   1.5774E+008   1.2556E+008   7.5282E+007   2.9681E+007   6.3244E+006   5.5512E+005   1.3415E+004   4.6484E+001   1.0709E-002   4.5630E-008   8.1452E-016   3.6435E-027   2.7298E-043   4.0465E-066   1.3319E-099
 1620989744.53505230    0.1300   2.5947E+008  999.0000   8.3858E+007   1.1243E+008   1.4516E+008   1.7504E+008   1.9317E+008   1.8693E+008   1.4864E+008   8.8996E+007   3.5014E+007   7.4378E+006   6.4991E+005   1.5604E+004   5.3553E+001   1.2169E-002   5.0833E-008   8.8245E-016   3.7938E-027   2.6920E-043   3.7083E-066   1.1038E-099
 1620989747.39989760    0.1300   2.5947E+008  999.0000   8.3858E+007   1.1243E+008   1.4516E+008   1.7504E+008   1.9317E+008   1.8693E+008   1.4864E+008   8.8996E+007   3.5014E+007   7.4378E+006   6.4991E+005   1.5604E+004   5.3553E+001   1.2169E-002   5.0833E-008   8.8245E-016   3.7938E-027   2.6920E-043   3.7083E-066   1.1038E-099
 1620989750.24404290    0.1307   2.5948E+008    3.3200   2.4747E+008   2.8337E+008   2.9602E+008   2.7551E+008   2.2418E+008   1.5653E+008   9.3029E+007   4.7624E+007   2.1199E+007   8.3814E+006   3.0286E+006   1.0211E+006   3.2304E+005   9.9093E+004   2.9476E+004   8.7008E+003   2.4896E+003   7.1085E+002   2.0034E+002   5.2655E+001
 1620989753.09725900    0.1300   2.8606E+008  999.0000   1.1018E+008   1.4637E+008   1.8640E+008   2.2037E+008   2.3627E+008   2.1909E+008   1.6360E+008   8.9379E+007   3.0741E+007   5.3619E+006   3.5173E+005   5.5687E+003   1.0382E+001   9.8217E-004   1.1632E-009   3.4362E-018   1.1948E-030   2.7321E-048   3.7260E-073   2.0495E-109
