          0.00000000    0.0000   0.0000E+000    0.0000   3.0000E-002   4.4000E-002   6.5000E-002   9.5000E-002   1.3900E-001   2.0400E-001   3.0000E-001   4.4000E-001   6.4600E-001   9.4900E-001   1.3920E+000   2.0400E+000   3.0000E+000   4.4000E+000   6.4600E+000   9.4500E+000   1.3900E+001   2.0400E+001   3.0000E+001   4.5000E+001
 1620858129.04301170    0.0315   1.0487E+007    3.3800   4.3611E+005   6.1079E+005   8.4275E+005   1.1193E+006   1.4283E+006   1.7258E+006   1.9328E+006   1.9600E+006   1.7592E+006   1.3680E+006   9.1075E+005   5.1770E+005   2.5121E+005   1.0701E+005   4.0613E+004   1.4235E+004   4.5884E+003   1.4151E+003   4.1809E+002   1.1284E+002
 1620858131.88949920    0.0313   1.5448E+007    3.2000   1.5347E+006   2.0905E+006   2.7706E+006   3.4841E+006   4.1273E+006   4.5155E+006   4.4539E+006   3.8765E+006   2.9231E+006   1.8902E+006   1.0521E+006   5.1002E+005   2.1730E+005   8.4299E+004   3.0178E+004   1.0297E+004   3.3140E+003   1.0411E+003   3.1810E+002   8.9974E+001
 1620858134.72464660    0.0316   1.5451E+007    3.0900   1.6525E+006   2.2416E+006   2.9537E+006   3.6860E+006   4.3228E+006   4.6701E+006   4.5385E+006   3.8884E+006   2.8886E+006   1.8462E+006   1.0214E+006   4.9571E+005   2.1311E+005   8.4039E+004   3.0782E+004   1.0799E+004   3.5896E+003   1.1679E+003   3.7046E+002   1.0917E+002
 1620858137.58051850    0.0326   1.5458E+007    2.8900   1.9399E+006   2.6066E+006   3.3888E+006   4.1555E+006   4.7641E+006   5.0042E+006   4.7080E+006   3.8998E+006   2.8081E+006   1.7526E+006   9.5813E+005   4.6607E+005   2.0388E+005   8.2937E+004   3.1709E+004   1.1715E+004   4.1328E+003   1.4342E+003   4.8718E+002   1.5474E+002
 1620858140.42700530    0.0215   1.0543E+007    2.9300   1.3372E+006   1.7969E+006   2.3365E+006   2.8653E+006   3.2849E+006   3.4496E+006   3.2429E+006   2.6821E+006   1.9260E+006   1.1969E+006   6.5038E+005   3.1390E+005   1.3601E+005   5.4722E+004   2.0668E+004   7.5374E+003   2.6226E+003   8.9725E+002   3.0036E+002   9.3916E+001
 1620858143.26215360    0.0235   1.0554E+007    2.6200   1.8121E+006   2.3845E+006   3.0109E+006   3.5564E+006   3.8885E+006   3.8579E+006   3.4056E+006   2.6467E+006   1.8005E+006   1.0774E+006   5.7651E+005   2.8082E+005   1.2581E+005   5.3449E+004   2.1690E+004   8.6058E+003   3.2945E+003   1.2484E+003   4.6553E+002   1.6369E+002
 1620858146.11802030    0.0554   1.8714E+007    2.9400   1.1809E+006   1.6297E+006   2.2012E+006   2.8403E+006   3.4857E+006   3.9992E+006   4.1959E+006   3.9409E+006   3.2530E+006   2.3299E+006   1.4473E+006   7.8585E+005   3.7569E+005   1.6319E+005   6.5283E+004   2.4805E+004   8.8840E+003   3.0984E+003   1.0501E+003   3.3087E+002
 1620858148.96449950    0.0571   1.8724E+007    2.8100   1.3241E+006   1.8179E+006   2.4374E+006   3.1143E+006   3.7723E+006   4.2561E+006   4.3757E+006   4.0181E+006   3.2417E+006   2.2755E+006   1.3937E+006   7.5245E+005   3.6121E+005   1.5908E+005   6.5093E+004   2.5473E+004   9.4537E+003   3.4303E+003   1.2136E+003   4.0098E+002
 1620858151.79965540    0.0601   1.8743E+007    2.6700   1.5100E+006   2.0596E+006   2.7358E+006   3.4532E+006   4.1160E+006   4.5504E+006   4.5667E+006   4.0855E+006   3.2129E+006   2.2074E+006   1.3333E+006   7.1704E+005   3.4661E+005   1.5532E+005   6.5259E+004   2.6407E+004   1.0197E+004   3.8651E+003   1.4331E+003   4.9864E+002
 1620858154.65199950    0.0980   3.2701E+007    2.6100   3.3533E+006   4.5253E+006   5.9212E+006   7.3261E+006   8.5066E+006   9.0970E+006   8.7728E+006   7.5093E+006   5.6420E+006   3.7130E+006   2.1624E+006   1.1312E+006   5.3706E+005   2.3860E+005   1.0019E+005   4.0776E+004   1.5916E+004   6.1205E+003   2.3085E+003   8.1944E+002
 1620858157.48715540    0.1118   3.2758E+007    2.4300   4.1713E+006   5.5520E+006   7.1260E+006   8.6009E+006   9.6773E+006   9.9628E+006   9.2066E+006   7.5493E+006   5.4575E+006   3.4891E+006   2.0012E+006   1.0469E+006   5.0459E+005   2.3061E+005   1.0071E+005   4.2968E+004   1.7706E+004   7.2186E+003   2.8970E+003   1.1004E+003
 1620858160.34301470    0.1313   3.2813E+007    2.3100   4.9442E+006   6.5007E+006   8.2042E+006   9.6933E+006   1.0622E+007   1.0601E+007   9.4723E+006   7.5193E+006   5.2874E+006   3.3154E+006   1.8847E+006   9.8799E+005   4.8210E+005   2.2499E+005   1.0103E+005   4.4542E+004   1.9049E+004   8.0808E+003   3.3818E+003   1.3443E+003
 1620858163.18950200    0.1959   7.6526E+007    2.5700   1.1319E+007   1.4999E+007   1.9128E+007   2.2888E+007   2.5449E+007   2.5786E+007   2.3344E+007   1.8660E+007   1.3082E+007   8.0707E+006   4.4486E+006   2.2287E+006   1.0254E+006   4.4654E+005   1.8549E+005   7.5233E+004   2.9425E+004   1.1383E+004   4.3319E+003   1.5555E+003
 1620858166.02464960    0.2853   7.6774E+007    2.2500   1.7816E+007   2.2735E+007   2.7546E+007   3.0926E+007   3.1830E+007   2.9531E+007   2.4382E+007   1.7898E+007   1.1714E+007   6.9161E+006   3.7562E+006   1.9087E+006   9.1460E+005   4.2376E+005   1.9053E+005   8.4641E+004   3.6647E+004   1.5789E+004   6.7275E+003   2.7300E+003
 1620858168.88051720    4.4820   7.7134E+007    2.0100   2.8684E+007   3.4683E+007   3.9183E+007   4.0521E+007   3.8004E+007   3.1984E+007   2.4079E+007   1.6377E+007   1.0155E+007   5.8317E+006   3.1615E+006   1.6406E+006   8.1837E+005   4.0045E+005   1.9228E+005   9.1880E+004   4.3081E+004   2.0172E+004   9.3712E+003   4.1732E+003
 1620858171.72699640    0.2611   4.7735E+007    2.1400   1.3437E+007   1.6804E+007   1.9826E+007   2.1562E+007   2.1388E+007   1.9071E+007   1.5148E+007   1.0759E+007   6.8735E+006   4.0055E+006   2.1719E+006   1.1133E+006   5.4288E+005   2.5772E+005   1.1935E+005   5.4798E+004   2.4601E+004   1.1009E+004   4.8796E+003   2.0661E+003
 1620858174.56215260    0.1155   4.7467E+007    2.7000   6.0099E+006   8.0469E+006   1.0411E+007   1.2690E+007   1.4444E+007   1.5054E+007   1.4061E+007   1.1596E+007   8.3577E+006   5.2623E+006   2.9304E+006   1.4668E+006   6.6700E+005   2.8437E+005   1.1476E+005   4.4965E+004   1.6906E+004   6.2682E+003   2.2805E+003   7.7971E+002
 1620858177.41801170    0.1831   4.7669E+007    2.2400   1.1078E+007   1.4129E+007   1.7107E+007   1.9192E+007   1.9737E+007   1.8297E+007   1.5097E+007   1.1081E+007   7.2543E+006   4.2871E+006   2.3319E+006   1.1874E+006   5.7045E+005   2.6507E+005   1.1956E+005   5.3291E+004   2.3155E+004   1.0013E+004   4.2819E+003   1.7444E+003
 1620858180.26449940    0.2014   6.6921E+007    3.2600   3.0216E+006   4.2203E+006   5.7999E+006   7.6612E+006   9.7048E+006   1.1610E+007   1.2840E+007   1.2824E+007   1.1319E+007   8.6556E+006   5.6815E+006   3.2007E+006   1.5504E+006   6.6483E+005   2.5615E+005   9.1805E+004   3.0456E+004   9.7128E+003   2.9790E+003   8.3863E+002
 1620858183.09964660    0.1968   6.6878E+007    3.5800   2.5521E+006   3.5852E+006   4.9684E+006   6.6381E+006   8.5409E+006   1.0433E+007   1.1850E+007   1.2219E+007   1.1171E+007   8.8441E+006   5.9711E+006   3.4166E+006   1.6513E+006   6.9205E+005   2.5521E+005   8.5978E+004   2.6366E+004   7.6802E+003   2.1304E+003   5.3565E+002
 1620858185.95199920    0.2981   1.1614E+008    3.5800   5.7439E+006   8.0197E+006   1.1015E+007   1.4536E+007   1.8384E+007   2.1932E+007   2.4139E+007   2.3916E+007   2.0830E+007   1.5598E+007   9.9257E+006   5.3550E+006   2.4498E+006   9.7929E+005   3.4741E+005   1.1358E+005   3.4043E+004   9.7533E+003   2.6734E+003   6.6633E+002
 1620858188.78714660    0.2963   1.1612E+008    3.7400   5.3485E+006   7.4869E+006   1.0321E+007   1.3690E+007   1.7434E+007   2.0993E+007   2.3380E+007   2.3491E+007   2.0777E+007   1.5791E+007   1.0165E+007   5.5134E+006   2.5138E+006   9.9157E+005   3.4363E+005   1.0879E+005   3.1324E+004   8.5717E+003   2.2335E+003   5.2591E+002
 1620858191.64301850    0.3033   1.1620E+008    3.3100   6.6092E+006   9.1780E+006   1.2507E+007   1.6332E+007   2.0360E+007   2.3831E+007   2.5608E+007   2.4674E+007   2.0856E+007   1.5186E+007   9.4637E+006   5.0614E+006   2.3325E+006   9.5601E+005   3.5378E+005   1.2241E+005   3.9351E+004   1.2203E+004   3.6484E+003   1.0018E+003
 1620858194.48950530    0.4231   9.2409E+007    2.7200   3.5052E+006   4.8958E+006   6.7292E+006   8.8932E+006   1.1280E+007   1.3533E+007   1.5057E+007   1.5214E+007   1.3708E+007   1.0848E+007   7.5020E+006   4.5496E+006   2.4307E+006   1.1755E+006   5.2152E+005   2.1863E+005   8.6196E+004   3.2973E+004   1.2235E+004   4.2324E+003
 1620858197.32465360    0.4048   9.2294E+007    2.8300   3.2010E+006   4.4850E+006   6.1927E+006   8.2348E+006   1.0532E+007   1.2777E+007   1.4416E+007   1.4805E+007   1.3579E+007   1.0932E+007   7.6666E+006   4.6884E+006   2.5073E+006   1.2039E+006   5.2624E+005   2.1592E+005   8.2830E+004   3.0704E+004   1.1003E+004   3.6604E+003
 1620858200.18052030    0.3468   9.1796E+007    4.3300   1.5808E+006   2.2572E+006   3.2039E+006   4.4251E+006   5.9655E+006   7.7751E+006   9.6404E+006   1.1129E+007   1.1701E+007   1.0896E+007   8.7416E+006   5.9006E+006   3.2757E+006   1.5030E+006   5.7211E+005   1.8694E+005   5.2395E+004   1.3270E+004   3.0708E+003   6.1719E+002
 1620858203.02699570    0.4543   1.3861E+008    3.7500   3.9367E+006   5.5675E+006   7.7917E+006   1.0552E+007   1.3837E+007   1.7350E+007   2.0407E+007   2.1997E+007   2.1226E+007   1.7867E+007   1.2858E+007   7.8124E+006   3.9708E+006   1.7229E+006   6.4628E+005   2.1759E+005   6.5637E+004   1.8566E+004   4.9498E+003   1.1839E+003
 1620858205.86214350    0.4622   1.3869E+008    3.4600   4.4800E+006   6.3121E+006   8.7857E+006   1.1810E+007   1.5326E+007   1.8946E+007   2.1876E+007   2.3049E+007   2.1663E+007   1.7741E+007   1.2461E+007   7.4504E+006   3.7762E+006   1.6619E+006   6.4399E+005   2.2782E+005   7.3379E+004   2.2431E+004   6.5275E+003   1.7252E+003
 1620858208.71801470    0.4882   1.3892E+008    3.0200   5.8131E+006   8.1207E+006   1.1164E+007   1.4754E+007   1.8709E+007   2.2423E+007   2.4881E+007   2.4997E+007   2.2283E+007   1.7313E+007   1.1637E+007   6.7762E+006   3.4290E+006   1.5512E+006   6.3630E+005   2.4449E+005   8.7571E+004   3.0277E+004   1.0106E+004   3.1177E+003
 1620858211.56450220    0.5896   1.3020E+008    2.6400   5.8443E+006   8.1199E+006   1.1076E+007   1.4488E+007   1.8122E+007   2.1344E+007   2.3199E+007   2.2801E+007   1.9923E+007   1.5283E+007   1.0275E+007   6.0929E+006   3.2078E+006   1.5421E+006   6.8579E+005   2.9021E+005   1.1618E+005   4.5325E+004   1.7210E+004   6.1151E+003
 1620858214.39964960    0.4751   1.2938E+008    3.8700   2.7926E+006   3.9697E+006   5.5976E+006   7.6607E+006   1.0195E+007   1.3049E+007   1.5787E+007   1.7651E+007   1.7834E+007   1.5854E+007   1.2115E+007   7.8221E+006   4.2056E+006   1.9096E+006   7.3929E+005   2.5300E+005   7.6488E+004   2.1418E+004   5.5966E+003   1.3001E+003
 1620858217.25551750    0.4961   1.2960E+008    3.2900   3.6138E+006   5.1023E+006   7.1237E+006   9.6170E+006   1.2557E+007   1.5660E+007   1.8303E+007   1.9602E+007   1.8827E+007   1.5852E+007   1.1519E+007   7.1699E+006   3.8065E+006   1.7628E+006   7.2171E+005   2.7040E+005   9.2520E+004   3.0081E+004   9.3239E+003   2.6354E+003
 1620858220.10199640    0.6029   1.4832E+008    3.5700   3.0598E+006   4.3484E+006   6.1294E+006   8.3846E+006   1.1152E+007   1.4267E+007   1.7254E+007   1.9299E+007   1.9539E+007   1.7463E+007   1.3489E+007   8.8758E+006   4.9179E+006   2.3304E+006   9.5442E+005   3.4976E+005   1.1463E+005   3.5104E+004   1.0109E+004   2.6164E+003
 1620858222.93715240    0.5982   1.4827E+008    3.6700   2.9370E+006   4.1779E+006   5.8977E+006   8.0838E+006   1.0782E+007   1.3847E+007   1.6832E+007   1.8950E+007   1.9337E+007   1.7432E+007   1.3577E+007   8.9911E+006   4.9957E+006   2.3616E+006   9.5907E+005   3.4643E+005   1.1126E+005   3.3236E+004   9.3001E+003   2.3281E+003
 1620858225.79301170    0.6858   1.6470E+008    3.6400   3.1186E+006   4.4390E+006   6.2716E+006   8.6070E+006   1.1500E+007   1.4806E+007   1.8061E+007   2.0429E+007   2.0975E+007   1.9058E+007   1.4985E+007   1.0033E+007   5.6430E+006   2.7020E+006   1.1118E+006   4.0682E+005   1.3236E+005   4.0040E+004   1.1344E+004   2.8764E+003
 1620858228.63949920    0.6563   1.6434E+008    5.2000   2.0570E+006   2.9526E+006   4.2236E+006   5.8971E+006   8.0736E+006   1.0755E+007   1.3745E+007   1.6518E+007   1.8294E+007   1.8147E+007   1.5624E+007   1.1313E+007   6.6554E+006   3.1465E+006   1.1838E+006   3.6378E+005   9.0828E+004   1.9509E+004   3.6644E+003   5.6985E+002
 1620858231.47464660    0.6525   1.6429E+008    6.3200   1.7662E+006   2.5417E+006   3.6496E+006   5.1228E+006   7.0669E+006   9.5159E+006   1.2345E+007   1.5138E+007   1.7211E+007   1.7628E+007   1.5728E+007   1.1778E+007   7.0878E+006   3.3443E+006   1.2077E+006   3.3880E+005   7.2781E+004   1.2704E+004   1.8376E+003   2.0703E+002
 1620858234.33051850    0.8716   1.9822E+008    8.0600   1.5077E+006   2.1780E+006   3.1451E+006   4.4503E+006   6.2108E+006   8.5041E+006   1.1299E+007   1.4320E+007   1.7030E+007   1.8510E+007   1.7782E+007   1.4512E+007   9.5583E+006   4.8723E+006   1.8353E+006   5.0558E+005   9.8139E+004   1.4081E+004   1.5180E+003   1.1414E+002
 1620858237.17700530    0.8712   1.9821E+008    8.5600   1.4655E+006   2.1178E+006   3.0599E+006   4.3331E+006   6.0541E+006   8.3029E+006   1.1057E+007   1.4058E+007   1.6790E+007   1.8350E+007   1.7746E+007   1.4585E+007   9.6641E+006   4.9348E+006   1.8461E+006   4.9806E+005   9.2827E+004   1.2498E+004   1.2333E+003   8.2416E+001
 1620858240.01214960    0.8718   1.9822E+008    7.7800   1.5346E+006   2.2163E+006   3.1994E+006   4.5249E+006   6.3104E+006   8.6316E+006   1.1452E+007   1.4485E+007   1.7180E+007   1.8608E+007   1.7803E+007   1.4465E+007   9.4929E+006   4.8340E+006   1.8286E+006   5.1006E+005   1.0142E+005   1.5102E+004   1.7136E+003   1.3787E+002
 1620858242.86449340    1.1012   2.3479E+008    5.6800   1.9794E+006   2.8535E+006   4.1081E+006   5.7880E+006   8.0283E+006   1.0897E+007   1.4302E+007   1.7831E+007   2.0757E+007   2.1979E+007   2.0526E+007   1.6347E+007   1.0672E+007   5.5806E+006   2.2870E+006   7.4395E+005   1.8972E+005   4.0006E+004   7.1036E+003   1.0054E+003
 1620858245.69964960    1.1078   2.3488E+008    5.0800   2.1730E+006   3.1282E+006   4.4944E+006   6.3141E+006   8.7221E+006   1.1769E+007   1.5321E+007   1.8889E+007   2.1668E+007   2.2529E+007   2.0603E+007   1.6065E+007   1.0314E+007   5.3667E+006   2.2315E+006   7.5605E+005   2.0729E+005   4.8490E+004   9.8420E+003   1.6470E+003
 1620858248.55550840    1.0970   2.3472E+008    6.3400   1.8293E+006   2.6401E+006   3.8070E+006   5.3762E+006   7.4819E+006   1.0204E+007   1.3482E+007   1.6962E+007   1.9985E+007   2.1488E+007   2.0429E+007   1.6571E+007   1.0983E+007   5.7727E+006   2.3352E+006   7.3089E+005   1.7359E+005   3.2959E+004   5.0967E+003   6.0478E+002
 1620858251.40199570    1.4103   2.5193E+008    7.2000   1.2667E+006   1.8346E+006   2.6596E+006   3.7841E+006   5.3239E+006   7.3762E+006   9.9702E+006   1.2951E+007   1.5954E+007   1.8227E+007   1.8759E+007   1.6806E+007   1.2536E+007   7.4839E+006   3.4246E+006   1.1838E+006   2.9822E+005   5.6785E+004   8.2784E+003   8.6551E+002
 1620858254.23714350    1.4051   2.5185E+008    8.8400   1.1465E+006   1.6623E+006   2.4136E+006   3.4418E+006   4.8578E+006   6.7618E+006   9.2006E+006   1.2062E+007   1.5049E+007   1.7483E+007   1.8376E+007   1.6864E+007   1.2883E+007   7.8126E+006   3.5584E+006   1.1803E+006   2.6966E+005   4.3402E+004   4.9345E+003   3.6463E+002
 1620858257.09301470    1.7032   2.8316E+008    7.6800   1.1909E+006   1.7269E+006   2.5081E+006   3.5778E+006   5.0527E+006   7.0392E+006   9.5908E+006   1.2599E+007   1.5770E+007   1.8415E+007   1.9517E+007   1.8155E+007   1.4186E+007   8.9212E+006   4.3050E+006   1.5576E+006   4.0414E+005   7.7284E+004   1.0974E+004   1.0784E+003
 1620858259.93950220    1.6985   2.8309E+008    8.8200   1.1174E+006   1.6213E+006   2.3569E+006   3.3666E+006   4.7635E+006   6.6545E+006   9.1027E+006   1.2024E+007   1.5165E+007   1.7891E+007   1.9207E+007   1.8140E+007   1.4397E+007   9.1594E+006   4.4199E+006   1.5641E+006   3.8310E+005   6.6031E+004   8.0014E+003   6.2679E+002
 1620858262.77464960    1.6953   2.8304E+008   10.3000   1.0524E+006   1.5279E+006   2.2230E+006   3.1792E+006   4.5060E+006   6.3106E+006   8.6632E+006   1.1502E+007   1.4607E+007   1.7396E+007   1.8902E+007   1.8110E+007   1.4592E+007   9.3909E+006   4.5333E+006   1.5687E+006   3.6151E+005   5.5581E+004   5.6218E+003   3.3732E+002
 1620858265.63051720    1.9352   2.9904E+008   12.5200   8.9522E+005   1.3014E+006   1.8970E+006   2.7203E+006   3.8710E+006   5.4527E+006   7.5489E+006   1.0143E+007   1.3105E+007   1.5987E+007   1.7952E+007   1.7963E+007   1.5299E+007   1.0504E+007   5.4262E+006   1.9858E+006   4.6840E+005   6.9316E+004   6.1708E+003   2.8770E+002
 1620858268.47699640    1.9351   2.9904E+008   12.5800   8.9406E+005   1.2997E+006   1.8946E+006   2.7169E+006   3.8662E+006   5.4463E+006   7.5406E+006   1.0133E+007   1.3094E+007   1.5976E+007   1.7944E+007   1.7961E+007   1.5302E+007   1.0510E+007   5.4293E+006   1.9861E+006   4.6781E+005   6.9025E+004   6.1136E+003   2.8271E+002
 1620858271.31215260    1.9300   2.9895E+008  999.0000   6.9492E+005   1.0121E+006   1.4797E+006   2.1305E+006   3.0497E+006   4.3334E+006   6.0753E+006   8.3106E+006   1.1013E+007   1.3913E+007   1.6371E+007   1.7382E+007   1.5860E+007   1.1601E+007   6.1248E+006   2.0342E+006   3.3069E+005   1.9616E+004   2.5718E+002   2.5274E-001
 1620858274.16801170    2.2000   3.2538E+008  999.0000   6.9007E+005   1.0054E+006   1.4705E+006   2.1187E+006   3.0359E+006   4.3200E+006   6.0695E+006   8.3290E+006   1.1088E+007   1.4105E+007   1.6762E+007   1.8057E+007   1.6834E+007   1.2706E+007   7.0247E+006   2.4940E+006   4.4759E+005   3.0653E+004   4.9611E+002   6.7493E-001
 1620858277.01449940    2.2000   3.2538E+008  999.0000   6.9007E+005   1.0054E+006   1.4705E+006   2.1187E+006   3.0359E+006   4.3200E+006   6.0695E+006   8.3290E+006   1.1088E+007   1.4105E+007   1.6762E+007   1.8057E+007   1.6834E+007   1.2706E+007   7.0247E+006   2.4940E+006   4.4759E+005   3.0653E+004   4.9611E+002   6.7493E-001
 1620858279.84964660    2.2000   3.2538E+008  999.0000   6.9007E+005   1.0054E+006   1.4705E+006   2.1187E+006   3.0359E+006   4.3200E+006   6.0695E+006   8.3290E+006   1.1088E+007   1.4105E+007   1.6762E+007   1.8057E+007   1.6834E+007   1.2706E+007   7.0247E+006   2.4940E+006   4.4759E+005   3.0653E+004   4.9611E+002   6.7493E-001
 1620858282.70199920    2.4760   3.7920E+008   13.2000   1.0988E+006   1.5976E+006   2.3296E+006   3.3420E+006   4.7585E+006   6.7090E+006   9.3002E+006   1.2520E+007   1.6218E+007   1.9858E+007   2.2410E+007   2.2572E+007   1.9383E+007   1.3432E+007   6.9998E+006   2.5746E+006   6.0490E+005   8.7754E+004   7.4786E+003   3.2244E+002
 1620858285.53714660    2.4764   3.7920E+008   12.8800   1.1060E+006   1.6080E+006   2.3445E+006   3.3631E+006   4.7877E+006   6.7485E+006   9.3518E+006   1.2583E+007   1.6289E+007   1.9926E+007   2.2460E+007   2.2588E+007   1.9364E+007   1.3399E+007   6.9788E+006   2.5719E+006   6.0843E+005   8.9566E+004   7.8322E+003   3.5211E+002
 1620858288.39301440    2.4759   3.7919E+008   13.2800   1.0971E+006   1.5952E+006   2.3261E+006   3.3371E+006   4.7517E+006   6.6997E+006   9.2880E+006   1.2505E+007   1.6202E+007   1.9842E+007   2.2398E+007   2.2568E+007   1.9388E+007   1.3441E+007   7.0048E+006   2.5751E+006   6.0401E+005   8.7309E+004   7.3936E+003   3.1549E+002
 1620858291.23949340    2.5670   3.5324E+008   16.5200   7.8498E+005   1.1428E+006   1.6695E+006   2.4014E+006   3.4327E+006   4.8675E+006   6.8043E+006   9.2709E+006   1.2220E+007   1.5337E+007   1.7917E+007   1.8921E+007   1.7313E+007   1.2997E+007   7.4458E+006   3.0227E+006   7.7312E+005   1.1638E+005   9.4169E+003   3.3366E+002
 1620858294.07465360    2.5805   3.5347E+008   10.1800   8.9204E+005   1.2974E+006   1.8927E+006   2.7171E+006   3.8726E+006   5.4682E+006   7.5972E+006   1.0262E+007   1.3361E+007   1.6488E+007   1.8834E+007   1.9335E+007   1.7119E+007   1.2456E+007   7.0193E+006   2.9172E+006   8.2877E+005   1.5875E+005   1.9980E+004   1.4842E+003
 1620858296.93052030    2.7500   3.9245E+008  999.0000   7.7529E+005   1.1298E+006   1.6531E+006   2.3830E+006   3.4170E+006   4.8676E+006   6.8500E+006   9.4219E+006   1.2586E+007   1.6091E+007   1.9265E+007   2.0979E+007   1.9873E+007   1.5353E+007   8.7832E+006   3.2766E+006   6.3285E+005   4.8222E+004   9.1265E+002   1.5811E+000
 1620858299.77699950    2.7500   3.9245E+008  999.0000   7.7529E+005   1.1298E+006   1.6531E+006   2.3830E+006   3.4170E+006   4.8676E+006   6.8500E+006   9.4219E+006   1.2586E+007   1.6091E+007   1.9265E+007   2.0979E+007   1.9873E+007   1.5353E+007   8.7832E+006   3.2766E+006   6.3285E+005   4.8222E+004   9.1265E+002   1.5811E+000
 1620858302.61215540    2.7575   3.9258E+008   15.0400   9.5272E+005   1.3864E+006   2.0241E+006   2.9091E+006   4.1531E+006   5.8782E+006   8.1948E+006   1.1122E+007   1.4578E+007   1.8151E+007   2.0968E+007   2.1805E+007   1.9545E+007   1.4297E+007   7.9432E+006   3.1249E+006   7.7920E+005   1.1655E+005   9.7122E+003   3.7616E+002
 1620858305.46801470    2.7969   4.2778E+008    9.4000   1.3859E+006   2.0133E+006   2.9316E+006   4.1974E+006   5.9596E+006   8.3677E+006   1.1531E+007   1.5392E+007   1.9706E+007   2.3743E+007   2.6237E+007   2.5753E+007   2.1486E+007   1.4520E+007   7.5013E+006   2.8426E+006   7.3939E+005   1.3244E+005   1.6159E+004   1.2236E+003
 1620858308.31450220    2.7981   4.2780E+008    9.1200   1.4028E+006   2.0375E+006   2.9664E+006   4.2464E+006   6.0271E+006   8.4586E+006   1.1648E+007   1.5534E+007   1.9862E+007   2.3888E+007   2.6337E+007   2.5779E+007   2.1442E+007   1.4453E+007   7.4612E+006   2.8365E+006   7.4524E+005   1.3616E+005   1.7156E+004   1.3634E+003
 1620858311.14964960    2.7800   4.2749E+008  999.0000   9.7953E+005   1.4267E+006   2.0859E+006   3.0038E+006   4.3005E+006   6.1120E+006   8.5717E+006   1.1732E+007   1.5557E+007   1.9677E+007   2.3190E+007   2.4678E+007   2.2595E+007   1.6611E+007   8.8347E+006   2.9657E+006   4.8981E+005   2.9730E+004   4.0316E+002   4.1736E-001
 1620858314.00551750    2.5442   3.9119E+008    9.6000   1.2697E+006   1.8445E+006   2.6859E+006   3.8459E+006   5.4608E+006   7.6680E+006   1.0568E+007   1.4110E+007   1.8068E+007   2.1775E+007   2.4068E+007   2.3625E+007   1.9703E+007   1.3296E+007   6.8459E+006   2.5769E+006   6.6231E+005   1.1642E+005   1.3822E+004   1.0072E+003
 1620858316.85199640    2.5300   3.9094E+008  999.0000   9.0445E+005   1.3173E+006   1.9259E+006   2.7731E+006   3.9698E+006   5.6412E+006   7.9096E+006   1.0822E+007   1.4344E+007   1.8129E+007   2.1342E+007   2.2677E+007   2.0715E+007   1.5178E+007   8.0328E+006   2.6773E+006   4.3753E+005   2.6152E+004   3.4673E+002   3.4668E-001
 1620858319.68715240    2.5457   3.9121E+008    9.2200   1.2898E+006   1.8734E+006   2.7274E+006   3.9041E+006   5.5412E+006   7.7762E+006   1.0708E+007   1.4279E+007   1.8253E+007   2.1947E+007   2.4185E+007   2.3654E+007   1.9649E+007   1.3216E+007   6.7986E+006   2.5703E+006   6.6964E+005   1.2089E+005   1.4988E+004   1.1657E+003
 1620858322.54301170    2.2214   3.5950E+008    9.1400   1.3179E+006   1.9132E+006   2.7831E+006   3.9793E+006   5.6382E+006   7.8926E+006   1.0828E+007   1.4364E+007   1.8225E+007   2.1682E+007   2.3543E+007   2.2571E+007   1.8256E+007   1.1874E+007   5.8669E+006   2.1209E+006   5.2713E+005   9.1052E+004   1.0873E+004   8.2168E+002
 1620858325.38949920    2.2145   3.5939E+008   12.5800   1.1839E+006   1.7203E+006   2.5061E+006   3.5904E+006   5.1021E+006   7.1727E+006   9.9011E+006   1.3248E+007   1.7013E+007   2.0572E+007   2.2815E+007   2.2437E+007   1.8655E+007   1.2406E+007   6.1489E+006   2.1394E+006   4.7523E+005   6.5847E+004   5.4735E+003   2.3786E+002
 1620858328.22464660    1.8900   3.4360E+008  999.0000   1.0974E+006   1.5964E+006   2.3296E+006   3.3456E+006   4.7710E+006   6.7411E+006   9.3727E+006   1.2667E+007   1.6489E+007   2.0295E+007   2.2983E+007   2.3075E+007   1.9381E+007   1.2567E+007   5.5579E+006   1.4285E+006   1.5882E+005   5.4258E+003   3.1712E+001   8.9652E-003
 1620858331.08051440    1.8900   3.4360E+008  999.0000   1.0974E+006   1.5964E+006   2.3296E+006   3.3456E+006   4.7710E+006   6.7411E+006   9.3727E+006   1.2667E+007   1.6489E+007   2.0295E+007   2.2983E+007   2.3075E+007   1.9381E+007   1.2567E+007   5.5579E+006   1.4285E+006   1.5882E+005   5.4258E+003   3.1712E+001   8.9652E-003
 1620858333.92699340    1.8969   3.4372E+008    8.7000   1.6102E+006   2.3340E+006   3.3879E+006   4.8291E+006   6.8117E+006   9.4731E+006   1.2873E+007   1.6846E+007   2.0963E+007   2.4267E+007   2.5383E+007   2.3150E+007   1.7551E+007   1.0552E+007   4.7655E+006   1.5701E+006   3.5767E+005   5.7750E+004   6.6367E+003   5.0039E+002
 1620858336.76214960    1.6200   3.4176E+008  999.0000   1.4657E+006   2.1294E+006   3.1012E+006   4.4413E+006   6.3073E+006   8.8577E+006   1.2205E+007   1.6280E+007   2.0788E+007   2.4869E+007   2.7021E+007   2.5533E+007   1.9606E+007   1.1156E+007   4.0730E+006   7.9321E+005   5.8465E+004   1.1003E+003   2.6892E+000   1.9873E-004
 1620858339.61449340    1.6200   3.4176E+008  999.0000   1.4657E+006   2.1294E+006   3.1012E+006   4.4413E+006   6.3073E+006   8.8577E+006   1.2205E+007   1.6280E+007   2.0788E+007   2.4869E+007   2.7021E+007   2.5533E+007   1.9606E+007   1.1156E+007   4.0730E+006   7.9321E+005   5.8465E+004   1.1003E+003   2.6892E+000   1.9873E-004
 1620858342.44964960    1.6248   3.4184E+008    7.7600   2.2749E+006   3.2891E+006   4.7561E+006   6.7426E+006   9.4360E+006   1.2973E+007   1.7338E+007   2.2160E+007   2.6675E+007   2.9494E+007   2.9012E+007   2.4446E+007   1.6803E+007   9.0413E+006   3.6404E+006   1.0839E+006   2.3007E+005   3.6379E+004   4.3512E+003   3.6658E+002
 1620858345.30550840    1.4753   3.1361E+008    7.2800   2.2068E+006   3.1888E+006   4.6070E+006   6.5231E+006   9.1125E+006   1.2496E+007   1.6638E+007   2.1157E+007   2.5289E+007   2.7701E+007   2.6933E+007   2.2391E+007   1.5178E+007   8.0797E+006   3.2438E+006   9.7642E+005   2.1373E+005   3.5683E+004   4.6219E+003   4.3433E+002
 1620858348.15199570    1.4760   3.1362E+008    7.1200   2.2342E+006   3.2279E+006   4.6623E+006   6.5992E+006   9.2143E+006   1.2626E+007   1.6796E+007   2.1329E+007   2.5448E+007   2.7810E+007   2.6963E+007   2.2348E+007   1.5111E+007   8.0358E+006   3.2334E+006   9.8031E+005   2.1763E+005   3.7132E+004   4.9552E+003   4.8432E+002
 1620858350.98714350    1.4748   3.1360E+008    7.4600   2.1775E+006   3.1470E+006   4.5477E+006   6.4415E+006   9.0031E+006   1.2355E+007   1.6468E+007   2.0971E+007   2.5115E+007   2.7581E+007   2.6898E+007   2.2434E+007   1.5252E+007   8.1281E+006   3.2558E+006   9.7245E+005   2.0963E+005   3.4172E+004   4.2825E+003   3.8526E+002
 1620858353.84301470    1.2200   3.1329E+008  999.0000   1.9820E+006   2.8736E+006   4.1722E+006   5.9487E+006   8.3934E+006   1.1675E+007   1.5862E+007   2.0726E+007   2.5674E+007   2.9376E+007   2.9904E+007   2.5691E+007   1.7135E+007   7.9420E+006   2.1460E+006   2.7045E+005   1.0468E+004   7.7471E+001   4.8498E-002   4.4321E-007
 1620858356.68950200    1.2200   3.1329E+008  999.0000   1.9820E+006   2.8736E+006   4.1722E+006   5.9487E+006   8.3934E+006   1.1675E+007   1.5862E+007   2.0726E+007   2.5674E+007   2.9376E+007   2.9904E+007   2.5691E+007   1.7135E+007   7.9420E+006   2.1460E+006   2.7045E+005   1.0468E+004   7.7471E+001   4.8498E-002   4.4321E-007
 1620858359.52464960    0.9500   2.7639E+008  999.0000   2.2371E+006   3.2384E+006   4.6910E+006   6.6664E+006   9.3609E+006   1.2928E+007   1.7380E+007   2.2364E+007   2.7085E+007   2.9978E+007   2.9072E+007   2.3267E+007   1.3973E+007   5.5598E+006   1.2009E+006   1.0951E+005   2.6269E+003   9.7300E+000   2.2225E-003   4.3433E-009
 1620858362.38051720    0.9500   2.7639E+008  999.0000   2.2371E+006   3.2384E+006   4.6910E+006   6.6664E+006   9.3609E+006   1.2928E+007   1.7380E+007   2.2364E+007   2.7085E+007   2.9978E+007   2.9072E+007   2.3267E+007   1.3973E+007   5.5598E+006   1.2009E+006   1.0951E+005   2.6269E+003   9.7300E+000   2.2225E-003   4.3433E-009
 1620858365.22699260    0.9500   2.7639E+008  999.0000   2.2371E+006   3.2384E+006   4.6910E+006   6.6664E+006   9.3609E+006   1.2928E+007   1.7380E+007   2.2364E+007   2.7085E+007   2.9978E+007   2.9072E+007   2.3267E+007   1.3973E+007   5.5598E+006   1.2009E+006   1.0951E+005   2.6269E+003   9.7300E+000   2.2225E-003   4.3433E-009
 1620858368.06214050    0.7900   2.4933E+008  999.0000   2.3694E+006   3.4261E+006   4.9546E+006   7.0243E+006   9.8290E+006   1.3505E+007   1.8018E+007   2.2929E+007   2.7319E+007   2.9520E+007   2.7642E+007   2.1018E+007   1.1701E+007   4.1699E+006   7.6624E+005   5.5322E+004   9.3978E+002   2.1139E+000   2.3378E-004   1.5096E-010
 1620858370.91449260    0.7900   2.4933E+008  999.0000   2.3694E+006   3.4261E+006   4.9546E+006   7.0243E+006   9.8290E+006   1.3505E+007   1.8018E+007   2.2929E+007   2.7319E+007   2.9520E+007   2.7642E+007   2.1018E+007   1.1701E+007   4.1699E+006   7.6624E+005   5.5322E+004   9.3978E+002   2.1139E+000   2.3378E-004   1.5096E-010
 1620858373.74964050    0.7900   2.4933E+008  999.0000   2.3694E+006   3.4261E+006   4.9546E+006   7.0243E+006   9.8290E+006   1.3505E+007   1.8018E+007   2.2929E+007   2.7319E+007   2.9520E+007   2.7642E+007   2.1018E+007   1.1701E+007   4.1699E+006   7.6624E+005   5.5322E+004   9.3978E+002   2.1139E+000   2.3378E-004   1.5096E-010
 1620858376.60551170    0.7000   2.5835E+008  999.0000   3.3399E+006   4.8178E+006   6.9421E+006   9.7915E+006   1.3598E+007   1.8476E+007   2.4247E+007   3.0123E+007   3.4644E+007   3.5540E+007   3.0846E+007   2.0991E+007   9.9188E+006   2.7843E+006   3.6064E+005   1.5716E+004   1.2671E+002   9.7196E-002   2.2549E-006   1.3514E-013
 1620858379.45199920    0.7000   2.5835E+008  999.0000   3.3399E+006   4.8178E+006   6.9421E+006   9.7915E+006   1.3598E+007   1.8476E+007   2.4247E+007   3.0123E+007   3.4644E+007   3.5540E+007   3.0846E+007   2.0991E+007   9.9188E+006   2.7843E+006   3.6064E+005   1.5716E+004   1.2671E+002   9.7196E-002   2.2549E-006   1.3514E-013
 1620858382.28714660    0.7000   2.5835E+008  999.0000   3.3399E+006   4.8178E+006   6.9421E+006   9.7915E+006   1.3598E+007   1.8476E+007   2.4247E+007   3.0123E+007   3.4644E+007   3.5540E+007   3.0846E+007   2.0991E+007   9.9188E+006   2.7843E+006   3.6064E+005   1.5716E+004   1.2671E+002   9.7196E-002   2.2549E-006   1.3514E-013
 1620858385.14301440    0.5900   2.4416E+008  999.0000   3.9513E+006   5.6883E+006   8.1717E+006   1.1476E+007   1.5837E+007   2.1318E+007   2.7594E+007   3.3598E+007   3.7514E+007   3.6846E+007   3.0010E+007   1.8613E+007   7.6671E+006   1.7630E+006   1.7047E+005   4.8731E+003   2.1098E+001   6.6067E-003   4.1880E-008   3.5079E-016
 1620858387.98949340    0.5900   2.4416E+008  999.0000   3.9513E+006   5.6883E+006   8.1717E+006   1.1476E+007   1.5837E+007   2.1318E+007   2.7594E+007   3.3598E+007   3.7514E+007   3.6846E+007   3.0010E+007   1.8613E+007   7.6671E+006   1.7630E+006   1.7047E+005   4.8731E+003   2.1098E+001   6.6067E-003   4.1880E-008   3.5079E-016
 1620858390.82464960    0.4500   2.2768E+008  999.0000   5.4592E+006   7.8266E+006   1.1174E+007   1.5554E+007   2.1186E+007   2.7975E+007   3.5196E+007   4.1117E+007   4.3196E+007   3.8794E+007   2.7725E+007   1.4207E+007   4.4135E+006   6.7346E+005   3.5727E+004   4.3007E+002   5.2113E-001   2.6157E-005   1.1805E-011   1.8331E-021
 1620858393.68050860    0.4500   2.2768E+008  999.0000   5.4592E+006   7.8266E+006   1.1174E+007   1.5554E+007   2.1186E+007   2.7975E+007   3.5196E+007   4.1117E+007   4.3196E+007   3.8794E+007   2.7725E+007   1.4207E+007   4.4135E+006   6.7346E+005   3.5727E+004   4.3007E+002   5.2113E-001   2.6157E-005   1.1805E-011   1.8331E-021
 1620858396.52699570    0.4500   2.2768E+008  999.0000   5.4592E+006   7.8266E+006   1.1174E+007   1.5554E+007   2.1186E+007   2.7975E+007   3.5196E+007   4.1117E+007   4.3196E+007   3.8794E+007   2.7725E+007   1.4207E+007   4.4135E+006   6.7346E+005   3.5727E+004   4.3007E+002   5.2113E-001   2.6157E-005   1.1805E-011   1.8331E-021
 1620858399.36214350    0.3700   2.1104E+008  999.0000   6.3914E+006   9.1365E+006   1.2987E+007   1.7966E+007   2.4250E+007   3.1594E+007   3.8967E+007   4.4222E+007   4.4522E+007   3.7559E+007   2.4499E+007   1.0986E+007   2.8024E+006   3.2117E+005   1.1210E+004   7.3870E+001   3.6927E-002   5.2070E-007   3.7865E-014   3.7970E-025
 1620858402.21801090    0.3700   2.1104E+008  999.0000   6.3914E+006   9.1365E+006   1.2987E+007   1.7966E+007   2.4250E+007   3.1594E+007   3.8967E+007   4.4222E+007   4.4522E+007   3.7559E+007   2.4499E+007   1.0986E+007   2.8024E+006   3.2117E+005   1.1210E+004   7.3870E+001   3.6927E-002   5.2070E-007   3.7865E-014   3.7970E-025
 1620858405.06449030    0.3700   2.1104E+008  999.0000   6.3914E+006   9.1365E+006   1.2987E+007   1.7966E+007   2.4250E+007   3.1594E+007   3.8967E+007   4.4222E+007   4.4522E+007   3.7559E+007   2.4499E+007   1.0986E+007   2.8024E+006   3.2117E+005   1.1210E+004   7.3870E+001   3.6927E-002   5.2070E-007   3.7865E-014   3.7970E-025
 1620858407.89964580    0.3100   1.9609E+008  999.0000   7.2595E+006   1.0349E+007   1.4649E+007   2.0143E+007   2.6951E+007   3.4660E+007   4.1937E+007   4.6282E+007   4.4721E+007   3.5519E+007   2.1214E+007   8.3651E+006   1.7647E+006   1.5351E+005   3.5807E+003   1.3220E+001   2.8242E-003   1.1798E-008   1.5001E-016   1.1110E-028
 1620858410.75550560    0.3100   1.9609E+008  999.0000   7.2595E+006   1.0349E+007   1.4649E+007   2.0143E+007   2.6951E+007   3.4660E+007   4.1937E+007   4.6282E+007   4.4721E+007   3.5519E+007   2.1214E+007   8.3651E+006   1.7647E+006   1.5351E+005   3.5807E+003   1.3220E+001   2.8242E-003   1.1798E-008   1.5001E-016   1.1110E-028
 1620858413.60199260    0.3100   1.9609E+008  999.0000   7.2595E+006   1.0349E+007   1.4649E+007   2.0143E+007   2.6951E+007   3.4660E+007   4.1937E+007   4.6282E+007   4.4721E+007   3.5519E+007   2.1214E+007   8.3651E+006   1.7647E+006   1.5351E+005   3.5807E+003   1.3220E+001   2.8242E-003   1.1798E-008   1.5001E-016   1.1110E-028
 1620858416.43714050    0.3000   2.0194E+008  999.0000   8.4334E+006   1.2000E+007   1.6940E+007   2.3203E+007   3.0867E+007   3.9361E+007   4.7033E+007   5.0969E+007   4.7946E+007   3.6609E+007   2.0643E+007   7.4847E+006   1.3950E+006   1.0137E+005   1.8182E+003   4.6029E+000   5.6555E-004   1.0721E-009   4.4039E-018   6.0658E-031
 1620858419.29301170    0.3000   2.0194E+008  999.0000   8.4334E+006   1.2000E+007   1.6940E+007   2.3203E+007   3.0867E+007   3.9361E+007   4.7033E+007   5.0969E+007   4.7946E+007   3.6609E+007   2.0643E+007   7.4847E+006   1.3950E+006   1.0137E+005   1.8182E+003   4.6029E+000   5.6555E-004   1.0721E-009   4.4039E-018   6.0658E-031
 1620858422.13949920    0.2500   1.7732E+008  999.0000   8.1933E+006   1.1639E+007   1.6391E+007   2.2373E+007   2.9611E+007   3.7476E+007   4.4284E+007   4.7217E+007   4.3369E+007   3.1973E+007   1.7129E+007   5.7634E+006   9.6198E+005   5.9572E+004   8.4583E+002   1.5311E+000   1.1511E-004   1.0827E-010   1.6356E-019   5.1011E-033
 1620858424.97464660    0.2500   1.7732E+008  999.0000   8.1933E+006   1.1639E+007   1.6391E+007   2.2373E+007   2.9611E+007   3.7476E+007   4.4284E+007   4.7217E+007   4.3369E+007   3.1973E+007   1.7129E+007   5.7634E+006   9.6198E+005   5.9572E+004   8.4583E+002   1.5311E+000   1.1511E-004   1.0827E-010   1.6356E-019   5.1011E-033
 1620858427.83051440    0.2500   1.7732E+008  999.0000   8.1933E+006   1.1639E+007   1.6391E+007   2.2373E+007   2.9611E+007   3.7476E+007   4.4284E+007   4.7217E+007   4.3369E+007   3.1973E+007   1.7129E+007   5.7634E+006   9.6198E+005   5.9572E+004   8.4583E+002   1.5311E+000   1.1511E-004   1.0827E-010   1.6356E-019   5.1011E-033
 1620858430.67699340    0.2300   1.8081E+008  999.0000   1.0188E+007   1.4423E+007   2.0206E+007   2.7376E+007   3.5842E+007   4.4639E+007   5.1515E+007   5.3062E+007   4.6326E+007   3.1698E+007   1.5231E+007   4.3724E+006   5.7735E+005   2.5453E+004   2.2009E+002   1.9563E-001   5.1973E-006   1.1114E-012   2.0379E-022   2.8084E-037
 1620858433.51214960    0.2300   1.8081E+008  999.0000   1.0188E+007   1.4423E+007   2.0206E+007   2.7376E+007   3.5842E+007   4.4639E+007   5.1515E+007   5.3062E+007   4.6326E+007   3.1698E+007   1.5231E+007   4.3724E+006   5.7735E+005   2.5453E+004   2.2009E+002   1.9563E-001   5.1973E-006   1.1114E-012   2.0379E-022   2.8084E-037
 1620858436.36800840    0.2300   1.8081E+008  999.0000   1.0188E+007   1.4423E+007   2.0206E+007   2.7376E+007   3.5842E+007   4.4639E+007   5.1515E+007   5.3062E+007   4.6326E+007   3.1698E+007   1.5231E+007   4.3724E+006   5.7735E+005   2.5453E+004   2.2009E+002   1.9563E-001   5.1973E-006   1.1114E-012   2.0379E-022   2.8084E-037
 1620858439.21449570    0.2000   1.7197E+008  999.0000   1.1510E+007   1.6240E+007   2.2639E+007   3.0455E+007   3.9461E+007   4.8395E+007   5.4595E+007   5.4404E+007   4.5241E+007   2.8821E+007   1.2477E+007   3.0763E+006   3.2456E+005   1.0336E+004   5.5621E+001   2.5061E-002   2.4691E-007   1.2902E-014   3.2047E-025   2.3303E-041
 1620858442.04964350    0.2000   1.7197E+008  999.0000   1.1510E+007   1.6240E+007   2.2639E+007   3.0455E+007   3.9461E+007   4.8395E+007   5.4595E+007   5.4404E+007   4.5241E+007   2.8821E+007   1.2477E+007   3.0763E+006   3.2456E+005   1.0336E+004   5.5621E+001   2.5061E-002   2.4691E-007   1.2902E-014   3.2047E-025   2.3303E-041
 1620858444.90551090    0.2000   1.7197E+008  999.0000   1.1510E+007   1.6240E+007   2.2639E+007   3.0455E+007   3.9461E+007   4.8395E+007   5.4595E+007   5.4404E+007   4.5241E+007   2.8821E+007   1.2477E+007   3.0763E+006   3.2456E+005   1.0336E+004   5.5621E+001   2.5061E-002   2.4691E-007   1.2902E-014   3.2047E-025   2.3303E-041
 1620858447.75550560    0.1900   1.5924E+008  999.0000   1.0146E+007   1.4330E+007   2.0005E+007   2.6969E+007   3.5051E+007   4.3183E+007   4.9043E+007   4.9351E+007   4.1634E+007   2.7088E+007   1.2093E+007   3.1188E+006   3.5157E+005   1.2324E+004   7.6281E+001   4.1995E-002   5.5426E-007   4.3858E-014   1.9613E-024   3.3831E-040
 1620858450.60199260    0.1900   1.5924E+008  999.0000   1.0146E+007   1.4330E+007   2.0005E+007   2.6969E+007   3.5051E+007   4.3183E+007   4.9043E+007   4.9351E+007   4.1634E+007   2.7088E+007   1.2093E+007   3.1188E+006   3.5157E+005   1.2324E+004   7.6281E+001   4.1995E-002   5.5426E-007   4.3858E-014   1.9613E-024   3.3831E-040
 1620858453.43714050    0.1500   1.5003E+008  999.0000   1.3405E+007   1.8796E+007   2.5954E+007   3.4446E+007   4.3755E+007   5.2112E+007   5.6300E+007   5.2676E+007   3.9929E+007   2.2201E+007   7.8808E+006   1.4549E+006   1.0018E+005   1.7198E+003   3.7630E+000   4.6807E-004   7.0745E-010   2.6017E-018   1.5252E-030   4.6490E-049
 1620858456.29301170    0.1500   1.5003E+008  999.0000   1.3405E+007   1.8796E+007   2.5954E+007   3.4446E+007   4.3755E+007   5.2112E+007   5.6300E+007   5.2676E+007   3.9929E+007   2.2201E+007   7.8808E+006   1.4549E+006   1.0018E+005   1.7198E+003   3.7630E+000   4.6807E-004   7.0745E-010   2.6017E-018   1.5252E-030   4.6490E-049
 1620858459.13949920    0.1500   1.5003E+008  999.0000   1.3405E+007   1.8796E+007   2.5954E+007   3.4446E+007   4.3755E+007   5.2112E+007   5.6300E+007   5.2676E+007   3.9929E+007   2.2201E+007   7.8808E+006   1.4549E+006   1.0018E+005   1.7198E+003   3.7630E+000   4.6807E-004   7.0745E-010   2.6017E-018   1.5252E-030   4.6490E-049
 1620858461.97464660    0.1200   1.3733E+008  999.0000   1.5842E+007   2.2069E+007   3.0179E+007   3.9501E+007   4.9164E+007   5.6818E+007   5.8717E+007   5.1494E+007   3.5491E+007   1.7161E+007   4.9690E+006   6.8170E+005   3.0312E+004   2.7639E+002   2.4097E-001   8.0630E-006   1.8111E-012   4.5375E-022   6.1430E-036   7.9985E-057
 1620858464.83051440    0.1200   1.3733E+008  999.0000   1.5842E+007   2.2069E+007   3.0179E+007   3.9501E+007   4.9164E+007   5.6818E+007   5.8717E+007   5.1494E+007   3.5491E+007   1.7161E+007   4.9690E+006   6.8170E+005   3.0312E+004   2.7639E+002   2.4097E-001   8.0630E-006   1.8111E-012   4.5375E-022   6.1430E-036   7.9985E-057
 1620858467.67699340    0.1200   1.3733E+008  999.0000   1.5842E+007   2.2069E+007   3.0179E+007   3.9501E+007   4.9164E+007   5.6818E+007   5.8717E+007   5.1494E+007   3.5491E+007   1.7161E+007   4.9690E+006   6.8170E+005   3.0312E+004   2.7639E+002   2.4097E-001   8.0630E-006   1.8111E-012   4.5375E-022   6.1430E-036   7.9985E-057
 1620858470.51214960    0.1100   1.1919E+008  999.0000   1.2396E+007   1.7316E+007   2.3777E+007   3.1304E+007   3.9298E+007   4.5998E+007   4.8436E+007   4.3656E+007   3.1323E+007   1.6066E+007   5.0700E+006   7.8849E+005   4.2172E+004   5.0227E+002   6.4565E-001   3.7585E-005   1.8849E-011   1.4623E-020   9.6355E-034   1.2328E-053
 1620858473.36800840    0.1100   1.1919E+008  999.0000   1.2396E+007   1.7316E+007   2.3777E+007   3.1304E+007   3.9298E+007   4.5998E+007   4.8436E+007   4.3656E+007   3.1323E+007   1.6066E+007   5.0700E+006   7.8849E+005   4.2172E+004   5.0227E+002   6.4565E-001   3.7585E-005   1.8849E-011   1.4623E-020   9.6355E-034   1.2328E-053
 1620858476.21449570    0.1100   1.1919E+008  999.0000   1.2396E+007   1.7316E+007   2.3777E+007   3.1304E+007   3.9298E+007   4.5998E+007   4.8436E+007   4.3656E+007   3.1323E+007   1.6066E+007   5.0700E+006   7.8849E+005   4.2172E+004   5.0227E+002   6.4565E-001   3.7585E-005   1.8849E-011   1.4623E-020   9.6355E-034   1.2328E-053
 1620858479.04964350    0.1400   1.1578E+008  999.0000   7.1903E+006   1.0161E+007   1.4195E+007   1.9157E+007   2.4937E+007   3.0794E+007   3.5093E+007   3.5490E+007   3.0160E+007   1.9836E+007   8.9959E+006   2.3737E+006   2.7679E+005   1.0190E+004   6.7742E+001   4.1313E-002   6.3311E-007   6.1936E-014   3.7418E-024   1.0046E-039
 1620858481.90551090    0.1400   1.1578E+008  999.0000   7.1903E+006   1.0161E+007   1.4195E+007   1.9157E+007   2.4937E+007   3.0794E+007   3.5093E+007   3.5490E+007   3.0160E+007   1.9836E+007   8.9959E+006   2.3737E+006   2.7679E+005   1.0190E+004   6.7742E+001   4.1313E-002   6.3311E-007   6.1936E-014   3.7418E-024   1.0046E-039
 1620858484.75203900    0.1200   1.0429E+008  999.0000   7.1236E+006   1.0047E+007   1.3997E+007   1.8813E+007   2.4345E+007   2.9799E+007   3.3522E+007   3.3266E+007   2.7496E+007   1.7361E+007   7.4184E+006   1.7947E+006   1.8411E+005   5.6301E+003   2.8558E+001   1.1823E-002   1.0295E-007   4.5146E-015   8.7498E-026   4.4206E-042
