          0.00000000    0.0000   0.0000E+000    0.0000   3.0000E-002   4.4000E-002   6.5000E-002   9.5000E-002   1.3900E-001   2.0400E-001   3.0000E-001   4.4000E-001   6.4600E-001   9.4900E-001   1.3920E+000   2.0400E+000   3.0000E+000   4.4000E+000   6.4600E+000   9.4500E+000   1.3900E+001   2.0400E+001   3.0000E+001   4.5000E+001
 1620975405.45375970    0.0200   1.5529E+006  999.0000   9.1390E+002   1.3357E+003   1.9629E+003   2.8474E+003   4.1208E+003   5.9504E+003   8.5435E+003   1.2100E+004   1.6875E+004   2.2985E+004   3.0188E+004   3.7637E+004   4.3564E+004   4.5068E+004   3.9599E+004   2.7509E+004   1.3371E+004   3.9022E+003   5.3070E+002   1.9512E+001
 1620975408.30726910    0.0200   1.5529E+006  999.0000   9.1390E+002   1.3357E+003   1.9629E+003   2.8474E+003   4.1208E+003   5.9504E+003   8.5435E+003   1.2100E+004   1.6875E+004   2.2985E+004   3.0188E+004   3.7637E+004   4.3564E+004   4.5068E+004   3.9599E+004   2.7509E+004   1.3371E+004   3.9022E+003   5.3070E+002   1.9512E+001
 1620975411.17211480    0.0200   1.5529E+006  999.0000   9.1390E+002   1.3357E+003   1.9629E+003   2.8474E+003   4.1208E+003   5.9504E+003   8.5435E+003   1.2100E+004   1.6875E+004   2.2985E+004   3.0188E+004   3.7637E+004   4.3564E+004   4.5068E+004   3.9599E+004   2.7509E+004   1.3371E+004   3.9022E+003   5.3070E+002   1.9512E+001
 1620975414.01625970    0.0200   2.5655E+006  999.0000   4.1006E+003   5.9796E+003   8.7573E+003   1.2642E+004   1.8164E+004   2.5954E+004   3.6686E+004   5.0789E+004   6.8498E+004   8.8813E+004   1.0853E+005   1.2179E+005   1.2061E+005   9.9413E+004   6.2547E+004   2.6779E+004   6.3450E+003   6.5072E+002   1.9041E+001   6.4702E-002
 1620975416.86625430    0.0200   2.5655E+006  999.0000   4.1006E+003   5.9796E+003   8.7573E+003   1.2642E+004   1.8164E+004   2.5954E+004   3.6686E+004   5.0789E+004   6.8498E+004   8.8813E+004   1.0853E+005   1.2179E+005   1.2061E+005   9.9413E+004   6.2547E+004   2.6779E+004   6.3450E+003   6.5072E+002   1.9041E+001   6.4702E-002
 1620975419.71977520    0.0200   2.4024E+006  999.0000   3.3697E+003   4.9156E+003   7.2031E+003   1.0406E+004   1.4970E+004   2.1425E+004   3.0362E+004   4.2188E+004   5.7205E+004   7.4763E+004   9.2431E+004   1.0549E+005   1.0713E+005   9.1592E+004   6.0809E+004   2.8144E+004   7.4853E+003   9.0818E+002   3.4008E+001   1.6927E-001
 1620975422.58461690    0.0200   2.4024E+006  999.0000   3.3697E+003   4.9156E+003   7.2031E+003   1.0406E+004   1.4970E+004   2.1425E+004   3.0362E+004   4.2188E+004   5.7205E+004   7.4763E+004   9.2431E+004   1.0549E+005   1.0713E+005   9.1592E+004   6.0809E+004   2.8144E+004   7.4853E+003   9.0818E+002   3.4008E+001   1.6927E-001
 1620975425.42875430    0.0200   2.4024E+006  999.0000   3.3697E+003   4.9156E+003   7.2031E+003   1.0406E+004   1.4970E+004   2.1425E+004   3.0362E+004   4.2188E+004   5.7205E+004   7.4763E+004   9.2431E+004   1.0549E+005   1.0713E+005   9.1592E+004   6.0809E+004   2.8144E+004   7.4853E+003   9.0818E+002   3.4008E+001   1.6927E-001
 1620975428.27875660    0.0200   2.3078E+006  999.0000   2.9886E+003   4.3605E+003   6.3917E+003   9.2384E+003   1.3298E+004   1.9052E+004   2.7038E+004   3.7650E+004   5.1212E+004   6.7238E+004   8.3689E+004   9.6462E+004   9.9396E+004   8.6800E+004   5.9453E+004   2.8788E+004   8.1875E+003   1.0951E+003   4.7321E+001   2.9398E-001
 1620975431.13226600    0.0200   2.3078E+006  999.0000   2.9886E+003   4.3605E+003   6.3917E+003   9.2384E+003   1.3298E+004   1.9052E+004   2.7038E+004   3.7650E+004   5.1212E+004   6.7238E+004   8.3689E+004   9.6462E+004   9.9396E+004   8.6800E+004   5.9453E+004   2.8788E+004   8.1875E+003   1.0951E+003   4.7321E+001   2.9398E-001
 1620975433.99711180    0.0200   2.3078E+006  999.0000   2.9886E+003   4.3605E+003   6.3917E+003   9.2384E+003   1.3298E+004   1.9052E+004   2.7038E+004   3.7650E+004   5.1212E+004   6.7238E+004   8.3689E+004   9.6462E+004   9.9396E+004   8.6800E+004   5.9453E+004   2.8788E+004   8.1875E+003   1.0951E+003   4.7321E+001   2.9398E-001
 1620975436.84125660    0.0200   2.1267E+006  999.0000   2.3407E+003   3.4167E+003   5.0112E+003   7.2494E+003   1.0449E+004   1.4998E+004   2.1344E+004   2.9842E+004   4.0836E+004   5.4090E+004   6.8197E+004   8.0100E+004   8.4871E+004   7.7190E+004   5.6125E+004   2.9633E+004   9.5830E+003   1.5452E+003   8.7860E+001   8.3504E-001
 1620975439.69476600    0.0200   2.1267E+006  999.0000   2.3407E+003   3.4167E+003   5.0112E+003   7.2494E+003   1.0449E+004   1.4998E+004   2.1344E+004   2.9842E+004   4.0836E+004   5.4090E+004   6.8197E+004   8.0100E+004   8.4871E+004   7.7190E+004   5.6125E+004   2.9633E+004   9.5830E+003   1.5452E+003   8.7860E+001   8.3504E-001
 1620975442.55961180    0.0200   2.1267E+006  999.0000   2.3407E+003   3.4167E+003   5.0112E+003   7.2494E+003   1.0449E+004   1.4998E+004   2.1344E+004   2.9842E+004   4.0836E+004   5.4090E+004   6.8197E+004   8.0100E+004   8.4871E+004   7.7190E+004   5.6125E+004   2.9633E+004   9.5830E+003   1.5452E+003   8.7860E+001   8.3504E-001
 1620975445.40375660    0.0200   1.5238E+006  999.0000   8.6355E+002   1.2622E+003   1.8551E+003   2.6914E+003   3.8957E+003   5.6272E+003   8.0830E+003   1.1456E+004   1.5992E+004   2.1813E+004   2.8707E+004   3.5900E+004   4.1740E+004   4.3464E+004   3.8559E+004   2.7162E+004   1.3479E+004   4.0542E+003   5.7640E+002   2.2705E+001
 1620975448.25375150    0.0200   1.5238E+006  999.0000   8.6355E+002   1.2622E+003   1.8551E+003   2.6914E+003   3.8957E+003   5.6272E+003   8.0830E+003   1.1456E+004   1.5992E+004   2.1813E+004   2.8707E+004   3.5900E+004   4.1740E+004   4.3464E+004   3.8559E+004   2.7162E+004   1.3479E+004   4.0542E+003   5.7640E+002   2.2705E+001
 1620975451.10727210    0.0200   1.5238E+006  999.0000   8.6355E+002   1.2622E+003   1.8551E+003   2.6914E+003   3.8957E+003   5.6272E+003   8.0830E+003   1.1456E+004   1.5992E+004   2.1813E+004   2.8707E+004   3.5900E+004   4.1740E+004   4.3464E+004   3.8559E+004   2.7162E+004   1.3479E+004   4.0542E+003   5.7640E+002   2.2705E+001
 1620975453.97211790    0.0200   1.8759E+006  999.0000   1.6084E+003   2.3491E+003   3.4483E+003   4.9944E+003   7.2114E+003   1.0378E+004   1.4827E+004   2.0847E+004   2.8765E+004   3.8569E+004   4.9504E+004   5.9681E+004   6.5726E+004   6.3239E+004   4.9947E+004   2.9730E+004   1.1487E+004   2.4001E+003   1.9969E+002   3.4244E+000
 1620975456.81626270    0.0200   1.8759E+006  999.0000   1.6084E+003   2.3491E+003   3.4483E+003   4.9944E+003   7.2114E+003   1.0378E+004   1.4827E+004   2.0847E+004   2.8765E+004   3.8569E+004   4.9504E+004   5.9681E+004   6.5726E+004   6.3239E+004   4.9947E+004   2.9730E+004   1.1487E+004   2.4001E+003   1.9969E+002   3.4244E+000
 1620975459.66977210    0.0200   1.8759E+006  999.0000   1.6084E+003   2.3491E+003   3.4483E+003   4.9944E+003   7.2114E+003   1.0378E+004   1.4827E+004   2.0847E+004   2.8765E+004   3.8569E+004   4.9504E+004   5.9681E+004   6.5726E+004   6.3239E+004   4.9947E+004   2.9730E+004   1.1487E+004   2.4001E+003   1.9969E+002   3.4244E+000
 1620975462.53461410    0.0200   3.2233E+006  999.0000   8.1071E+003   1.1804E+004   1.7250E+004   2.4822E+004   3.5501E+004   5.0377E+004   7.0490E+004   9.6155E+004   1.2689E+005   1.5934E+005   1.8582E+005   1.9474E+005   1.7428E+005   1.2395E+005   6.2793E+004   1.9644E+004   2.9226E+003   1.5241E+002   1.6547E+000   1.2154E-003
 1620975465.37875130    0.0200   3.2233E+006  999.0000   8.1071E+003   1.1804E+004   1.7250E+004   2.4822E+004   3.5501E+004   5.0377E+004   7.0490E+004   9.6155E+004   1.2689E+005   1.5934E+005   1.8582E+005   1.9474E+005   1.7428E+005   1.2395E+005   6.2793E+004   1.9644E+004   2.9226E+003   1.5241E+002   1.6547E+000   1.2154E-003
 1620975468.22875740    0.0200   3.2233E+006  999.0000   8.1071E+003   1.1804E+004   1.7250E+004   2.4822E+004   3.5501E+004   5.0377E+004   7.0490E+004   9.6155E+004   1.2689E+005   1.5934E+005   1.8582E+005   1.9474E+005   1.7428E+005   1.2395E+005   6.2793E+004   1.9644E+004   2.9226E+003   1.5241E+002   1.6547E+000   1.2154E-003
 1620975471.08227830    0.0200   2.0959E+006  999.0000   2.2409E+003   3.2713E+003   4.7985E+003   6.9427E+003   1.0009E+004   1.4371E+004   2.0462E+004   2.8628E+004   3.9215E+004   5.2020E+004   6.5731E+004   7.7451E+004   8.2454E+004   7.5511E+004   5.5464E+004   2.9718E+004   9.8224E+003   1.6349E+003   9.7399E+001   9.9510E-001
 1620975473.94712000    0.0200   2.0959E+006  999.0000   2.2409E+003   3.2713E+003   4.7985E+003   6.9427E+003   1.0009E+004   1.4371E+004   2.0462E+004   2.8628E+004   3.9215E+004   5.2020E+004   6.5731E+004   7.7451E+004   8.2454E+004   7.5511E+004   5.5464E+004   2.9718E+004   9.8224E+003   1.6349E+003   9.7399E+001   9.9510E-001
 1620975476.79125740    0.0200   2.0959E+006  999.0000   2.2409E+003   3.2713E+003   4.7985E+003   6.9427E+003   1.0009E+004   1.4371E+004   2.0462E+004   2.8628E+004   3.9215E+004   5.2020E+004   6.5731E+004   7.7451E+004   8.2454E+004   7.5511E+004   5.5464E+004   2.9718E+004   9.8224E+003   1.6349E+003   9.7399E+001   9.9510E-001
 1620975479.64477830    0.0000   2.3078E+006    2.0100          -NaN          -NaN          -NaN          -NaN          -NaN          -NaN          -NaN          -NaN          -NaN          -NaN          -NaN          -NaN          -NaN          -NaN          -NaN          -NaN          -NaN          -NaN          -NaN          -NaN
 1620975482.50962000    0.0000   2.3078E+006    2.0100          -NaN          -NaN          -NaN          -NaN          -NaN          -NaN          -NaN          -NaN          -NaN          -NaN          -NaN          -NaN          -NaN          -NaN          -NaN          -NaN          -NaN          -NaN          -NaN          -NaN
 1620975485.35375740    0.0200   5.2985E+006  999.0000   3.5650E+004   5.1668E+004   7.4975E+004   1.0682E+005   1.5054E+005   2.0904E+005   2.8329E+005   3.6882E+005   4.5441E+005   5.1584E+005   5.1908E+005   4.3848E+005   2.8524E+005   1.2749E+005   3.2657E+004   3.8102E+003   1.3157E+002   8.2556E-001   4.0628E-004   2.5683E-009
 1620975488.20375970    0.0200   5.2985E+006  999.0000   3.5650E+004   5.1668E+004   7.4975E+004   1.0682E+005   1.5054E+005   2.0904E+005   2.8329E+005   3.6882E+005   4.5441E+005   5.1584E+005   5.1908E+005   4.3848E+005   2.8524E+005   1.2749E+005   3.2657E+004   3.8102E+003   1.3157E+002   8.2556E-001   4.0628E-004   2.5683E-009
 1620975491.05726910    0.0200   5.2985E+006  999.0000   3.5650E+004   5.1668E+004   7.4975E+004   1.0682E+005   1.5054E+005   2.0904E+005   2.8329E+005   3.6882E+005   4.5441E+005   5.1584E+005   5.1908E+005   4.3848E+005   2.8524E+005   1.2749E+005   3.2657E+004   3.8102E+003   1.3157E+002   8.2556E-001   4.0628E-004   2.5683E-009
 1620975493.92211480    0.0200   6.2424E+006  999.0000   5.8034E+004   8.3929E+004   1.2140E+005   1.7217E+005   2.4104E+005   3.3143E+005   4.4266E+005   5.6420E+005   6.7377E+005   7.3055E+005   6.8746E+005   5.2652E+005   2.9630E+005   1.0725E+005   2.0163E+004   1.5047E+003   2.6839E+001   6.4782E-002   7.9373E-006   5.9929E-012
 1620975496.76626350    0.0200   6.2424E+006  999.0000   5.8034E+004   8.3929E+004   1.2140E+005   1.7217E+005   2.4104E+005   3.3143E+005   4.4266E+005   5.6420E+005   6.7377E+005   7.3055E+005   6.8746E+005   5.2652E+005   2.9630E+005   1.0725E+005   2.0163E+004   1.5047E+003   2.6839E+001   6.4782E-002   7.9373E-006   5.9929E-012
 1620975499.61626580    0.0200   6.2424E+006  999.0000   5.8034E+004   8.3929E+004   1.2140E+005   1.7217E+005   2.4104E+005   3.3143E+005   4.4266E+005   5.6420E+005   6.7377E+005   7.3055E+005   6.8746E+005   5.2652E+005   2.9630E+005   1.0725E+005   2.0163E+004   1.5047E+003   2.6839E+001   6.4782E-002   7.9373E-006   5.9929E-012
 1620975502.46977520    0.0400   1.4929E+007  999.0000   1.9731E+005   2.8457E+005   4.0992E+005   5.7795E+005   8.0215E+005   1.0890E+006   1.4273E+006   1.7699E+006   2.0299E+006   2.0739E+006   1.7894E+006   1.2072E+006   5.6320E+005   1.5519E+005   1.9560E+004   8.1957E+002   6.2353E+000   4.3994E-003   9.0416E-008   4.5078E-015
 1620975505.33461690    0.0400   1.4929E+007  999.0000   1.9731E+005   2.8457E+005   4.0992E+005   5.7795E+005   8.0215E+005   1.0890E+006   1.4273E+006   1.7699E+006   2.0299E+006   2.0739E+006   1.7894E+006   1.2072E+006   5.6320E+005   1.5519E+005   1.9560E+004   8.1957E+002   6.2353E+000   4.3994E-003   9.0416E-008   4.5078E-015
 1620975508.17875430    0.0400   1.4929E+007  999.0000   1.9731E+005   2.8457E+005   4.0992E+005   5.7795E+005   8.0215E+005   1.0890E+006   1.4273E+006   1.7699E+006   2.0299E+006   2.0739E+006   1.7894E+006   1.2072E+006   5.6320E+005   1.5519E+005   1.9560E+004   8.1957E+002   6.2353E+000   4.3994E-003   9.0416E-008   4.5078E-015
 1620975511.03227520    0.0700   2.4678E+007  999.0000   2.9155E+005   4.2088E+005   6.0713E+005   8.5769E+005   1.1939E+006   1.6278E+006   2.1472E+006   2.6875E+006   3.1248E+006   3.2575E+006   2.8944E+006   2.0384E+006   1.0133E+006   3.0622E+005   4.4190E+004   2.2508E+003   2.2843E+001   2.4423E-002   9.1709E-007   1.1428E-013
 1620975513.89711710    0.0700   2.4678E+007  999.0000   2.9155E+005   4.2088E+005   6.0713E+005   8.5769E+005   1.1939E+006   1.6278E+006   2.1472E+006   2.6875E+006   3.1248E+006   3.2575E+006   2.8944E+006   2.0384E+006   1.0133E+006   3.0622E+005   4.4190E+004   2.2508E+003   2.2843E+001   2.4423E-002   9.1709E-007   1.1428E-013
 1620975516.74125430    0.0700   2.4678E+007  999.0000   2.9155E+005   4.2088E+005   6.0713E+005   8.5769E+005   1.1939E+006   1.6278E+006   2.1472E+006   2.6875E+006   3.1248E+006   3.2575E+006   2.8944E+006   2.0384E+006   1.0133E+006   3.0622E+005   4.4190E+004   2.2508E+003   2.2843E+001   2.4423E-002   9.1709E-007   1.1428E-013
 1620975519.59477520    0.1100   2.9488E+007  999.0000   2.0308E+005   2.9428E+005   4.2694E+005   6.0807E+005   8.5661E+005   1.1887E+006   1.6094E+006   2.0923E+006   2.5725E+006   2.9113E+006   2.9166E+006   2.4477E+006   1.5769E+006   6.9496E+005   1.7439E+005   1.9749E+004   6.5255E+002   3.8413E+000   1.7226E-003   9.4447E-009
 1620975522.45962070    0.1100   2.9488E+007  999.0000   2.0308E+005   2.9428E+005   4.2694E+005   6.0807E+005   8.5661E+005   1.1887E+006   1.6094E+006   2.0923E+006   2.5725E+006   2.9113E+006   2.9166E+006   2.4477E+006   1.5769E+006   6.9496E+005   1.7439E+005   1.9749E+004   6.5255E+002   3.8413E+000   1.7226E-003   9.4447E-009
 1620975525.30376580    0.2400   4.8497E+007  999.0000   1.9099E+005   2.7758E+005   4.0451E+005   5.7980E+005   8.2445E+005   1.1600E+006   1.6027E+006   2.1464E+006   2.7569E+006   3.3268E+006   3.6606E+006   3.5235E+006   2.7806E+006   1.6464E+006   6.3728E+005   1.3506E+005   1.1283E+004   2.5461E+002   8.1144E-001   9.0180E-005
 1620975528.15376040    0.2400   4.8497E+007  999.0000   1.9099E+005   2.7758E+005   4.0451E+005   5.7980E+005   8.2445E+005   1.1600E+006   1.6027E+006   2.1464E+006   2.7569E+006   3.3268E+006   3.6606E+006   3.5235E+006   2.7806E+006   1.6464E+006   6.3728E+005   1.3506E+005   1.1283E+004   2.5461E+002   8.1144E-001   9.0180E-005
 1620975531.00727750    0.2400   4.8497E+007  999.0000   1.9099E+005   2.7758E+005   4.0451E+005   5.7980E+005   8.2445E+005   1.1600E+006   1.6027E+006   2.1464E+006   2.7569E+006   3.3268E+006   3.6606E+006   3.5235E+006   2.7806E+006   1.6464E+006   6.3728E+005   1.3506E+005   1.1283E+004   2.5461E+002   8.1144E-001   9.0180E-005
 1620975533.87211180    0.4000   7.5695E+007  999.0000   2.6177E+005   3.8067E+005   5.5522E+005   7.9680E+005   1.1351E+006   1.6013E+006   2.2213E+006   2.9920E+006   3.8757E+006   4.7357E+006   5.3068E+006   5.2461E+006   4.3066E+006   2.7008E+006   1.1375E+006   2.7237E+005   2.7264E+004   7.9985E+002   3.7412E+000   7.5040E-004
 1620975536.71626040    0.4000   7.5695E+007  999.0000   2.6177E+005   3.8067E+005   5.5522E+005   7.9680E+005   1.1351E+006   1.6013E+006   2.2213E+006   2.9920E+006   3.8757E+006   4.7357E+006   5.3068E+006   5.2461E+006   4.3066E+006   2.7008E+006   1.1375E+006   2.7237E+005   2.7264E+004   7.9985E+002   3.7412E+000   7.5040E-004
 1620975539.56626270    0.4000   7.5695E+007  999.0000   2.6177E+005   3.8067E+005   5.5522E+005   7.9680E+005   1.1351E+006   1.6013E+006   2.2213E+006   2.9920E+006   3.8757E+006   4.7357E+006   5.3068E+006   5.2461E+006   4.3066E+006   2.7008E+006   1.1375E+006   2.7237E+005   2.7264E+004   7.9985E+002   3.7412E+000   7.5040E-004
 1620975542.41977210    0.5300   8.3716E+007  999.0000   2.0231E+005   2.9462E+005   4.3062E+005   6.1986E+005   8.8692E+005   1.2594E+006   1.7640E+006   2.4097E+006   3.1867E+006   4.0142E+006   4.7028E+006   4.9614E+006   4.4844E+006   3.2356E+006   1.6742E+006   5.4003E+005   8.4073E+004   4.6832E+003   5.5999E+001   4.7741E-002
 1620975545.28461770    0.5300   8.3716E+007  999.0000   2.0231E+005   2.9462E+005   4.3062E+005   6.1986E+005   8.8692E+005   1.2594E+006   1.7640E+006   2.4097E+006   3.1867E+006   4.0142E+006   4.7028E+006   4.9614E+006   4.4844E+006   3.2356E+006   1.6742E+006   5.4003E+005   8.4073E+004   4.6832E+003   5.5999E+001   4.7741E-002
 1620975548.12876270    0.5300   8.3716E+007  999.0000   2.0231E+005   2.9462E+005   4.3062E+005   6.1986E+005   8.8692E+005   1.2594E+006   1.7640E+006   2.4097E+006   3.1867E+006   4.0142E+006   4.7028E+006   4.9614E+006   4.4844E+006   3.2356E+006   1.6742E+006   5.4003E+005   8.4073E+004   4.6832E+003   5.5999E+001   4.7741E-002
 1620975550.98227210    0.7000   9.9722E+007  999.0000   1.9632E+005   2.8610E+005   4.1860E+005   6.0345E+005   8.6534E+005   1.2328E+006   1.7349E+006   2.3866E+006   3.1886E+006   4.0776E+006   4.8836E+006   5.3208E+006   5.0442E+006   3.9013E+006   2.2355E+006   8.3595E+005   1.6203E+005   1.2410E+004   2.3664E+002   4.1476E-001
 1620975553.84711410    0.7000   9.9722E+007  999.0000   1.9632E+005   2.8610E+005   4.1860E+005   6.0345E+005   8.6534E+005   1.2328E+006   1.7349E+006   2.3866E+006   3.1886E+006   4.0776E+006   4.8836E+006   5.3208E+006   5.0442E+006   3.9013E+006   2.2355E+006   8.3595E+005   1.6203E+005   1.2410E+004   2.3664E+002   4.1476E-001
 1620975556.69125130    0.7000   9.9722E+007  999.0000   1.9632E+005   2.8610E+005   4.1860E+005   6.0345E+005   8.6534E+005   1.2328E+006   1.7349E+006   2.3866E+006   3.1886E+006   4.0776E+006   4.8836E+006   5.3208E+006   5.0442E+006   3.9013E+006   2.2355E+006   8.3595E+005   1.6203E+005   1.2410E+004   2.3664E+002   4.1476E-001
 1620975559.54125740    0.8900   1.2151E+008  999.0000   2.1986E+005   3.2048E+005   4.6910E+005   6.7663E+005   9.7109E+005   1.3851E+006   1.9529E+006   2.6937E+006   3.6130E+006   4.6471E+006   5.6127E+006   6.1911E+006   5.9773E+006   4.7475E+006   2.8288E+006   1.1193E+006   2.3594E+005   2.0414E+004   4.6549E+002   1.0756E+000
 1620975562.39477830    0.8900   1.2151E+008  999.0000   2.1986E+005   3.2048E+005   4.6910E+005   6.7663E+005   9.7109E+005   1.3851E+006   1.9529E+006   2.6937E+006   3.6130E+006   4.6471E+006   5.6127E+006   6.1911E+006   5.9773E+006   4.7475E+006   2.8288E+006   1.1193E+006   2.3594E+005   2.0414E+004   4.6549E+002   1.0756E+000
 1620975565.25962000    0.8900   1.2151E+008  999.0000   2.1986E+005   3.2048E+005   4.6910E+005   6.7663E+005   9.7109E+005   1.3851E+006   1.9529E+006   2.6937E+006   3.6130E+006   4.6471E+006   5.6127E+006   6.1911E+006   5.9773E+006   4.7475E+006   2.8288E+006   1.1193E+006   2.3594E+005   2.0414E+004   4.6549E+002   1.0756E+000
 1620975568.10375740    1.1200   1.6265E+008  999.0000   3.3265E+005   4.8471E+005   7.0906E+005   1.0219E+006   1.4648E+006   2.0856E+006   2.9327E+006   4.0292E+006   5.3734E+006   6.8531E+006   8.1755E+006   8.8564E+006   8.3250E+006   6.3595E+006   3.5784E+006   1.3033E+006   2.4293E+005   1.7579E+004   3.0843E+002   4.7533E-001
 1620975570.95727800    1.1200   1.6265E+008  999.0000   3.3265E+005   4.8471E+005   7.0906E+005   1.0219E+006   1.4648E+006   2.0856E+006   2.9327E+006   4.0292E+006   5.3734E+006   6.8531E+006   8.1755E+006   8.8564E+006   8.3250E+006   6.3595E+006   3.5784E+006   1.3033E+006   2.4293E+005   1.7579E+004   3.0843E+002   4.7533E-001
 1620975573.82212000    1.1800   1.8064E+008  999.0000   4.1025E+005   5.9757E+005   8.7370E+005   1.2582E+006   1.8016E+006   2.5608E+006   3.5922E+006   4.9179E+006   6.5246E+006   8.2578E+006   9.7416E+006   1.0382E+007   9.5254E+006   7.0243E+006   3.7529E+006   1.2681E+006   2.1148E+005   1.3019E+004   1.8023E+002   1.9263E-001
 1620975576.66625740    1.1800   1.8064E+008  999.0000   4.1025E+005   5.9757E+005   8.7370E+005   1.2582E+006   1.8016E+006   2.5608E+006   3.5922E+006   4.9179E+006   6.5246E+006   8.2578E+006   9.7416E+006   1.0382E+007   9.5254E+006   7.0243E+006   3.7529E+006   1.2681E+006   2.1148E+005   1.3019E+004   1.8023E+002   1.9263E-001
 1620975579.51625970    1.1800   1.8064E+008  999.0000   4.1025E+005   5.9757E+005   8.7370E+005   1.2582E+006   1.8016E+006   2.5608E+006   3.5922E+006   4.9179E+006   6.5246E+006   8.2578E+006   9.7416E+006   1.0382E+007   9.5254E+006   7.0243E+006   3.7529E+006   1.2681E+006   2.1148E+005   1.3019E+004   1.8023E+002   1.9263E-001
 1620975582.36976910    1.2400   2.0104E+008  999.0000   5.1166E+005   7.4499E+005   1.0886E+006   1.5663E+006   2.2398E+006   3.1777E+006   4.4452E+006   6.0610E+006   7.9931E+006   1.0028E+007   1.1679E+007   1.2214E+007   1.0899E+007   7.7180E+006   3.8852E+006   1.2043E+006   1.7675E+005   9.0369E+003   9.5309E+001   6.6941E-002
 1620975585.23461480    1.2400   2.0104E+008  999.0000   5.1166E+005   7.4499E+005   1.0886E+006   1.5663E+006   2.2398E+006   3.1777E+006   4.4452E+006   6.0610E+006   7.9931E+006   1.0028E+007   1.1679E+007   1.2214E+007   1.0899E+007   7.7180E+006   3.8852E+006   1.2043E+006   1.7675E+005   9.0369E+003   9.5309E+001   6.6941E-002
 1620975588.07875970    1.2400   2.0104E+008  999.0000   5.1166E+005   7.4499E+005   1.0886E+006   1.5663E+006   2.2398E+006   3.1777E+006   4.4452E+006   6.0610E+006   7.9931E+006   1.0028E+007   1.1679E+007   1.2214E+007   1.0899E+007   7.7180E+006   3.8852E+006   1.2043E+006   1.7675E+005   9.0369E+003   9.5309E+001   6.6941E-002
 1620975590.93226910    1.1800   2.0857E+008  999.0000   6.3001E+005   9.1670E+005   1.3382E+006   1.9227E+006   2.7438E+006   3.8809E+006   5.4043E+006   7.3205E+006   9.5612E+006   1.1826E+007   1.3489E+007   1.3685E+007   1.1674E+007   7.7425E+006   3.5398E+006   9.5459E+005   1.1396E+005   4.3168E+003   2.9349E+001   1.0474E-002
 1620975593.79711480    1.1800   2.0857E+008  999.0000   6.3001E+005   9.1670E+005   1.3382E+006   1.9227E+006   2.7438E+006   3.8809E+006   5.4043E+006   7.3205E+006   9.5612E+006   1.1826E+007   1.3489E+007   1.3685E+007   1.1674E+007   7.7425E+006   3.5398E+006   9.5459E+005   1.1396E+005   4.3168E+003   2.9349E+001   1.0474E-002
 1620975596.64125970    1.1800   2.0857E+008  999.0000   6.3001E+005   9.1670E+005   1.3382E+006   1.9227E+006   2.7438E+006   3.8809E+006   5.4043E+006   7.3205E+006   9.5612E+006   1.1826E+007   1.3489E+007   1.3685E+007   1.1674E+007   7.7425E+006   3.5398E+006   9.5459E+005   1.1396E+005   4.3168E+003   2.9349E+001   1.0474E-002
 1620975599.49125430    1.1100   2.1421E+008  999.0000   7.7011E+005   1.1197E+006   1.6327E+006   2.3423E+006   3.3349E+006   4.7010E+006   6.5137E+006   8.7590E+006   1.1318E+007   1.3779E+007   1.5359E+007   1.5065E+007   1.2226E+007   7.5397E+006   3.0981E+006   7.1588E+005   6.7976E+004   1.8471E+003   7.7240E+000   1.3038E-003
 1620975602.34477520    1.1135   2.1427E+008    8.4200   1.1477E+006   1.6621E+006   2.4094E+006   3.4279E+006   4.8220E+006   6.6790E+006   9.0235E+006   1.1711E+007   1.4402E+007   1.6401E+007   1.6779E+007   1.4863E+007   1.0858E+007   6.2503E+006   2.6912E+006   8.4660E+005   1.8544E+005   2.9208E+004   3.3374E+003   2.5591E+002
 1620975605.20961710    1.1100   2.1421E+008  999.0000   7.7011E+005   1.1197E+006   1.6327E+006   2.3423E+006   3.3349E+006   4.7010E+006   6.5137E+006   8.7590E+006   1.1318E+007   1.3779E+007   1.5359E+007   1.5065E+007   1.2226E+007   7.5397E+006   3.0981E+006   7.1588E+005   6.7976E+004   1.8471E+003   7.7240E+000   1.3038E-003
 1620975608.05375430    1.0435   2.2009E+008    7.5400   1.4952E+006   2.1614E+006   3.1243E+006   4.4270E+006   6.1912E+006   8.5032E+006   1.1348E+007   1.4476E+007   1.7378E+007   1.9146E+007   1.8751E+007   1.5721E+007   1.0752E+007   5.7658E+006   2.3221E+006   6.9586E+005   1.4999E+005   2.4338E+004   3.0215E+003   2.6776E+002
 1620975610.90727520    1.0400   2.2003E+008  999.0000   9.4908E+005   1.3788E+006   2.0080E+006   2.8755E+006   4.0833E+006   5.7336E+006   7.8991E+006   1.0534E+007   1.3444E+007   1.6075E+007   1.7450E+007   1.6468E+007   1.2622E+007   7.1622E+006   2.6044E+006   5.0427E+005   3.6851E+004   6.8490E+002   1.6438E+000   1.1812E-004
 1620975613.77212070    0.9500   2.2399E+008  999.0000   1.1970E+006   1.7371E+006   2.5256E+006   3.6084E+006   5.1065E+006   7.1343E+006   9.7556E+006   1.2868E+007   1.6164E+007   1.8876E+007   1.9798E+007   1.7768E+007   1.2641E+007   6.4369E+006   1.9966E+006   3.0717E+005   1.5970E+004   1.8123E+002   2.1162E-001   5.0295E-006
 1620975616.61626580    0.9500   2.2399E+008  999.0000   1.1970E+006   1.7371E+006   2.5256E+006   3.6084E+006   5.1065E+006   7.1343E+006   9.7556E+006   1.2868E+007   1.6164E+007   1.8876E+007   1.9798E+007   1.7768E+007   1.2641E+007   6.4369E+006   1.9966E+006   3.0717E+005   1.5970E+004   1.8123E+002   2.1162E-001   5.0295E-006
 1620975619.46626040    0.9500   2.2399E+008  999.0000   1.1970E+006   1.7371E+006   2.5256E+006   3.6084E+006   5.1065E+006   7.1343E+006   9.7556E+006   1.2868E+007   1.6164E+007   1.8876E+007   1.9798E+007   1.7768E+007   1.2641E+007   6.4369E+006   1.9966E+006   3.0717E+005   1.5970E+004   1.8123E+002   2.1162E-001   5.0295E-006
 1620975622.31977730    0.8100   2.2433E+008  999.0000   1.6475E+006   2.3864E+006   3.4601E+006   4.9239E+006   6.9277E+006   9.5958E+006   1.2956E+007   1.6776E+007   2.0506E+007   2.3008E+007   2.2760E+007   1.8752E+007   1.1756E+007   4.9795E+006   1.1789E+006   1.2273E+005   3.5811E+003   1.7609E+001   6.0753E-003   2.2304E-008
 1620975625.18461180    0.8120   2.2436E+008    6.4400   2.8551E+006   4.1020E+006   5.8758E+006   8.2197E+006   1.1283E+007   1.5086E+007   1.9371E+007   2.3414E+007   2.6090E+007   2.6003E+007   2.2381E+007   1.6016E+007   9.1163E+006   4.0360E+006   1.3595E+006   3.5511E+005   7.1002E+004   1.1573E+004   1.5687E+003   1.6580E+002
 1620975628.02876040    0.8100   2.2433E+008  999.0000   1.6475E+006   2.3864E+006   3.4601E+006   4.9239E+006   6.9277E+006   9.5958E+006   1.2956E+007   1.6776E+007   2.0506E+007   2.3008E+007   2.2760E+007   1.8752E+007   1.1756E+007   4.9795E+006   1.1789E+006   1.2273E+005   3.5811E+003   1.7609E+001   6.0753E-003   2.2304E-008
 1620975630.88227750    0.6800   2.2685E+008  999.0000   2.4044E+006   3.4739E+006   5.0176E+006   7.1013E+006   9.9115E+006   1.3567E+007   1.8001E+007   2.2723E+007   2.6753E+007   2.8407E+007   2.5929E+007   1.8992E+007   1.0006E+007   3.2903E+006   5.3743E+005   3.2733E+004   4.3254E+002   6.7691E-001   4.4189E-005   1.2777E-011
 1620975633.74711180    0.6800   2.2685E+008  999.0000   2.4044E+006   3.4739E+006   5.0176E+006   7.1013E+006   9.9115E+006   1.3567E+007   1.8001E+007   2.2723E+007   2.6753E+007   2.8407E+007   2.5929E+007   1.8992E+007   1.0006E+007   3.2903E+006   5.3743E+005   3.2733E+004   4.3254E+002   6.7691E-001   4.4189E-005   1.2777E-011
 1620975636.59126040    0.6811   2.2687E+008    6.1200   4.3112E+006   6.1635E+006   8.7639E+006   1.2133E+007   1.6408E+007   2.1469E+007   2.6737E+007   3.0981E+007   3.2598E+007   3.0130E+007   2.3599E+007   1.5106E+007   7.5945E+006   2.9688E+006   8.9306E+005   2.1348E+005   4.0277E+004   6.4165E+003   8.7872E+002   9.6821E+001
 1620975639.44126270    0.5908   2.2379E+008    5.8600   5.6424E+006   8.0322E+006   1.1349E+007   1.5572E+007   2.0791E+007   2.6713E+007   3.2425E+007   3.6283E+007   3.6442E+007   3.1739E+007   2.3139E+007   1.3660E+007   6.3097E+006   2.2804E+006   6.4354E+005   1.4755E+005   2.7371E+004   4.3967E+003   6.2096E+002   7.2096E+001
 1620975642.29477210    0.5907   2.2379E+008    6.0400   5.5150E+006   7.8551E+006   1.1108E+007   1.5259E+007   2.0406E+007   2.6277E+007   3.1995E+007   3.5945E+007   3.6280E+007   3.1771E+007   2.3284E+007   1.3794E+007   6.3699E+006   2.2875E+006   6.3625E+005   1.4249E+005   2.5572E+004   3.9412E+003   5.3012E+002   5.8113E+001
 1620975645.15961790    0.5900   2.2378E+008  999.0000   3.0524E+006   4.4011E+006   6.3373E+006   8.9297E+006   1.2383E+007   1.6790E+007   2.1965E+007   2.7163E+007   3.1029E+007   3.1517E+007   2.6960E+007   1.7962E+007   8.2254E+006   2.2061E+006   2.6728E+005   1.0578E+004   7.3979E+001   4.6231E-002   7.9689E-007   3.0418E-014
 1620975648.00376270    0.5120   2.2248E+008    4.7600   8.8760E+006   1.2508E+007   1.7413E+007   2.3404E+007   3.0349E+007   3.7432E+007   4.2977E+007   4.4733E+007   4.1041E+007   3.2158E+007   2.0969E+007   1.1172E+007   4.7881E+006   1.6866E+006   4.9433E+005   1.2612E+005   2.7921E+004   5.6800E+003   1.0691E+003   1.7500E+002
 1620975650.85375740    0.5108   2.2246E+008    5.4400   7.8131E+006   1.1054E+007   1.5476E+007   2.0965E+007   2.7486E+007   3.4416E+007   4.0310E+007   4.3012E+007   4.0620E+007   3.2795E+007   2.1925E+007   1.1818E+007   5.0087E+006   1.6910E+006   4.5810E+005   1.0423E+005   1.9861E+004   3.3819E+003   5.2023E+002   6.7600E+001
 1620975653.70727800    0.4115   2.1101E+008    4.5200   1.2248E+007   1.7101E+007   2.3484E+007   3.0976E+007   3.9120E+007   4.6518E+007   5.0840E+007   4.9676E+007   4.2163E+007   3.0194E+007   1.7893E+007   8.6906E+006   3.4366E+006   1.1411E+006   3.2336E+005   8.1868E+004   1.8419E+004   3.8842E+003   7.7000E+002   1.3482E+002
 1620975656.57212000    0.4107   2.1100E+008    5.0000   1.1003E+007   1.5425E+007   2.1307E+007   2.8330E+007   3.6175E+007   4.3658E+007   4.8633E+007   4.8618E+007   4.2315E+007   3.1032E+007   1.8696E+007   9.1029E+006   3.5336E+006   1.1229E+006   2.9644E+005   6.8227E+004   1.3631E+004   2.5089E+003   4.2788E+002   6.3254E+001
 1620975659.41625740    0.4107   2.1100E+008    4.9600   1.1090E+007   1.5543E+007   2.1461E+007   2.8517E+007   3.6386E+007   4.3865E+007   4.8796E+007   4.8700E+007   4.2306E+007   3.0970E+007   1.8636E+007   9.0717E+006   3.5266E+006   1.1246E+006   2.9857E+005   6.9251E+004   1.3970E+004   2.6003E+003   4.4900E+002   6.7312E+001
 1620975662.26977830    0.3405   1.9326E+008    4.9700   1.2249E+007   1.7089E+007   2.3437E+007   3.0854E+007   3.8851E+007   4.5984E+007   4.9891E+007   4.8201E+007   4.0197E+007   2.8026E+007   1.5973E+007   7.3470E+006   2.7013E+006   8.1904E+005   2.0818E+005   4.6607E+004   9.1377E+003   1.6638E+003   2.8242E+002   4.1756E+001
 1620975665.13461970    0.3414   1.9327E+008    4.3000   1.4392E+007   1.9942E+007   2.7082E+007   3.5176E+007   4.3492E+007   5.0241E+007   5.2859E+007   4.9270E+007   3.9558E+007   2.6667E+007   1.4894E+007   6.8732E+006   2.6190E+006   8.5402E+005   2.4247E+005   6.2661E+004   1.4630E+004   3.2430E+003   6.8272E+002   1.2834E+002
 1620975667.97875740    0.3406   1.9326E+008    4.7900   1.2717E+007   1.7715E+007   2.4242E+007   3.1816E+007   3.9897E+007   4.6962E+007   5.0593E+007   4.8474E+007   4.0064E+007   2.7709E+007   1.5714E+007   7.2333E+006   2.6832E+006   8.2873E+005   2.1674E+005   5.0372E+004   1.0340E+004   1.9833E+003   3.5649E+002   5.6194E+001
 1620975670.82875970    0.2910   1.9054E+008    4.2500   1.8911E+007   2.5957E+007   3.4772E+007   4.4327E+007   5.3407E+007   5.9570E+007   5.9863E+007   5.2722E+007   3.9591E+007   2.4793E+007   1.2849E+007   5.5279E+006   1.9818E+006   6.1611E+005   1.6903E+005   4.2750E+004   9.8704E+003   2.1820E+003   4.6105E+002   8.7445E+001
 1620975673.68226910    0.2927   1.9056E+008    3.7300   2.2773E+007   3.0943E+007   4.0851E+007   5.1079E+007   5.9979E+007   6.4738E+007   6.2540E+007   5.2774E+007   3.8042E+007   2.3098E+007   1.1831E+007   5.1666E+006   1.9401E+006   6.5174E+005   1.9888E+005   5.7242E+004   1.5360E+004   4.0003E+003   1.0074E+003   2.3167E+002
 1620975676.54711480    0.2936   1.9057E+008    3.5900   2.4258E+007   3.2837E+007   4.3124E+007   5.3544E+007   6.2301E+007   6.6471E+007   6.3348E+007   5.2696E+007   3.7485E+007   2.2543E+007   1.1508E+007   5.0498E+006   1.9228E+006   6.6066E+005   2.0780E+005   6.2011E+004   1.7346E+004   4.7254E+003   1.2483E+003   3.0251E+002
 1620975679.39125970    0.2203   1.8388E+008    4.3700   2.7532E+007   3.7223E+007   4.8776E+007   6.0340E+007   6.9759E+007   7.3596E+007   6.8792E+007   5.5425E+007   3.7477E+007   2.0892E+007   9.5958E+006   3.6669E+006   1.1752E+006   3.3031E+005   8.2839E+004   1.9368E+004   4.1654E+003   8.6400E+002   1.7213E+002   3.0815E+001
 1620975682.24476910    0.2251   1.8393E+008    3.1900   4.5447E+007   5.9156E+007   7.3514E+007   8.4921E+007   8.9977E+007   8.5433E+007   7.1034E+007   5.1058E+007   3.1455E+007   1.6679E+007   7.7507E+006   3.2208E+006   1.2106E+006   4.2678E+005   1.4234E+005   4.6194E+004   1.4352E+004   4.4042E+003   1.3253E+003   3.7124E+002
 1620975685.10961480    0.2203   1.8388E+008    4.3800   2.7458E+007   3.7129E+007   4.8665E+007   6.0222E+007   6.9653E+007   7.3525E+007   6.8769E+007   5.5442E+007   3.7510E+007   2.0917E+007   9.6070E+006   3.6691E+006   1.1745E+006   3.2956E+005   8.2466E+004   1.9230E+004   4.1233E+003   8.5253E+002   1.6926E+002   3.0188E+001
 1620975687.95376350    0.2000   1.8686E+008  999.0000   1.4660E+007   2.0617E+007   2.8596E+007   3.8194E+007   4.8970E+007   5.9131E+007   6.5194E+007   6.2829E+007   4.9742E+007   2.9481E+007   1.1487E+007   2.4291E+006   2.0435E+005   4.6878E+003   1.5643E+001   3.5570E-003   1.2934E-008   1.6459E-016   5.5490E-028   2.1663E-045
 1620975690.80728030    0.2011   1.8688E+008    3.6900   4.3187E+007   5.6822E+007   7.1649E+007   8.4264E+007   9.1195E+007   8.8580E+007   7.5157E+007   5.4650E+007   3.3533E+007   1.7319E+007   7.6367E+006   2.9308E+006   9.9083E+005   3.0764E+005   8.8761E+004   2.4624E+004   6.4605E+003   1.6637E+003   4.1759E+002   9.6299E+001
 1620975693.67211480    0.1632   1.9006E+008    3.1200   9.0028E+007   1.1127E+008   1.2878E+008   1.3594E+008   1.2874E+008   1.0698E+008   7.6713E+007   4.7424E+007   2.5315E+007   1.1838E+007   4.9718E+006   1.9159E+006   6.8355E+005   2.3353E+005   7.6701E+004   2.4814E+004   7.7544E+003   2.4088E+003   7.3713E+002   2.1089E+002
 1620975696.51625970    0.1608   1.9003E+008    3.6100   6.9085E+007   8.8117E+007   1.0638E+008   1.1823E+008   1.1897E+008   1.0561E+008   8.0700E+007   5.2453E+007   2.8769E+007   1.3404E+007   5.4217E+006   1.9477E+006   6.2882E+005   1.8999E+005   5.4166E+004   1.5026E+004   3.9780E+003   1.0404E+003   2.6649E+002   6.3000E+001
 1620975699.36625430    0.1605   1.9003E+008    3.7500   6.5196E+007   8.3674E+007   1.0187E+008   1.1442E+008   1.1662E+008   1.0502E+008   8.1418E+007   5.3556E+007   2.9577E+007   1.3773E+007   5.5192E+006   1.9468E+006   6.1194E+005   1.7879E+005   4.9013E+004   1.3025E+004   3.2909E+003   8.1984E+002   1.9966E+002   4.4708E+001
 1620975702.21977520    0.1400   1.8633E+008  999.0000   2.8549E+007   3.9439E+007   5.3257E+007   6.8466E+007   8.2999E+007   9.2262E+007   9.0026E+007   7.2616E+007   4.4260E+007   1.7868E+007   3.9773E+006   3.7202E+005   9.4121E+003   3.7998E+001   1.0151E-002   6.3086E-008   1.2410E-015   1.0233E-026   1.1942E-042   1.7120E-066
 1620975705.08461690    0.1403   1.8633E+008    3.8300   7.5306E+007   9.5559E+007   1.1450E+008   1.2595E+008   1.2493E+008   1.0874E+008   8.0929E+007   5.0864E+007   2.6756E+007   1.1858E+007   4.5293E+006   1.5267E+006   4.5972E+005   1.2907E+005   3.4078E+004   8.7418E+003   2.1340E+003   5.1429E+002   1.2123E+002   2.6248E+001
 1620975707.92875430    0.1403   1.8633E+008    3.7900   7.6422E+007   9.6809E+007   1.1573E+008   1.2693E+008   1.2547E+008   1.0880E+008   8.0675E+007   5.0558E+007   2.6558E+007   1.1780E+007   4.5140E+006   1.5303E+006   4.6455E+005   1.3173E+005   3.5180E+004   9.1377E+003   2.2609E+003   5.5255E+002   1.3215E+002   2.9060E+001
 1620975710.78227520    0.1214   1.7382E+008    3.2000   1.0829E+008   1.3043E+008   1.4574E+008   1.4725E+008   1.3215E+008   1.0312E+008   6.8996E+007   3.9729E+007   1.9781E+007   8.6654E+006   3.4302E+006   1.2536E+006   4.2633E+005   1.3951E+005   4.4040E+004   1.3734E+004   4.1432E+003   1.2443E+003   3.6843E+002   1.0189E+002
 1620975713.64711690    0.1211   1.7382E+008    3.3100   1.0164E+008   1.2358E+008   1.3980E+008   1.4331E+008   1.3073E+008   1.0372E+008   7.0419E+007   4.0950E+007   2.0454E+007   8.9187E+006   3.4866E+006   1.2496E+006   4.1422E+005   1.3153E+005   4.0144E+004   1.2078E+004   3.5067E+003   1.0125E+003   2.8793E+002   7.6260E+001
 1620975716.49125430    0.1200   1.7381E+008  999.0000   3.1186E+007   4.2853E+007   5.7412E+007   7.2977E+007   8.7010E+007   9.4380E+007   8.8821E+007   6.7966E+007   3.8340E+007   1.3816E+007   2.6061E+006   1.9156E+005   3.3998E+003   8.2286E+000   1.0472E-003   2.2706E-009   9.7864E-018   9.7040E-030   6.0469E-047   1.3539E-072
 1620975719.34125660    0.1100   1.8155E+008  999.0000   4.1482E+007   5.6487E+007   7.4653E+007   9.3062E+007   1.0784E+008   1.1214E+008   9.9173E+007   6.9316E+007   3.4229E+007   1.0147E+007   1.4403E+006   6.9994E+004   6.7627E+002   6.8118E-001   2.4385E-005   8.7674E-012   2.8590E-021   7.8697E-035   3.5636E-054   7.8444E-083
 1620975722.19476600    0.1109   1.8156E+008    3.3000   1.3115E+008   1.5569E+008   1.7058E+008   1.6814E+008   1.4636E+008   1.1013E+008   7.0724E+007   3.8981E+007   1.8550E+007   7.7661E+006   2.9407E+006   1.0293E+006   3.3548E+005   1.0536E+005   3.1937E+004   9.5740E+003   2.7759E+003   8.0173E+002   2.2829E+002   6.0603E+001
 1620975725.05961180    0.1100   1.8155E+008  999.0000   4.1482E+007   5.6487E+007   7.4653E+007   9.3062E+007   1.0784E+008   1.1214E+008   9.9173E+007   6.9316E+007   3.4229E+007   1.0147E+007   1.4403E+006   6.9994E+004   6.7627E+002   6.8118E-001   2.4385E-005   8.7674E-012   2.8590E-021   7.8697E-035   3.5636E-054   7.8444E-083
 1620975727.90376040    0.1000   1.7235E+008  999.0000   4.2641E+007   5.7874E+007   7.6109E+007   9.4213E+007   1.0805E+008   1.1067E+008   9.5693E+007   6.4730E+007   3.0465E+007   8.4161E+006   1.0780E+006   4.5124E+004   3.5013E+002   2.5717E-001   5.8335E-006   1.1004E-012   1.4244E-022   1.0929E-036   8.6430E-057   1.6678E-086
 1620975730.75728130    0.1004   1.7236E+008    3.4900   1.2164E+008   1.4546E+008   1.6080E+008   1.6005E+008   1.4064E+008   1.0658E+008   6.8571E+007   3.7565E+007   1.7593E+007   7.1711E+006   2.6173E+006   8.7527E+005   2.7049E+005   8.0116E+004   2.2806E+004   6.4046E+003   1.7342E+003   4.6723E+002   1.2393E+002   3.0510E+001
 1620975733.62212300    0.0900   1.5815E+008  999.0000   4.0545E+007   5.4946E+007   7.2094E+007   8.8953E+007   1.0153E+008   1.0326E+008   8.8366E+007   5.8876E+007   2.7101E+007   7.2467E+006   8.8521E+005   3.4583E+004   2.4248E+002   1.5393E-001   2.8286E-006   3.9628E-013   3.3514E-023   1.4290E-037   5.0734E-058   3.2143E-088
 1620975736.46626040    0.0900   1.5815E+008  999.0000   4.0545E+007   5.4946E+007   7.2094E+007   8.8953E+007   1.0153E+008   1.0326E+008   8.8366E+007   5.8876E+007   2.7101E+007   7.2467E+006   8.8521E+005   3.4583E+004   2.4248E+002   1.5393E-001   2.8286E-006   3.9628E-013   3.3514E-023   1.4290E-037   5.0734E-058   3.2143E-088
 1620975739.31626270    0.0900   1.5815E+008  999.0000   4.0545E+007   5.4946E+007   7.2094E+007   8.8953E+007   1.0153E+008   1.0326E+008   8.8366E+007   5.8876E+007   2.7101E+007   7.2467E+006   8.8521E+005   3.4583E+004   2.4248E+002   1.5393E-001   2.8286E-006   3.9628E-013   3.3514E-023   1.4290E-037   5.0734E-058   3.2143E-088
 1620975742.16977210    0.0800   1.5303E+008  999.0000   4.5794E+007   6.1627E+007   8.0017E+007   9.7259E+007   1.0860E+008   1.0692E+008   8.7224E+007   5.4202E+007   2.2521E+007   5.1827E+006   5.0881E+005   1.4469E+004   6.3649E+001   2.0663E-002   1.4432E-007   5.1665E-015   6.2268E-026   1.8169E-041   1.6911E-063   6.9537E-096
 1620975745.03461770    0.0800   1.5303E+008  999.0000   4.5794E+007   6.1627E+007   8.0017E+007   9.7259E+007   1.0860E+008   1.0692E+008   8.7224E+007   5.4202E+007   2.2521E+007   5.1827E+006   5.0881E+005   1.4469E+004   6.3649E+001   2.0663E-002   1.4432E-007   5.1665E-015   6.2268E-026   1.8169E-041   1.6911E-063   6.9537E-096
 1620975747.87876270    0.0800   1.5303E+008  999.0000   4.5794E+007   6.1627E+007   8.0017E+007   9.7259E+007   1.0860E+008   1.0692E+008   8.7224E+007   5.4202E+007   2.2521E+007   5.1827E+006   5.0881E+005   1.4469E+004   6.3649E+001   2.0663E-002   1.4432E-007   5.1665E-015   6.2268E-026   1.8169E-041   1.6911E-063   6.9537E-096
 1620975750.73227210    0.0700   1.4480E+008  999.0000   4.9919E+007   6.6708E+007   8.5709E+007   1.0263E+008   1.1210E+008   1.0685E+008   8.3086E+007   4.8152E+007   1.8061E+007   3.5769E+006   2.8226E+005   5.8443E+003   1.6144E+001   2.6856E-003   7.1613E-009   6.6125E-017   1.1585E-028   2.4064E-045   6.3352E-069   1.9587E-103
 1620975753.59711790    0.0700   1.4480E+008  999.0000   4.9919E+007   6.6708E+007   8.5709E+007   1.0263E+008   1.1210E+008   1.0685E+008   8.3086E+007   4.8152E+007   1.8061E+007   3.5769E+006   2.8226E+005   5.8443E+003   1.6144E+001   2.6856E-003   7.1613E-009   6.6125E-017   1.1585E-028   2.4064E-045   6.3352E-069   1.9587E-103
 1620975756.44126270    0.0705   1.4481E+008    3.2500   1.5041E+008   1.6969E+008   1.7393E+008   1.5840E+008   1.2587E+008   8.5822E+007   4.9942E+007   2.5164E+007   1.1099E+007   4.3788E+006   1.5895E+006   5.4139E+005   1.7384E+005   5.4307E+004   1.6494E+004   4.9794E+003   1.4595E+003   4.2721E+002   1.2352E+002   3.3368E+001
 1620975759.29125740    0.0703   1.3821E+008    3.4600   1.2164E+008   1.4140E+008   1.5055E+008   1.4317E+008   1.1922E+008   8.5107E+007   5.1486E+007   2.6621E+007   1.1853E+007   4.6386E+006   1.6429E+006   5.3839E+005   1.6437E+005   4.8417E+004   1.3775E+004   3.8799E+003   1.0565E+003   2.8677E+002   7.6732E+001   1.9083E+001
 1620975762.14477830    0.0706   1.3822E+008    3.1900   1.3853E+008   1.5684E+008   1.6155E+008   1.4808E+008   1.1864E+008   8.1750E+007   4.8183E+007   2.4640E+007   1.1051E+007   4.4406E+006   1.6437E+006   5.7146E+005   1.8746E+005   5.9852E+004   1.8586E+004   5.7372E+003   1.7203E+003   5.1515E+002   1.5241E+002   4.2178E+001
 1620975765.00976630    0.0700   1.3821E+008  999.0000   4.3801E+007   5.8781E+007   7.6006E+007   9.1838E+007   1.0166E+008   9.8815E+007   7.9099E+007   4.7817E+007   1.9081E+007   4.1381E+006   3.7266E+005   9.3482E+003   3.4214E+001   8.5266E-003   4.0687E-008   8.5175E-016   4.7801E-027   4.8872E-043   1.1021E-065   6.4510E-099
