          0.00000000    0.0000   0.0000E+000    0.0000   3.0000E-002   4.4000E-002   6.5000E-002   9.5000E-002   1.3900E-001   2.0400E-001   3.0000E-001   4.4000E-001   6.4600E-001   9.4900E-001   1.3920E+000   2.0400E+000   3.0000E+000   4.4000E+000   6.4600E+000   9.4500E+000   1.3900E+001   2.0400E+001   3.0000E+001   4.5000E+001
 1620936502.43207030    0.0100   2.0484E+006  999.0000   8.2879E+003   1.2044E+004   1.7548E+004   2.5146E+004   3.5742E+004   5.0258E+004   6.9383E+004   9.2804E+004   1.1898E+005   1.4319E+005   1.5693E+005   1.5019E+005   1.1752E+005   6.8723E+004   2.6120E+004   5.3916E+003   4.3316E+002   9.2363E+000   2.7096E-002   2.6512E-006
 1620936505.29691170    0.0107   2.0577E+006    3.6700   2.4714E+004   3.5399E+004   5.0478E+004   7.0175E+004   9.5505E+004   1.2620E+005   1.5960E+005   1.8945E+005   2.0711E+005   2.0345E+005   1.7525E+005   1.2969E+005   8.0877E+004   4.2673E+004   1.9124E+004   7.4986E+003   2.5736E+003   8.0855E+002   2.3489E+002   6.0480E+001
 1620936508.14104940    0.0106   2.0562E+006    3.8700   2.2984E+004   3.2964E+004   4.7096E+004   6.5651E+004   8.9689E+004   1.1915E+005   1.5180E+005   1.8193E+005   2.0133E+005   2.0063E+005   1.7550E+005   1.3171E+005   8.2944E+004   4.3854E+004   1.9488E+004   7.4894E+003   2.4889E+003   7.4916E+002   2.0661E+002   4.9993E+001
 1620936510.99105170    0.0207   2.8913E+006    5.6800   1.0640E+004   1.5429E+004   2.2409E+004   3.1969E+004   4.5152E+004   6.2919E+004   8.5771E+004   1.1280E+005   1.4150E+005   1.6601E+005   1.7758E+005   1.6820E+005   1.3598E+005   9.0832E+004   4.8515E+004   2.0547E+004   6.7330E+003   1.7660E+003   3.7578E+002   6.1691E+001
 1620936513.84104630    0.0207   2.8913E+006    5.6800   1.0640E+004   1.5429E+004   2.2409E+004   3.1969E+004   4.5152E+004   6.2919E+004   8.5771E+004   1.1280E+005   1.4150E+005   1.6601E+005   1.7758E+005   1.6820E+005   1.3598E+005   9.0832E+004   4.8515E+004   2.0547E+004   6.7330E+003   1.7660E+003   3.7578E+002   6.1691E+001
 1620936516.69105240    0.0207   2.8926E+006    5.4600   1.0936E+004   1.5855E+004   2.3018E+004   3.2819E+004   4.6314E+004   6.4460E+004   8.7721E+004   1.1509E+005   1.4391E+005   1.6811E+005   1.7887E+005   1.6838E+005   1.3528E+005   8.9938E+004   4.7991E+004   2.0438E+004   6.7970E+003   1.8290E+003   4.0395E+002   6.9766E+001
 1620936519.54105470    0.0208   3.6388E+006    4.4800   2.6593E+004   3.8339E+004   5.5203E+004   7.7793E+004   1.0795E+005   1.4663E+005   1.9271E+005   2.4090E+005   2.8185E+005   3.0137E+005   2.8651E+005   2.3551E+005   1.6228E+005   9.2425E+004   4.3009E+004   1.6650E+004   5.3357E+003   1.4842E+003   3.6396E+002   7.5251E+001
 1620936522.39104940    0.0208   3.6378E+006    4.5800   2.6024E+004   3.7531E+004   5.4063E+004   7.6235E+004   1.0588E+005   1.4400E+005   1.8961E+005   2.3760E+005   2.7889E+005   2.9939E+005   2.8595E+005   2.3616E+005   1.6337E+005   9.3215E+004   4.3300E+004   1.6655E+004   5.2733E+003   1.4415E+003   3.4563E+002   6.9475E+001
 1620936525.24105550    0.0207   3.6374E+006    4.6400   2.5689E+004   3.7053E+004   5.3389E+004   7.5313E+004   1.0465E+005   1.4245E+005   1.8776E+005   2.3561E+005   2.7708E+005   2.9816E+005   2.8556E+005   2.3651E+005   1.6402E+005   9.3698E+004   4.3488E+004   1.6666E+004   5.2404E+003   1.4180E+003   3.3549E+002   6.6321E+001
 1620936528.09105780    0.0305   6.5622E+006    4.9800   6.3704E+004   9.1657E+004   1.3157E+005   1.8463E+005   2.5460E+005   3.4272E+005   4.4459E+005   5.4556E+005   6.2189E+005   6.4134E+005   5.8076E+005   4.4787E+005   2.8433E+005   1.4653E+005   6.0567E+004   2.0509E+004   5.6561E+003   1.3396E+003   2.7700E+002   4.7531E+001
 1620936530.94105240    0.0306   6.5629E+006    4.8500   6.5348E+004   9.3984E+004   1.3484E+005   1.8905E+005   2.6039E+005   3.4991E+005   4.5286E+005   5.5396E+005   6.2887E+005   6.4527E+005   5.8102E+005   4.4557E+005   2.8167E+005   1.4500E+005   6.0165E+004   2.0579E+004   5.7745E+003   1.4011E+003   2.9870E+002   5.3223E+001
 1620936533.79105470    0.0306   6.5636E+006    4.7800   6.6229E+004   9.5231E+004   1.3658E+005   1.9141E+005   2.6347E+005   3.5373E+005   4.5721E+005   5.5833E+005   6.3243E+005   6.4718E+005   5.8099E+005   4.4427E+005   2.8027E+005   1.4424E+005   5.9994E+004   2.0641E+004   5.8485E+003   1.4382E+003   3.1179E+002   5.6709E+001
 1620936536.64104940    0.0204   7.0598E+006    3.8900   2.3891E+005   3.3692E+005   4.6953E+005   6.3214E+005   8.2200E+005   1.0186E+006   1.1786E+006   1.2431E+006   1.1659E+006   9.4721E+005   6.5343E+005   3.7838E+005   1.8239E+005   7.4872E+004   2.6534E+004   8.4423E+003   2.4055E+003   6.4327E+002   1.6217E+002   3.6597E+001
 1620936539.49105170    0.0203   7.0586E+006    4.0700   2.2431E+005   3.1691E+005   4.4285E+005   5.9845E+005   7.8222E+005   9.7614E+005   1.1401E+006   1.2163E+006   1.1561E+006   9.5229E+005   6.6493E+005   3.8793E+005   1.8697E+005   7.5996E+004   2.6378E+004   8.1368E+003   2.2260E+003   5.6732E+002   1.3547E+002   2.8736E+001
 1620936542.34104630    0.0205   7.0606E+006    3.7900   2.4821E+005   3.4962E+005   4.8641E+005   6.5335E+005   8.4684E+005   1.0448E+006   1.2020E+006   1.2589E+006   1.1713E+006   9.4375E+005   6.4643E+005   3.7274E+005   1.7971E+005   7.4213E+004   2.6620E+004   8.6214E+003   2.5140E+003   6.9078E+002   1.7954E+002   4.1943E+001
 1620936545.19456720    0.0204   1.9487E+007    3.2000   6.2676E+006   8.0137E+006   9.7140E+006   1.0867E+007   1.1053E+007   9.9835E+006   7.8372E+006   5.2992E+006   3.0709E+006   1.5379E+006   6.7998E+005   2.7112E+005   9.8557E+004   3.3860E+004   1.1070E+004   3.5383E+003   1.0862E+003   3.3016E+002   9.8579E+001   2.7425E+001
 1620936548.05941250    0.0207   1.9490E+007    2.9900   7.2595E+006   9.1361E+006   1.0841E+007   1.1814E+007   1.1647E+007   1.0163E+007   7.7096E+006   5.0656E+006   2.8817E+006   1.4366E+006   6.4216E+005   2.6279E+005   9.9396E+004   3.5913E+004   1.2455E+004   4.2471E+003   1.3987E+003   4.5743E+002   1.4734E+002   4.4470E+001
 1620936550.90355780    0.0306   8.4237E+006    4.2400   1.6089E+005   2.2936E+005   3.2476E+005   4.4702E+005   5.9973E+005   7.7632E+005   9.5349E+005   1.0869E+006   1.1244E+006   1.0264E+006   8.0492E+005   5.3051E+005   2.8791E+005   1.2971E+005   4.8791E+004   1.5880E+004   4.4687E+003   1.1446E+003   2.6955E+002   5.5468E+001
 1620936553.75355240    0.0309   8.4269E+006    3.9400   1.7701E+005   2.5177E+005   3.5536E+005   4.8696E+005   6.4921E+005   8.3308E+005   1.0112E+006   1.1355E+006   1.1533E+006   1.0312E+006   7.9251E+005   5.1402E+005   2.7699E+005   1.2562E+005   4.8370E+004   1.6396E+004   4.8894E+003   1.3460E+003   3.4483E+002   7.8280E+001
 1620936556.60355470    0.0309   8.4268E+006    3.9700   1.7502E+005   2.4902E+005   3.5160E+005   4.8206E+005   6.4316E+005   8.2616E+005   1.0042E+006   1.1296E+006   1.1498E+006   1.0306E+006   7.9389E+005   5.1591E+005   2.7827E+005   1.2613E+005   4.8459E+004   1.6360E+004   4.8504E+003   1.3257E+003   3.3675E+002   7.5697E+001
 1620936559.45354940    0.0508   1.6021E+007    4.2100   4.0234E+005   5.7107E+005   8.0345E+005   1.0961E+006   1.4519E+006   1.8459E+006   2.2113E+006   2.4384E+006   2.4162E+006   2.0908E+006   1.5409E+006   9.4911E+005   4.8062E+005   2.0303E+005   7.2228E+004   2.2490E+004   6.1224E+003   1.5336E+003   3.5629E+002   7.2831E+001
 1620936562.30355170    0.0508   1.6020E+007    4.2400   3.9891E+005   5.6632E+005   7.9703E+005   1.0878E+006   1.4418E+006   1.8347E+006   2.2005E+006   2.4300E+006   2.4120E+006   2.0912E+006   1.5439E+006   9.5217E+005   4.8229E+005   2.0349E+005   7.2184E+004   2.2374E+004   6.0530E+003   1.5048E+003   3.4657E+002   7.0137E+001
 1620936565.15354630    0.0505   1.6017E+007    4.5300   3.6876E+005   5.2454E+005   7.4034E+005   1.0144E+006   1.3521E+006   1.7338E+006   2.1011E+006   2.3510E+006   2.3710E+006   2.0920E+006   1.5705E+006   9.8046E+005   4.9825E+005   2.0816E+005   7.1958E+004   2.1386E+004   5.4577E+003   1.2632E+003   2.6784E+002   4.9245E+001
 1620936568.00355240    0.0600   2.0424E+007  999.0000   2.2522E+005   3.2531E+005   4.6966E+005   6.6426E+005   9.2624E+005   1.2661E+006   1.6763E+006   2.1096E+006   2.4726E+006   2.6082E+006   2.3578E+006   1.7029E+006   8.7862E+005   2.8030E+005   4.3793E+004   2.5016E+003   3.0068E+001   4.1040E-002   2.1966E-006   4.6941E-013
 1620936570.85355470    0.0605   2.0431E+007    4.6600   5.1438E+005   7.3084E+005   1.0298E+006   1.4076E+006   1.8697E+006   2.3856E+006   2.8708E+006   3.1812E+006   3.1663E+006   2.7454E+006   2.0159E+006   1.2247E+006   6.0251E+005   2.4266E+005   8.0557E+004   2.2937E+004   5.5929E+003   1.2353E+003   2.4966E+002   4.3611E+001
 1620936573.70315840    0.0600   2.0424E+007  999.0000   2.2522E+005   3.2531E+005   4.6966E+005   6.6426E+005   9.2624E+005   1.2661E+006   1.6763E+006   2.1096E+006   2.4726E+006   2.6082E+006   2.3578E+006   1.7029E+006   8.7862E+005   2.8030E+005   4.3793E+004   2.5016E+003   3.0068E+001   4.1040E-002   2.1966E-006   4.6941E-013
 1620936576.54769040    0.0900   2.8035E+007  999.0000   2.5961E+005   3.7546E+005   5.4312E+005   7.7030E+005   1.0785E+006   1.4831E+006   1.9813E+006   2.5260E+006   3.0178E+006   3.2740E+006   3.0837E+006   2.3648E+006   1.3333E+006   4.8395E+005   9.1358E+004   6.8577E+003   1.2339E+002   3.0159E-001   3.7633E-005   2.9216E-011
 1620936579.40355780    0.0906   2.8044E+007    5.0400   5.4749E+005   7.8138E+005   1.1083E+006   1.5291E+006   2.0581E+006   2.6753E+006   3.3032E+006   3.7872E+006   3.9379E+006   3.6007E+006   2.8061E+006   1.8112E+006   9.4062E+005   3.9345E+005   1.3255E+005   3.7274E+004   8.7283E+003   1.8059E+003   3.3459E+002   5.2399E+001
 1620936582.25706720    0.0909   2.8048E+007    4.6400   5.9540E+005   8.4816E+005   1.1997E+006   1.6488E+006   2.2070E+006   2.8471E+006   3.4788E+006   3.9353E+006   4.0245E+006   3.6110E+006   2.7619E+006   1.7569E+006   9.0770E+005   3.8357E+005   1.3316E+005   3.9421E+004   9.9388E+003   2.2562E+003   4.6633E+002   8.3043E+001
 1620936585.12190890    0.1113   3.4980E+007    4.5000   7.9973E+005   1.1376E+006   1.6058E+006   2.2005E+006   2.9333E+006   3.7622E+006   4.5608E+006   5.1059E+006   5.1534E+006   4.5525E+006   3.4239E+006   2.1430E+006   1.0930E+006   4.5881E+005   1.5956E+005   4.7758E+004   1.2289E+004   2.8701E+003   6.1454E+002   1.1422E+002
 1620936587.96604630    0.1113   3.4981E+007    4.4600   8.0769E+005   1.1487E+006   1.6208E+006   2.2199E+006   2.9572E+006   3.7893E+006   4.5876E+006   5.1274E+006   5.1648E+006   4.5524E+006   3.4165E+006   2.1351E+006   1.0885E+006   4.5756E+005   1.5968E+005   4.8069E+004   1.2467E+004   2.9404E+003   6.3678E+002   1.1993E+002
 1620936590.81605240    0.1108   3.4974E+007    4.8400   7.3943E+005   1.0538E+006   1.4915E+006   2.0516E+006   2.7494E+006   3.5525E+006   4.3498E+006   4.9326E+006   5.0574E+006   4.5472E+006   3.4791E+006   2.2061E+006   1.1297E+006   4.6950E+005   1.5882E+005   4.5394E+004   1.0943E+004   2.3568E+003   4.5903E+002   7.6383E+001
 1620936593.66605470    0.1408   4.0476E+007    5.3600   6.4456E+005   9.2278E+005   1.3149E+006   1.8259E+006   2.4801E+006   3.2664E+006   4.1073E+006   4.8264E+006   5.1830E+006   4.9346E+006   4.0315E+006   2.7373E+006   1.4928E+006   6.4925E+005   2.2369E+005   6.2957E+004   1.4412E+004   2.8506E+003   4.9500E+002   7.1187E+001
 1620936596.51604940    0.1434   4.0511E+007    4.0600   8.6828E+005   1.2351E+006   1.7432E+006   2.3888E+006   3.1847E+006   4.0861E+006   4.9584E+006   5.5639E+006   5.6429E+006   5.0317E+006   3.8480E+006   2.4759E+006   1.3179E+006   5.8751E+005   2.2121E+005   7.2971E+004   2.1074E+004   5.5987E+003   1.3798E+003   3.0002E+002
 1620936599.36605550    0.1835   4.7718E+007    4.4200   7.7277E+005   1.1045E+006   1.5701E+006   2.1730E+006   2.9381E+006   3.8452E+006   4.7951E+006   5.5776E+006   5.9223E+006   5.5810E+006   4.5381E+006   3.1056E+006   1.7454E+006   8.0779E+005   3.0848E+005   1.0049E+005   2.7896E+004   6.9567E+003   1.5771E+003   3.0890E+002
 1620936602.21605780    0.1813   4.7689E+007    5.3400   6.4059E+005   9.1892E+005   1.3132E+006   1.8312E+006   2.5022E+006   3.3239E+006   4.2309E+006   5.0558E+006   5.5549E+006   5.4501E+006   4.6241E+006   3.2847E+006   1.8859E+006   8.6580E+005   3.1471E+005   9.3041E+004   2.2253E+004   4.5659E+003   8.1718E+002   1.2057E+002
 1620936605.06605240    0.1822   4.7701E+007    4.8500   7.0036E+005   1.0030E+006   1.4299E+006   1.9869E+006   2.7018E+006   3.5644E+006   4.4938E+006   5.3027E+006   5.7332E+006   5.5181E+006   4.5870E+006   3.1993E+006   1.8172E+006   8.3728E+005   3.1187E+005   9.6841E+004   2.5002E+004   5.6759E+003   1.1494E+003   1.9681E+002
 1620936607.91605470    0.2460   5.5833E+007    4.4300   6.9152E+005   9.9166E+005   1.4166E+006   1.9741E+006   2.6955E+006   3.5778E+006   4.5508E+006   5.4380E+006   5.9855E+006   5.9073E+006   5.0816E+006   3.7100E+006   2.2372E+006   1.1106E+006   4.5280E+005   1.5602E+005   4.5365E+004   1.1719E+004   2.7262E+003   5.4398E+002
 1620936610.76604940    0.2427   5.5791E+007    5.3000   5.8000E+005   8.3421E+005   1.1969E+006   1.6783E+006   2.3120E+006   3.1072E+006   4.0211E+006   4.9170E+006   5.5751E+006   5.7038E+006   5.1042E+006   3.8683E+006   2.3944E+006   1.1916E+006   4.7001E+005   1.5005E+005   3.8489E+004   8.3845E+003   1.5782E+003   2.4323E+002
 1620936613.61605170    0.2411   5.5766E+007    6.4600   4.9991E+005   7.2066E+005   1.0375E+006   1.4617E+006   2.0272E+006   2.7510E+006   3.6089E+006   4.4945E+006   5.2205E+006   5.5039E+006   5.0968E+006   3.9961E+006   2.5376E+006   1.2681E+006   4.8452E+005   1.4273E+005   3.1833E+004   5.6813E+003   8.2726E+002   9.2412E+001
 1620936616.46604630    0.3332   6.8097E+007    5.9200   5.1057E+005   7.3689E+005   1.0627E+006   1.5009E+006   2.0892E+006   2.8502E+006   3.7681E+006   4.7452E+006   5.6003E+006   6.0393E+006   5.7712E+006   4.7235E+006   3.1785E+006   1.7117E+006   7.1849E+005   2.3691E+005   6.0378E+004   1.2518E+004   2.1503E+003   2.8939E+002
 1620936619.31956720    0.3343   6.8112E+007    5.5400   5.3682E+005   7.7424E+005   1.1154E+006   1.5731E+006   2.1852E+006   2.9724E+006   3.9132E+006   4.9001E+006   5.7395E+006   6.1306E+006   5.7934E+006   4.6869E+006   3.1233E+006   1.6756E+006   7.0816E+005   2.3867E+005   6.3368E+004   1.3959E+004   2.5971E+003   3.8697E+002
 1620936622.18441250    0.3362   6.8138E+007    5.0600   5.7950E+005   8.3489E+005   1.2009E+006   1.6897E+006   2.3395E+006   3.1674E+006   4.1428E+006   5.1417E+006   5.9524E+006   6.2651E+006   5.8208E+006   4.6282E+006   3.0408E+006   1.6228E+006   6.9276E+005   2.4077E+005   6.7612E+004   1.6154E+004   3.3398E+003   5.6826E+002
 1620936625.02855780    0.4856   8.6212E+007    6.3400   4.6532E+005   6.7338E+005   9.7501E+005   1.3849E+006   1.9436E+006   2.6832E+006   3.6083E+006   4.6542E+006   5.6789E+006   6.4070E+006   6.4939E+006   5.7195E+006   4.1985E+006   2.4830E+006   1.1425E+006   4.0696E+005   1.0940E+005   2.3151E+004   3.9188E+003   5.0093E+002
 1620936627.87994530    0.4818   8.6153E+007    8.7800   3.9155E+005   5.6769E+005   8.2427E+005   1.1754E+006   1.6590E+006   2.3092E+006   3.1420E+006   4.1191E+006   5.1390E+006   5.9706E+006   6.2759E+006   5.7608E+006   4.4033E+006   2.6731E+006   1.2200E+006   4.0600E+005   9.3253E+004   1.5125E+004   1.7374E+003   1.3015E+002
 1620936630.73273230    0.4819   8.6154E+007    8.7200   3.9269E+005   5.6933E+005   8.2661E+005   1.1787E+006   1.6634E+006   2.3150E+006   3.1494E+006   4.1277E+006   5.1479E+006   5.9780E+006   6.2798E+006   5.7603E+006   4.3998E+006   2.6698E+006   1.2186E+006   4.0608E+005   9.3571E+004   1.5262E+004   1.7680E+003   1.3405E+002
 1620936633.57854940    0.6430   1.0466E+008    5.7800   5.1127E+005   7.4016E+005   1.0723E+006   1.5243E+006   2.1417E+006   2.9620E+006   3.9937E+006   5.1711E+006   6.3459E+006   7.2212E+006   7.4127E+006   6.6526E+006   5.0215E+006   3.0908E+006   1.5042E+006   5.7741E+005   1.7115E+005   4.0812E+004   7.9553E+003   1.2031E+003
 1620936636.42855170    0.6482   1.0474E+008    5.2600   5.4871E+005   7.9372E+005   1.1485E+006   1.6299E+006   2.2845E+006   3.1484E+006   4.2240E+006   5.4320E+006   6.6046E+006   7.4258E+006   7.5124E+006   6.6340E+006   4.9311E+006   3.0054E+006   1.4651E+006   5.7354E+005   1.7762E+005   4.5450E+004   9.7695E+003   1.6810E+003
 1620936639.27854630    0.6416   1.0464E+008    5.9800   4.9928E+005   7.2298E+005   1.0478E+006   1.4903E+006   2.0957E+006   2.9016E+006   3.9186E+006   5.0853E+006   6.2596E+006   7.1513E+006   7.3769E+006   6.6568E+006   5.0513E+006   3.1203E+006   1.5180E+006   5.7882E+005   1.6893E+005   3.9270E+004   7.3846E+003   1.0644E+003
 1620936642.12855240    0.8910   1.3777E+008    7.2000   5.2094E+005   7.5576E+005   1.0984E+006   1.5684E+006   2.2181E+006   3.0967E+006   4.2323E+006   5.5849E+006   7.0361E+006   8.2946E+006   8.9106E+006   8.4501E+006   6.7848E+006   4.4293E+006   2.2480E+006   8.6809E+005   2.4485E+005   5.1794E+004   8.2821E+003   9.3761E+002
 1620936644.97855470    0.8877   1.3772E+008    8.0600   4.9258E+005   7.1499E+005   1.0399E+006   1.4866E+006   2.1058E+006   2.9468E+006   4.0409E+006   5.3573E+006   6.7931E+006   8.0779E+006   8.7738E+006   8.4292E+006   6.8611E+006   4.5271E+006   2.3017E+006   8.7528E+005   2.3653E+005   4.6259E+004   6.5587E+003   6.2514E+002
 1620936647.82854940    1.1170   1.5657E+008   10.7600   4.0537E+005   5.8956E+005   8.6001E+005   1.2345E+006   1.7592E+006   2.4835E+006   3.4494E+006   4.6569E+006   6.0588E+006   7.4678E+006   8.5138E+006   8.7124E+006   7.6730E+006   5.5342E+006   3.0735E+006   1.2478E+006   3.4161E+005   6.1952E+004   7.2196E+003   4.8176E+002
 1620936650.67855550    1.1224   1.5665E+008    8.6200   4.3982E+005   6.3925E+005   9.3159E+005   1.3354E+006   1.8992E+006   2.6734E+006   3.6975E+006   4.9623E+006   6.4029E+006   7.8029E+006   8.7649E+006   8.8068E+006   7.5981E+006   5.3796E+006   2.9633E+006   1.2225E+006   3.5562E+005   7.3238E+004   1.0586E+004   9.8692E+002
 1620936653.53207250    1.1182   1.5659E+008   10.1400   4.1347E+005   6.0124E+005   8.7684E+005   1.2582E+006   1.7922E+006   2.5284E+006   3.5081E+006   4.7295E+006   6.1412E+006   7.5487E+006   8.5754E+006   8.7365E+006   7.6556E+006   5.4964E+006   3.0461E+006   1.2416E+006   3.4524E+005   6.4728E+004   7.9896E+003   5.8390E+002
 1620936656.39690660    1.2359   1.7308E+008    6.6600   5.6512E+005   8.2036E+005   1.1934E+006   1.7063E+006   2.4177E+006   3.3848E+006   4.6451E+006   6.1663E+006   7.8359E+006   9.3534E+006   1.0228E+007   9.9446E+006   8.2696E+006   5.6607E+006   3.0598E+006   1.2803E+006   3.9951E+005   9.5310E+004   1.7525E+004   2.3388E+003
 1620936659.24105170    1.1843   1.7296E+008   12.4000   4.6424E+005   6.7518E+005   9.8490E+005   1.4138E+006   2.0147E+006   2.8440E+006   3.9497E+006   5.3313E+006   6.9336E+006   8.5388E+006   9.7178E+006   9.9089E+006   8.6637E+006   6.1614E+006   3.3323E+006   1.2909E+006   3.2616E+005   5.2137E+004   5.0413E+003   2.5661E+002
 1620936662.09104630    1.1883   1.7302E+008    9.6400   5.0336E+005   7.3159E+005   1.0662E+006   1.5283E+006   2.1736E+006   3.0594E+006   4.2310E+006   5.6773E+006   7.3223E+006   8.9155E+006   9.9962E+006   1.0007E+007   8.5694E+006   5.9825E+006   3.2120E+006   1.2687E+006   3.4380E+005   6.3703E+004   7.9406E+003   6.0390E+002
 1620936664.94104890    1.3663   1.9430E+008    8.1400   5.8203E+005   8.4560E+005   1.2316E+006   1.7640E+006   2.5057E+006   3.5208E+006   4.8570E+006   6.4946E+006   8.3367E+006   1.0087E+007   1.1221E+007   1.1134E+007   9.4586E+006   6.5826E+006   3.5661E+006   1.4542E+006   4.2266E+005   8.8491E+004   1.3303E+004   1.3287E+003
 1620936667.79104330    1.3564   1.9414E+008   11.6800   5.0987E+005   7.4155E+005   1.0818E+006   1.5529E+006   2.2132E+006   3.1248E+006   4.3407E+006   5.8613E+006   7.6273E+006   9.4021E+006   1.0717E+007   1.0957E+007   9.6252E+006   6.9002E+006   3.7839E+006   1.4999E+006   3.9349E+005   6.6626E+004   7.0042E+003   4.0200E+002
 1620936670.64104940    1.3613   1.9422E+008    9.3200   5.5026E+005   7.9981E+005   1.1657E+006   1.6713E+006   2.3774E+006   3.3475E+006   4.6319E+006   6.2199E+006   8.0314E+006   9.7955E+006   1.1011E+007   1.1066E+007   9.5331E+006   6.7158E+006   3.6555E+006   1.4732E+006   4.1106E+005   7.9283E+004   1.0420E+004   8.4973E+002
 1620936673.49105170    1.5376   2.1849E+008    8.2800   6.4800E+005   9.4151E+005   1.3714E+006   1.9646E+006   2.7913E+006   3.9234E+006   5.4151E+006   7.2459E+006   9.3101E+006   1.1279E+007   1.2570E+007   1.2499E+007   1.0644E+007   7.4250E+006   4.0284E+006   1.6418E+006   4.7520E+005   9.8563E+004   1.4584E+004   1.4218E+003
 1620936676.34104630    1.5302   2.1837E+008   10.1000   5.9948E+005   8.7158E+005   1.2708E+006   1.8229E+006   2.5951E+006   3.6580E+006   5.0696E+006   6.8231E+006   8.8383E+006   1.0827E+007   1.2240E+007   1.2387E+007   1.0757E+007   7.6337E+006   4.1701E+006   1.6717E+006   4.5646E+005   8.4067E+004   1.0213E+004   7.3700E+002
 1620936679.19105240    1.5329   2.1842E+008    9.2800   6.1831E+005   8.9873E+005   1.3099E+006   1.8779E+006   2.6714E+006   3.7614E+006   5.2045E+006   6.9888E+006   9.0240E+006   1.1006E+007   1.2372E+007   1.2434E+007   1.0713E+007   7.5501E+006   4.1127E+006   1.6598E+006   4.6427E+005   8.9885E+004   1.1878E+004   9.7604E+002
 1620936682.04105470    1.6400   2.5332E+008  999.0000   5.8558E+005   8.5291E+005   1.2469E+006   1.7955E+006   2.5703E+006   3.6525E+006   5.1213E+006   7.0070E+006   9.2878E+006   1.1739E+007   1.3822E+007   1.4688E+007   1.3420E+007   9.8352E+006   5.2074E+006   1.7367E+006   2.8406E+005   1.7000E+004   2.2582E+002   2.2644E-001
 1620936684.89104940    1.6443   2.5339E+008   12.5800   7.5340E+005   1.0952E+006   1.5966E+006   2.2897E+006   3.2586E+006   4.5909E+006   6.3573E+006   8.5451E+006   1.1046E+007   1.3484E+007   1.5155E+007   1.5184E+007   1.2954E+007   8.9135E+006   4.6155E+006   1.6932E+006   4.0014E+005   5.9253E+004   5.2672E+003   2.4444E+002
 1620936687.74105170    1.6451   2.5341E+008   11.9400   7.6457E+005   1.1113E+006   1.6198E+006   2.3224E+006   3.3038E+006   4.6521E+006   6.4369E+006   8.6426E+006   1.1154E+007   1.3588E+007   1.5229E+007   1.5206E+007   1.2923E+007   8.8626E+006   4.5847E+006   1.6897E+006   4.0553E+005   6.2016E+004   5.8287E+003   2.9567E+002
 1620936690.59104630    1.6034   2.6025E+008   12.3000   8.6318E+005   1.2542E+006   1.8269E+006   2.6170E+006   3.7182E+006   5.2258E+006   7.2111E+006   9.6438E+006   1.2375E+007   1.4949E+007   1.6558E+007   1.6257E+007   1.3493E+007   8.9595E+006   4.4387E+006   1.5477E+006   3.4624E+005   4.8682E+004   4.1497E+003   1.8768E+002
 1620936693.44456720    1.6055   2.6028E+008   10.4400   9.0863E+005   1.3196E+006   1.9209E+006   2.7491E+006   3.9005E+006   5.4710E+006   7.5274E+006   1.0026E+007   1.2792E+007   1.5334E+007   1.6813E+007   1.6308E+007   1.3356E+007   8.7732E+006   4.3394E+006   1.5418E+006   3.6486E+005   5.7371E+004   5.8914E+003   3.5532E+002
 1620936696.30940890    1.4089   2.5114E+008    7.5600   1.2226E+006   1.7712E+006   2.5690E+006   3.6577E+006   5.1511E+006   7.1469E+006   9.6799E+006   1.2609E+007   1.5594E+007   1.7907E+007   1.8550E+007   1.6745E+007   1.2589E+007   7.5608E+006   3.4638E+006   1.1881E+006   2.9304E+005   5.3741E+004   7.4079E+003   7.1637E+002
 1620936699.15354630    1.4069   2.5111E+008    8.0600   1.1845E+006   1.7167E+006   2.4911E+006   3.5493E+006   5.0036E+006   6.9525E+006   9.4366E+006   1.2329E+007   1.5308E+007   1.7673E+007   1.8430E+007   1.6765E+007   1.2699E+007   7.6643E+006   3.5058E+006   1.1869E+006   2.8392E+005   4.9407E+004   6.3046E+003   5.4767E+002
 1620936702.00355240    1.4000   2.5099E+008  999.0000   7.7976E+005   1.1345E+006   1.6557E+006   2.3785E+006   3.3930E+006   4.7966E+006   6.6742E+006   9.0304E+006   1.1775E+007   1.4528E+007   1.6512E+007   1.6664E+007   1.4106E+007   9.2499E+006   4.1594E+006   1.0950E+006   1.2615E+005   4.5378E+003   2.8603E+001   9.0838E-003
 1620936704.85355470    1.2400   2.8568E+008  999.0000   1.4585E+006   2.1171E+006   3.0793E+006   4.4017E+006   6.2339E+006   8.7192E+006   1.1943E+007   1.5792E+007   1.9906E+007   2.3369E+007   2.4699E+007   2.2415E+007   1.6214E+007   8.4574E+006   2.7177E+006   4.4006E+005   2.4678E+004   3.1250E+002   4.2824E-001   1.3011E-005
 1620936707.70354940    1.2400   2.8568E+008  999.0000   1.4585E+006   2.1171E+006   3.0793E+006   4.4017E+006   6.2339E+006   8.7192E+006   1.1943E+007   1.5792E+007   1.9906E+007   2.3369E+007   2.4699E+007   2.2415E+007   1.6214E+007   8.4574E+006   2.7177E+006   4.4006E+005   2.4678E+004   3.1250E+002   4.2824E-001   1.3011E-005
 1620936710.55355170    1.2400   2.8568E+008  999.0000   1.4585E+006   2.1171E+006   3.0793E+006   4.4017E+006   6.2339E+006   8.7192E+006   1.1943E+007   1.5792E+007   1.9906E+007   2.3369E+007   2.4699E+007   2.2415E+007   1.6214E+007   8.4574E+006   2.7177E+006   4.4006E+005   2.4678E+004   3.1250E+002   4.2824E-001   1.3011E-005
 1620936713.40354630    1.0800   2.5115E+008  999.0000   1.3062E+006   1.8958E+006   2.7569E+006   3.9400E+006   5.5784E+006   7.7989E+006   1.0675E+007   1.4102E+007   1.7750E+007   2.0794E+007   2.1910E+007   1.9795E+007   1.4224E+007   7.3481E+006   2.3280E+006   3.6929E+005   2.0090E+004   2.4344E+002   3.1284E-001   8.6125E-006
 1620936716.25355240    1.0800   2.5115E+008  999.0000   1.3062E+006   1.8958E+006   2.7569E+006   3.9400E+006   5.5784E+006   7.7989E+006   1.0675E+007   1.4102E+007   1.7750E+007   2.0794E+007   2.1910E+007   1.9795E+007   1.4224E+007   7.3481E+006   2.3280E+006   3.6929E+005   2.0090E+004   2.4344E+002   3.1284E-001   8.6125E-006
 1620936719.10355470    1.0800   2.5115E+008  999.0000   1.3062E+006   1.8958E+006   2.7569E+006   3.9400E+006   5.5784E+006   7.7989E+006   1.0675E+007   1.4102E+007   1.7750E+007   2.0794E+007   2.1910E+007   1.9795E+007   1.4224E+007   7.3481E+006   2.3280E+006   3.6929E+005   2.0090E+004   2.4344E+002   3.1284E-001   8.6125E-006
 1620936721.95354940    0.8800   2.3964E+008  999.0000   1.7024E+006   2.4665E+006   3.5773E+006   5.0929E+006   7.1702E+006   9.9413E+006   1.3442E+007   1.7442E+007   2.1385E+007   2.4101E+007   2.3999E+007   1.9964E+007   1.2695E+007   5.4896E+006   1.3397E+006   1.4573E+005   4.5369E+003   2.4503E+001   9.6918E-003   4.3854E-008
 1620936724.80706640    0.8800   2.3964E+008  999.0000   1.7024E+006   2.4665E+006   3.5773E+006   5.0929E+006   7.1702E+006   9.9413E+006   1.3442E+007   1.7442E+007   2.1385E+007   2.4101E+007   2.3999E+007   1.9964E+007   1.2695E+007   5.4896E+006   1.3397E+006   1.4573E+005   4.5369E+003   2.4503E+001   9.6918E-003   4.3854E-008
 1620936727.67190070    0.8800   2.3964E+008  999.0000   1.7024E+006   2.4665E+006   3.5773E+006   5.0929E+006   7.1702E+006   9.9413E+006   1.3442E+007   1.7442E+007   2.1385E+007   2.4101E+007   2.3999E+007   1.9964E+007   1.2695E+007   5.4896E+006   1.3397E+006   1.4573E+005   4.5369E+003   2.4503E+001   9.6918E-003   4.3854E-008
 1620936730.51604940    0.7400   2.2846E+008  999.0000   2.0788E+006   3.0068E+006   4.3503E+006   6.1717E+006   8.6444E+006   1.1895E+007   1.5903E+007   2.0300E+007   2.4297E+007   2.6431E+007   2.4992E+007   1.9276E+007   1.0961E+007   4.0279E+006   7.7426E+005   5.9659E+004   1.1157E+003   2.8836E+000   3.9024E-004   3.4290E-010
 1620936733.36605170    0.7400   2.2846E+008  999.0000   2.0788E+006   3.0068E+006   4.3503E+006   6.1717E+006   8.6444E+006   1.1895E+007   1.5903E+007   2.0300E+007   2.4297E+007   2.6431E+007   2.4992E+007   1.9276E+007   1.0961E+007   4.0279E+006   7.7426E+005   5.9659E+004   1.1157E+003   2.8836E+000   3.9024E-004   3.4290E-010
 1620936736.21604630    0.7400   2.2846E+008  999.0000   2.0788E+006   3.0068E+006   4.3503E+006   6.1717E+006   8.6444E+006   1.1895E+007   1.5903E+007   2.0300E+007   2.4297E+007   2.6431E+007   2.4992E+007   1.9276E+007   1.0961E+007   4.0279E+006   7.7426E+005   5.9659E+004   1.1157E+003   2.8836E+000   3.9024E-004   3.4290E-010
 1620936739.06605240    0.6000   2.1464E+008  999.0000   2.6100E+006   3.7668E+006   5.4319E+006   7.6698E+006   1.0669E+007   1.4530E+007   1.9135E+007   2.3894E+007   2.7687E+007   2.8717E+007   2.5328E+007   1.7647E+007   8.6331E+006   2.5490E+006   3.5554E+005   1.7242E+004   1.6275E+002   1.5673E-001   5.0571E-006   5.0037E-013
 1620936741.91605470    0.6000   2.1464E+008  999.0000   2.6100E+006   3.7668E+006   5.4319E+006   7.6698E+006   1.0669E+007   1.4530E+007   1.9135E+007   2.3894E+007   2.7687E+007   2.8717E+007   2.5328E+007   1.7647E+007   8.6331E+006   2.5490E+006   3.5554E+005   1.7242E+004   1.6275E+002   1.5673E-001   5.0571E-006   5.0037E-013
 1620936744.76604940    0.4800   2.0663E+008  999.0000   3.6128E+006   5.1971E+006   7.4577E+006   1.0457E+007   1.4396E+007   1.9311E+007   2.4868E+007   3.0053E+007   3.3188E+007   3.2074E+007   2.5513E+007   1.5287E+007   5.9836E+006   1.2775E+006   1.1080E+005   2.7082E+003   9.3080E+000   2.0906E-003   8.1960E-009   3.3176E-017
 1620936747.61605170    0.4800   2.0663E+008  999.0000   3.6128E+006   5.1971E+006   7.4577E+006   1.0457E+007   1.4396E+007   1.9311E+007   2.4868E+007   3.0053E+007   3.3188E+007   3.2074E+007   2.5513E+007   1.5287E+007   5.9836E+006   1.2775E+006   1.1080E+005   2.7082E+003   9.3080E+000   2.0906E-003   8.1960E-009   3.3176E-017
 1620936750.46604630    0.4800   2.0663E+008  999.0000   3.6128E+006   5.1971E+006   7.4577E+006   1.0457E+007   1.4396E+007   1.9311E+007   2.4868E+007   3.0053E+007   3.3188E+007   3.2074E+007   2.5513E+007   1.5287E+007   5.9836E+006   1.2775E+006   1.1080E+005   2.7082E+003   9.3080E+000   2.0906E-003   8.1960E-009   3.3176E-017
 1620936753.31604890    0.3900   2.0290E+008  999.0000   5.1367E+006   7.3595E+006   1.0497E+007   1.4591E+007   1.9835E+007   2.6113E+007   3.2709E+007   3.7966E+007   3.9511E+007   3.4996E+007   2.4508E+007   1.2192E+007   3.6255E+006   5.1916E+005   2.5096E+004   2.6425E+002   2.6300E-001   9.9528E-006   2.9912E-012   2.5203E-022
 1620936756.16955800    0.3900   2.0290E+008  999.0000   5.1367E+006   7.3595E+006   1.0497E+007   1.4591E+007   1.9835E+007   2.6113E+007   3.2709E+007   3.7966E+007   3.9511E+007   3.4996E+007   2.4508E+007   1.2192E+007   3.6255E+006   5.1916E+005   2.5096E+004   2.6425E+002   2.6300E-001   9.9528E-006   2.9912E-012   2.5203E-022
 1620936759.03440380    0.3900   2.0290E+008  999.0000   5.1367E+006   7.3595E+006   1.0497E+007   1.4591E+007   1.9835E+007   2.6113E+007   3.2709E+007   3.7966E+007   3.9511E+007   3.4996E+007   2.4508E+007   1.2192E+007   3.6255E+006   5.1916E+005   2.5096E+004   2.6425E+002   2.6300E-001   9.9528E-006   2.9912E-012   2.5203E-022
 1620936761.87855240    0.3300   2.0053E+008  999.0000   6.8681E+006   9.8016E+006   1.3898E+007   1.9156E+007   2.5721E+007   3.3250E+007   4.0541E+007   4.5244E+007   4.4443E+007   3.6160E+007   2.2372E+007   9.2874E+006   2.1140E+006   2.0533E+005   5.6270E+003   2.6190E+001   7.8585E-003   5.3364E-008   1.3606E-015   2.8463E-027
 1620936764.72855470    0.3300   2.0053E+008  999.0000   6.8681E+006   9.8016E+006   1.3898E+007   1.9156E+007   2.5721E+007   3.3250E+007   4.0541E+007   4.5244E+007   4.4443E+007   3.6160E+007   2.2372E+007   9.2874E+006   2.1140E+006   2.0533E+005   5.6270E+003   2.6190E+001   7.8585E-003   5.3364E-008   1.3606E-015   2.8463E-027
 1620936767.57854940    0.3300   2.0053E+008  999.0000   6.8681E+006   9.8016E+006   1.3898E+007   1.9156E+007   2.5721E+007   3.3250E+007   4.0541E+007   4.5244E+007   4.4443E+007   3.6160E+007   2.2372E+007   9.2874E+006   2.1140E+006   2.0533E+005   5.6270E+003   2.6190E+001   7.8585E-003   5.3364E-008   1.3606E-015   2.8463E-027
 1620936770.42855170    0.2700   1.9462E+008  999.0000   9.2765E+006   1.3171E+007   1.8534E+007   2.5270E+007   3.3391E+007   4.2158E+007   4.9641E+007   5.2654E+007   4.7997E+007   3.4991E+007   1.8443E+007   6.0597E+006   9.7653E+005   5.7469E+004   7.5750E+002   1.2324E+000   7.9255E-005   5.9667E-011   6.5619E-020   1.2783E-033
 1620936773.27854630    0.2700   1.9462E+008  999.0000   9.2765E+006   1.3171E+007   1.8534E+007   2.5270E+007   3.3391E+007   4.2158E+007   4.9641E+007   5.2654E+007   4.7997E+007   3.4991E+007   1.8443E+007   6.0597E+006   9.7653E+005   5.7469E+004   7.5750E+002   1.2324E+000   7.9255E-005   5.9667E-011   6.5619E-020   1.2783E-033
 1620936776.12854860    0.2800   1.8492E+008  999.0000   7.4433E+006   1.0597E+007   1.4973E+007   2.0533E+007   2.7365E+007   3.4987E+007   4.1971E+007   4.5743E+007   4.3393E+007   3.3543E+007   1.9258E+007   7.1680E+006   1.3887E+006   1.0676E+005   2.0786E+003   5.9207E+000   8.6469E-004   2.0978E-009   1.2260E-017   2.8530E-030
 1620936778.97854330    0.2200   1.6882E+008  999.0000   9.0798E+006   1.2865E+007   1.8046E+007   2.4494E+007   3.2154E+007   4.0203E+007   4.6665E+007   4.8473E+007   4.2847E+007   2.9857E+007   1.4733E+007   4.3965E+006   6.1471E+005   2.9444E+004   2.8735E+002   3.0379E-001   1.0400E-005   3.1898E-012   9.7676E-022   2.8697E-036
 1620936781.82854940    0.2200   1.6882E+008  999.0000   9.0798E+006   1.2865E+007   1.8046E+007   2.4494E+007   3.2154E+007   4.0203E+007   4.6665E+007   4.8473E+007   4.2847E+007   2.9857E+007   1.4733E+007   4.3965E+006   6.1471E+005   2.9444E+004   2.8735E+002   3.0379E-001   1.0400E-005   3.1898E-012   9.7676E-022   2.8697E-036
 1620936784.67855170    0.2200   1.6882E+008  999.0000   9.0798E+006   1.2865E+007   1.8046E+007   2.4494E+007   3.2154E+007   4.0203E+007   4.6665E+007   4.8473E+007   4.2847E+007   2.9857E+007   1.4733E+007   4.3965E+006   6.1471E+005   2.9444E+004   2.8735E+002   3.0379E-001   1.0400E-005   3.1898E-012   9.7676E-022   2.8697E-036
 1620936787.53206110    0.1800   1.6502E+008  999.0000   1.2487E+007   1.7575E+007   2.4405E+007   3.2652E+007   4.1967E+007   5.0861E+007   5.6379E+007   5.4763E+007   4.3861E+007   2.6440E+007   1.0561E+007   2.3153E+006   2.0542E+005   5.0901E+003   1.9004E+001   5.0743E-003   2.3315E-008   4.1319E-016   2.2238E-027   1.7198E-044
 1620936790.39690660    0.1800   1.6502E+008  999.0000   1.2487E+007   1.7575E+007   2.4405E+007   3.2652E+007   4.1967E+007   5.0861E+007   5.6379E+007   5.4763E+007   4.3861E+007   2.6440E+007   1.0561E+007   2.3153E+006   2.0542E+005   5.0901E+003   1.9004E+001   5.0743E-003   2.3315E-008   4.1319E-016   2.2238E-027   1.7198E-044
 1620936793.24105170    0.1600   1.5961E+008  999.0000   1.4189E+007   1.9898E+007   2.7481E+007   3.6482E+007   4.6358E+007   5.5243E+007   5.9731E+007   5.5952E+007   4.2486E+007   2.3683E+007   8.4385E+006   1.5663E+006   1.0872E+005   1.8882E+003   4.2019E+000   5.3544E-004   8.3817E-010   3.2391E-018   2.0361E-030   6.8691E-049
 1620936796.09104630    0.1600   1.5961E+008  999.0000   1.4189E+007   1.9898E+007   2.7481E+007   3.6482E+007   4.6358E+007   5.5243E+007   5.9731E+007   5.5952E+007   4.2486E+007   2.3683E+007   8.4385E+006   1.5663E+006   1.0872E+005   1.8882E+003   4.2019E+000   5.3544E-004   8.3817E-010   3.2391E-018   2.0361E-030   6.8691E-049
 1620936798.94104890    0.1600   1.5961E+008  999.0000   1.4189E+007   1.9898E+007   2.7481E+007   3.6482E+007   4.6358E+007   5.5243E+007   5.9731E+007   5.5952E+007   4.2486E+007   2.3683E+007   8.4385E+006   1.5663E+006   1.0872E+005   1.8882E+003   4.2019E+000   5.3544E-004   8.3817E-010   3.2391E-018   2.0361E-030   6.8691E-049
 1620936801.79104330    0.1600   1.6046E+008  999.0000   1.4409E+007   2.0201E+007   2.7889E+007   3.7005E+007   4.6988E+007   5.5932E+007   6.0378E+007   5.6424E+007   4.2695E+007   2.3678E+007   8.3738E+006   1.5375E+006   1.0502E+005   1.7821E+003   3.8337E+000   4.6548E-004   6.7921E-010   2.3768E-018   1.2993E-030   3.5777E-049
 1620936804.64104940    0.1600   1.6046E+008  999.0000   1.4409E+007   2.0201E+007   2.7889E+007   3.7005E+007   4.6988E+007   5.5932E+007   6.0378E+007   5.6424E+007   4.2695E+007   2.3678E+007   8.3738E+006   1.5375E+006   1.0502E+005   1.7821E+003   3.8337E+000   4.6548E-004   6.7921E-010   2.3768E-018   1.2993E-030   3.5777E-049
 1620936807.49105170    0.1600   1.6046E+008  999.0000   1.4409E+007   2.0201E+007   2.7889E+007   3.7005E+007   4.6988E+007   5.5932E+007   6.0378E+007   5.6424E+007   4.2695E+007   2.3678E+007   8.3738E+006   1.5375E+006   1.0502E+005   1.7821E+003   3.8337E+000   4.6548E-004   6.7921E-010   2.3768E-018   1.2993E-030   3.5777E-049
 1620936810.34104630    0.1400   1.5171E+008  999.0000   1.5781E+007   2.2045E+007   3.0270E+007   3.9852E+007   5.0029E+007   5.8557E+007   6.1659E+007   5.5570E+007   3.9868E+007   2.0447E+007   6.4516E+006   1.0031E+006   5.3633E+004   6.3847E+002   8.2015E-001   4.7695E-005   2.3884E-011   1.8491E-020   1.2149E-033   1.5480E-053
 1620936813.19105240    0.1400   1.5171E+008  999.0000   1.5781E+007   2.2045E+007   3.0270E+007   3.9852E+007   5.0029E+007   5.8557E+007   6.1659E+007   5.5570E+007   3.9868E+007   2.0447E+007   6.4516E+006   1.0031E+006   5.3633E+004   6.3847E+002   8.2015E-001   4.7695E-005   2.3884E-011   1.8491E-020   1.2149E-033   1.5480E-053
 1620936816.04456950    0.1400   1.5171E+008  999.0000   1.5781E+007   2.2045E+007   3.0270E+007   3.9852E+007   5.0029E+007   5.8557E+007   6.1659E+007   5.5570E+007   3.9868E+007   2.0447E+007   6.4516E+006   1.0031E+006   5.3633E+004   6.3847E+002   8.2015E-001   4.7695E-005   2.3884E-011   1.8491E-020   1.2149E-033   1.5480E-053
 1620936818.90940380    0.1100   1.3804E+008  999.0000   1.8944E+007   2.6259E+007   3.5642E+007   4.6158E+007   5.6559E+007   6.3876E+007   6.3802E+007   5.3247E+007   3.4121E+007   1.4825E+007   3.6731E+006   4.0155E+005   1.2780E+004   7.1876E+001   3.1063E-002   3.8256E-007   2.0217E-014   6.6460E-025   5.2958E-040   1.1795E-062
 1620936821.75355240    0.1100   1.3804E+008  999.0000   1.8944E+007   2.6259E+007   3.5642E+007   4.6158E+007   5.6559E+007   6.3876E+007   6.3802E+007   5.3247E+007   3.4121E+007   1.4825E+007   3.6731E+006   4.0155E+005   1.2780E+004   7.1876E+001   3.1063E-002   3.8256E-007   2.0217E-014   6.6460E-025   5.2958E-040   1.1795E-062
 1620936824.60355470    0.1100   1.3804E+008  999.0000   1.8944E+007   2.6259E+007   3.5642E+007   4.6158E+007   5.6559E+007   6.3876E+007   6.3802E+007   5.3247E+007   3.4121E+007   1.4825E+007   3.6731E+006   4.0155E+005   1.2780E+004   7.1876E+001   3.1063E-002   3.8256E-007   2.0217E-014   6.6460E-025   5.2958E-040   1.1795E-062
 1620936827.45354940    0.1000   1.3905E+008  999.0000   2.3122E+007   3.1856E+007   4.2845E+007   5.4766E+007   6.5834E+007   7.2278E+007   6.9244E+007   5.4380E+007   3.1869E+007   1.2146E+007   2.4858E+006   2.0575E+005   4.3487E+003   1.3542E+001   2.4831E-003   9.0402E-009   8.2222E-017   2.3088E-028   6.0606E-045   1.0412E-069
 1620936830.30355170    0.1000   1.3905E+008  999.0000   2.3122E+007   3.1856E+007   4.2845E+007   5.4766E+007   6.5834E+007   7.2278E+007   6.9244E+007   5.4380E+007   3.1869E+007   1.2146E+007   2.4858E+006   2.0575E+005   4.3487E+003   1.3542E+001   2.4831E-003   9.0402E-009   8.2222E-017   2.3088E-028   6.0606E-045   1.0412E-069
 1620936833.15354630    0.1000   1.3905E+008  999.0000   2.3122E+007   3.1856E+007   4.2845E+007   5.4766E+007   6.5834E+007   7.2278E+007   6.9244E+007   5.4380E+007   3.1869E+007   1.2146E+007   2.4858E+006   2.0575E+005   4.3487E+003   1.3542E+001   2.4831E-003   9.0402E-009   8.2222E-017   2.3088E-028   6.0606E-045   1.0412E-069
 1620936836.00354890    0.1000   1.2451E+008  999.0000   1.6837E+007   2.3349E+007   3.1713E+007   4.1108E+007   5.0441E+007   5.7083E+007   5.7190E+007   4.7940E+007   3.0919E+007   1.3562E+007   3.4070E+006   3.8004E+005   1.2460E+004   7.3144E+001   3.3640E-002   4.5266E-007   2.7189E-014   1.0695E-024   1.0939E-039   3.4836E-062
 1620936838.85354330    0.1000   1.2451E+008  999.0000   1.6837E+007   2.3349E+007   3.1713E+007   4.1108E+007   5.0441E+007   5.7083E+007   5.7190E+007   4.7940E+007   3.0919E+007   1.3562E+007   3.4070E+006   3.8004E+005   1.2460E+004   7.3144E+001   3.3640E-002   4.5266E-007   2.7189E-014   1.0695E-024   1.0939E-039   3.4836E-062
 1620936841.70354940    0.1000   1.2451E+008  999.0000   1.6837E+007   2.3349E+007   3.1713E+007   4.1108E+007   5.0441E+007   5.7083E+007   5.7190E+007   4.7940E+007   3.0919E+007   1.3562E+007   3.4070E+006   3.8004E+005   1.2460E+004   7.3144E+001   3.3640E-002   4.5266E-007   2.7189E-014   1.0695E-024   1.0939E-039   3.4836E-062
 1620936844.55706980    0.0700   9.9912E+007  999.0000   1.7444E+007   2.3994E+007   3.2191E+007   4.1001E+007   4.9031E+007   5.3418E+007   5.0599E+007   3.9087E+007   2.2357E+007   8.2223E+006   1.5977E+006   1.2263E+005   2.3192E+003   6.1522E+000   8.9421E-004   2.3409E-009   1.3236E-017   1.9157E-029   2.0119E-046   9.4309E-072
 1620936847.42191200    0.0700   9.9912E+007  999.0000   1.7444E+007   2.3994E+007   3.2191E+007   4.1001E+007   4.9031E+007   5.3418E+007   5.0599E+007   3.9087E+007   2.2357E+007   8.2223E+006   1.5977E+006   1.2263E+005   2.3192E+003   6.1522E+000   8.9421E-004   2.3409E-009   1.3236E-017   1.9157E-029   2.0119E-046   9.4309E-072
 1620936850.26604940    0.0700   9.4559E+007  999.0000   1.4897E+007   2.0561E+007   2.7728E+007   3.5578E+007   4.3008E+007   4.7610E+007   4.6172E+007   3.6911E+007   2.2204E+007   8.7927E+006   1.9029E+006   1.7086E+005   4.0700E+003   1.5063E+001   3.5476E-003   1.8431E-008   2.7995E-016   1.6085E-027   1.1376E-043   7.9946E-068
 1620936853.11605170    0.0700   9.4559E+007  999.0000   1.4897E+007   2.0561E+007   2.7728E+007   3.5578E+007   4.3008E+007   4.7610E+007   4.6172E+007   3.6911E+007   2.2204E+007   8.7927E+006   1.9029E+006   1.7086E+005   4.0700E+003   1.5063E+001   3.5476E-003   1.8431E-008   2.7995E-016   1.6085E-027   1.1376E-043   7.9946E-068
 1620936855.96604630    0.0700   9.4559E+007  999.0000   1.4897E+007   2.0561E+007   2.7728E+007   3.5578E+007   4.3008E+007   4.7610E+007   4.6172E+007   3.6911E+007   2.2204E+007   8.7927E+006   1.9029E+006   1.7086E+005   4.0700E+003   1.5063E+001   3.5476E-003   1.8431E-008   2.7995E-016   1.6085E-027   1.1376E-043   7.9946E-068
 1620936858.81604890    0.0600   8.7284E+007  999.0000   1.5789E+007   2.1690E+007   2.9046E+007   3.6899E+007   4.3955E+007   4.7615E+007   4.4723E+007   3.4125E+007   1.9170E+007   6.8655E+006   1.2835E+006   9.3124E+004   1.6215E+003   3.8176E+000   4.6683E-004   9.5634E-010   3.7987E-018   3.3619E-030   1.7907E-047   3.2116E-073
 1620936861.66604350    0.0600   8.7284E+007  999.0000   1.5789E+007   2.1690E+007   2.9046E+007   3.6899E+007   4.3955E+007   4.7615E+007   4.4723E+007   3.4125E+007   1.9170E+007   6.8655E+006   1.2835E+006   9.3124E+004   1.6215E+003   3.8176E+000   4.6683E-004   9.5634E-010   3.7987E-018   3.3619E-030   1.7907E-047   3.2116E-073
