          0.00000000    0.0000   0.0000E+000    0.0000   3.0000E-002   4.4000E-002   6.5000E-002   9.5000E-002   1.3900E-001   2.0400E-001   3.0000E-001   4.4000E-001   6.4600E-001   9.4900E-001   1.3920E+000   2.0400E+000   3.0000E+000   4.4000E+000   6.4600E+000   9.4500E+000   1.3900E+001   2.0400E+001   3.0000E+001   4.5000E+001
 1620872011.32475570    0.0209   7.9716E+006    3.3100   4.4898E+005   6.2366E+005   8.5023E+005   1.1108E+006   1.3858E+006   1.6238E+006   1.7471E+006   1.6862E+006   1.4280E+006   1.0420E+006   6.5074E+005   3.4875E+005   1.6101E+005   6.6093E+004   2.4488E+004   8.4810E+003   2.7281E+003   8.4645E+002   2.5315E+002   6.9532E+001
 1620872014.18061540    0.0207   7.9694E+006    3.5000   4.0473E+005   5.6445E+005   7.7399E+005   1.0192E+006   1.2851E+006   1.5270E+006   1.6724E+006   1.6475E+006   1.4264E+006   1.0625E+006   6.7391E+005   3.6360E+005   1.6706E+005   6.7396E+004   2.4241E+004   8.0671E+003   2.4703E+003   7.2487E+002   2.0394E+002   5.2321E+001
 1620872017.03062150    0.0204   8.4150E+006    3.7000   4.3423E+005   6.0601E+005   8.3179E+005   1.0966E+006   1.3849E+006   1.6486E+006   1.8086E+006   1.7833E+006   1.5421E+006   1.1431E+006   7.1724E+005   3.7987E+005   1.6975E+005   6.5983E+004   2.2664E+004   7.1514E+003   2.0619E+003   5.6716E+002   1.4899E+002   3.5467E+001
 1620872019.87710860    0.0207   8.4182E+006    3.3800   5.0807E+005   7.0470E+005   9.5867E+005   1.2488E+006   1.5514E+006   1.8073E+006   1.9294E+006   1.8431E+006   1.5409E+006   1.1067E+006   6.7859E+005   3.5625E+005   1.6079E+005   6.4447E+004   2.3291E+004   7.8650E+003   2.4648E+003   7.4492E+002   2.1694E+002   5.7934E+001
 1620872022.71225640    0.0205   8.4159E+006    3.5700   4.6109E+005   6.4204E+005   8.7835E+005   1.1528E+006   1.4471E+006   1.7087E+006   1.8554E+006   1.8076E+006   1.5429E+006   1.1297E+006   7.0232E+005   3.7057E+005   1.6618E+005   6.5365E+004   2.2905E+004   7.4250E+003   2.2134E+003   6.3234E+002   1.7317E+002   4.3184E+001
 1620872025.56812380    0.0207   1.3957E+007    3.1300   2.5808E+006   3.4138E+006   4.3397E+006   5.1642E+006   5.6875E+006   5.6692E+006   4.9950E+006   3.8288E+006   2.5242E+006   1.4314E+006   7.0829E+005   3.1147E+005   1.2310E+005   4.5335E+004   1.5712E+004   5.2742E+003   1.6904E+003   5.3373E+002   1.6500E+002   4.7488E+001
 1620872028.41811850    0.0206   1.3956E+007    3.1800   2.4982E+006   3.3127E+006   4.2256E+006   5.0505E+006   5.5932E+006   5.6123E+006   4.9809E+006   3.8449E+006   2.5495E+006   1.4507E+006   7.1799E+005   3.1469E+005   1.2353E+005   4.5049E+004   1.5421E+004   5.1041E+003   1.6103E+003   4.9998E+002   1.5187E+002   4.2885E+001
 1620872031.26460550    0.0207   8.7885E+006    3.4000   5.7086E+005   7.9021E+005   1.0718E+006   1.3906E+006   1.7182E+006   1.9866E+006   2.1001E+006   1.9818E+006   1.6328E+006   1.1537E+006   6.9521E+005   3.5872E+005   1.5923E+005   6.2857E+004   2.2405E+004   7.4739E+003   2.3161E+003   6.9289E+002   1.9988E+002   5.2878E+001
 1620872034.09975340    0.0212   8.7935E+006    3.1200   6.7674E+005   9.2957E+005   1.2470E+006   1.5941E+006   1.9310E+006   2.1763E+006   2.2297E+006   2.0315E+006   1.6150E+006   1.1060E+006   6.5293E+005   3.3521E+005   1.5084E+005   6.1521E+004   2.3059E+004   8.2034E+003   2.7459E+003   8.9482E+002   2.8316E+002   8.2985E+001
 1620872036.95562080    0.0209   8.7910E+006    3.2300   6.3048E+005   8.6892E+005   1.1712E+006   1.5067E+006   1.8406E+006   2.0971E+006   2.1770E+006   2.0128E+006   1.6238E+006   1.1262E+006   6.7025E+005   3.4467E+005   1.5419E+005   6.2048E+004   2.2789E+004   7.9010E+003   2.5647E+003   8.0792E+002   2.4648E+002   6.9376E+001
 1620872039.80561540    0.0209   1.7717E+007    2.9400   5.8100E+006   7.3781E+006   8.8645E+006   9.8153E+006   9.8729E+006   8.8275E+006   6.8868E+006   4.6632E+006   2.7362E+006   1.4063E+006   6.4712E+005   2.7211E+005   1.0559E+005   3.9070E+004   1.3860E+004   4.8285E+003   1.6240E+003   5.4202E+002   1.7813E+002   5.4898E+001
 1620872042.65210250    0.0215   1.7721E+007    2.7500   6.9243E+006   8.6236E+006   1.0095E+007   1.0831E+007   1.0499E+007   9.0158E+006   6.7621E+006   4.4310E+006   2.5442E+006   1.2982E+006   6.0232E+005   2.5911E+005   1.0420E+005   4.0357E+004   1.5104E+004   5.5801E+003   2.0002E+003   7.1337E+002   2.5112E+002   8.3318E+001
 1620872045.48725030    0.0224   1.7727E+007    2.6100   8.0316E+006   9.8196E+006   1.1220E+007   1.1697E+007   1.0972E+007   9.1033E+006   6.6111E+006   4.2232E+006   2.3875E+006   1.2138E+006   5.6790E+005   2.4903E+005   1.0303E+005   4.1338E+004   1.6114E+004   6.2224E+003   2.3393E+003   8.7650E+002   3.2468E+002   1.1377E+002
 1620872048.34312150    0.0216   1.3341E+007    2.8300   2.8807E+006   3.7566E+006   4.6828E+006   5.4367E+006   5.8085E+006   5.5908E+006   4.7497E+006   3.5251E+006   2.2724E+006   1.2798E+006   6.4115E+005   2.9123E+005   1.2121E+005   4.7754E+004   1.7940E+004   6.5871E+003   2.3292E+003   8.1523E+002   2.8056E+002   9.0647E+001
 1620872051.19312380    0.0213   1.3338E+007    2.8900   2.7402E+006   3.5885E+006   4.4993E+006   5.2619E+006   5.6725E+006   5.5172E+006   4.7392E+006   3.5533E+006   2.3088E+006   1.3060E+006   6.5420E+005   2.9576E+005   1.2199E+005   4.7462E+004   1.7556E+004   6.3345E+003   2.1970E+003   7.5342E+002   2.5383E+002   8.0142E+001
 1620872054.03960320    0.0211   1.3336E+007    2.9700   2.5582E+006   3.3684E+006   4.2552E+006   5.0241E+006   5.4810E+006   5.4059E+006   4.7140E+006   3.5853E+006   2.3570E+006   1.3427E+006   6.7341E+005   3.0294E+005   1.2360E+005   4.7332E+004   1.7163E+004   6.0530E+003   2.0467E+003   6.8324E+002   2.2377E+002   6.8527E+001
 1620872056.87476250    0.0206   1.5016E+007    3.1400   3.1512E+006   4.1393E+006   5.2106E+006   6.1214E+006   6.6297E+006   6.4711E+006   5.5610E+006   4.1470E+006   2.6567E+006   1.4652E+006   7.0690E+005   3.0413E+005   1.1802E+005   4.2821E+004   1.4663E+004   4.8750E+003   1.5499E+003   4.8607E+002   1.4938E+002   4.2756E+001
 1620872059.73062990    0.0205   1.5015E+007    3.1900   3.0512E+006   4.0184E+006   5.0767E+006   5.9916E+006   6.5267E+006   6.4140E+006   5.5524E+006   4.1693E+006   2.6857E+006   1.4855E+006   7.1643E+005   3.0703E+005   1.1827E+005   4.2474E+004   1.4361E+004   4.7061E+003   1.4725E+003   4.5405E+002   1.3709E+002   3.8495E+001
 1620872062.58062460    0.0209   1.5018E+007    3.0200   3.4379E+006   4.4833E+006   5.5875E+006   6.4816E+006   6.9104E+006   6.6221E+006   5.5799E+006   4.0854E+006   2.5798E+006   1.4116E+006   6.8144E+005   2.9594E+005   1.1691E+005   4.3487E+004   1.5356E+004   5.2858E+003   1.7465E+003   5.7046E+002   1.8293E+002   5.4823E+001
 1620872065.42711160    0.0308   1.7236E+007    3.3700   1.9066E+006   2.5905E+006   3.4206E+006   4.2795E+006   5.0327E+006   5.4499E+006   5.3002E+006   4.5276E+006   3.3322E+006   2.0901E+006   1.1216E+006   5.2112E+005   2.1159E+005   7.7906E+004   2.6373E+004   8.4914E+003   2.5715E+003   7.5933E+002   2.1778E+002   5.7591E+001
 1620872068.26225570    0.0317   1.7244E+007    3.0000   2.4424E+006   3.2686E+006   4.2249E+006   5.1403E+006   5.8304E+006   6.0373E+006   5.5760E+006   4.5152E+006   3.1645E+006   1.9147E+006   1.0117E+006   4.7453E+005   1.9973E+005   7.8097E+004   2.8673E+004   1.0171E+004   3.4417E+003   1.1456E+003   3.7312E+002   1.1337E+002
 1620872071.11811540    0.0315   1.7243E+007    3.0600   2.3293E+006   3.1269E+006   4.0590E+006   4.9660E+006   5.6731E+006   5.9261E+006   5.5278E+006   4.5216E+006   3.1977E+006   1.9474E+006   1.0318E+006   4.8318E+005   2.0213E+005   7.8239E+004   2.8340E+004   9.8929E+003   3.2871E+003   1.0729E+003   3.4228E+002   1.0167E+002
 1620872073.96812150    0.0313   1.7966E+007    3.0900   2.5729E+006   3.4458E+006   4.4582E+006   5.4301E+006   6.1663E+006   6.3911E+006   5.9035E+006   4.7734E+006   3.3319E+006   2.0007E+006   1.0448E+006   4.8228E+005   1.9891E+005   7.5953E+004   2.7152E+004   9.3595E+003   3.0714E+003   9.9040E+002   3.1217E+002   9.1579E+001
 1620872076.81460860    0.0311   1.7964E+007    3.1900   2.4006E+006   3.2295E+006   4.2047E+006   5.1634E+006   5.9254E+006   6.2212E+006   5.8316E+006   4.7863E+006   3.3859E+006   2.0525E+006   1.0757E+006   4.9480E+005   2.0191E+005   7.5791E+004   2.6487E+004   8.8890E+003   2.8295E+003   8.8306E+002   2.6887E+002   7.5958E+001
 1620872079.64975640    0.0315   1.7967E+007    3.0600   2.6266E+006   3.5129E+006   4.5361E+006   5.5110E+006   6.2379E+006   6.4399E+006   5.9223E+006   4.7673E+006   3.3148E+006   1.9853E+006   1.0360E+006   4.7883E+005   1.9818E+005   7.6083E+004   2.7390E+004   9.5189E+003   3.1527E+003   1.0267E+003   3.2703E+002   9.7032E+001
 1620872082.50562380    0.0342   2.3625E+007    2.5900   8.9083E+006   1.1072E+007   1.2934E+007   1.3853E+007   1.3423E+007   1.1555E+007   8.7273E+006   5.7942E+006   3.3959E+006   1.7825E+006   8.5697E+005   3.8440E+005   1.6209E+005   6.6069E+004   2.6105E+004   1.0198E+004   3.8748E+003   1.4659E+003   5.4796E+002   1.9376E+002
 1620872085.35561850    0.0324   2.3615E+007    2.7800   7.2456E+006   9.2122E+006   1.1090E+007   1.2320E+007   1.2457E+007   1.1231E+007   8.8743E+006   6.1190E+006   3.6798E+006   1.9516E+006   9.3256E+005   4.0948E+005   1.6677E+005   6.4987E+004   2.4349E+004   8.9727E+003   3.1993E+003   1.1328E+003   3.9537E+002   1.2987E+002
 1620872088.20562430    0.0318   2.3611E+007    2.8700   6.6564E+006   8.5348E+006   1.0392E+007   1.1707E+007   1.2038E+007   1.1059E+007   8.9053E+006   6.2425E+006   3.7988E+006   2.0255E+006   9.6595E+005   4.2032E+005   1.6857E+005   6.4357E+004   2.3530E+004   8.4384E+003   2.9207E+003   1.0025E+003   3.3877E+002   1.0747E+002
 1620872091.05211160    0.0317   3.2081E+007    2.8100   1.6245E+007   1.9778E+007   2.2453E+007   2.3190E+007   2.1462E+007   1.7469E+007   1.2360E+007   7.6344E+006   4.1397E+006   2.0033E+006   8.8642E+005   3.6565E+005   1.4163E+005   5.3048E+004   1.9256E+004   6.9173E+003   2.4139E+003   8.3916E+002   2.8814E+002   9.3184E+001
 1620872093.88725950    0.0320   3.2082E+007    2.7400   1.7433E+007   2.1018E+007   2.3560E+007   2.3976E+007   2.1824E+007   1.7464E+007   1.2167E+007   7.4287E+006   4.0027E+006   1.9363E+006   8.6158E+005   3.5925E+005   1.4127E+005   5.3895E+004   1.9977E+004   7.3394E+003   2.6236E+003   9.3502E+002   3.2939E+002   1.0948E+002
 1620872096.74312690    0.0311   3.2077E+007    2.9400   1.4528E+007   1.7949E+007   2.0774E+007   2.1953E+007   2.0852E+007   1.7439E+007   1.2650E+007   7.9636E+006   4.3630E+006   2.1113E+006   9.2452E+005   3.7391E+005   1.4085E+005   5.1001E+004   1.7812E+004   6.1382E+003   2.0485E+003   6.8010E+002   2.2269E+002   6.8448E+001
 1620872099.59312150    0.0413   5.5517E+007    2.8900   4.0026E+007   4.6942E+007   5.0710E+007   4.9308E+007   4.2478E+007   3.1890E+007   2.0712E+007   1.1759E+007   5.8874E+006   2.6501E+006   1.1001E+006   4.2907E+005   1.5810E+005   5.6656E+004   1.9751E+004   6.8362E+003   2.3020E+003   7.7357E+002   2.5697E+002   8.0321E+001
 1620872102.43960860    0.0414   5.5518E+007    2.8800   4.0336E+007   4.7243E+007   5.0948E+007   4.9446E+007   4.2510E+007   3.1852E+007   2.0654E+007   1.1714E+007   5.8636E+006   2.6408E+006   1.0977E+006   4.2898E+005   1.5847E+005   5.6949E+004   1.9916E+004   6.9163E+003   2.3372E+003   7.8823E+002   2.6281E+002   8.2472E+001
 1620872105.27475640    0.0410   5.8611E+007    2.9700   4.3237E+007   5.0702E+007   5.4739E+007   5.3151E+007   4.5658E+007   3.4105E+007   2.1975E+007   1.2335E+007   6.0843E+006   2.6887E+006   1.0925E+006   4.1614E+005   1.4942E+005   5.2110E+004   1.7660E+004   5.9391E+003   1.9415E+003   6.3319E+002   2.0406E+002   6.1772E+001
 1620872108.13062380    0.8006   5.8755E+007    2.0100   1.2630E+008   1.0889E+008   8.3640E+007   5.8282E+007   3.6979E+007   2.1601E+007   1.1804E+007   6.1716E+006   3.1076E+006   1.5231E+006   7.3499E+005   3.5076E+005   1.6479E+005   7.7343E+004   3.6074E+004   1.6898E+004   7.8142E+003   3.6246E+003   1.6729E+003   7.4156E+002
 1620872110.98061850    0.0457   5.8643E+007    2.4900   6.6733E+007   7.1583E+007   6.9327E+007   5.9857E+007   4.5641E+007   3.0602E+007   1.8161E+007   9.7453E+006   4.7894E+006   2.1965E+006   9.6009E+005   4.0503E+005   1.6499E+005   6.6352E+004   2.6266E+004   1.0393E+004   4.0322E+003   1.5660E+003   6.0333E+002   2.2085E+002
 1620872113.82710550    0.0535   4.9629E+007    2.7500   2.3526E+007   2.8776E+007   3.2880E+007   3.4242E+007   3.2028E+007   2.6413E+007   1.8979E+007   1.1929E+007   6.5932E+006   3.2563E+006   1.4717E+006   6.2043E+005   2.4573E+005   9.4133E+004   3.4954E+004   1.2843E+004   4.5860E+003   1.6312E+003   5.7318E+002   1.8992E+002
 1620872116.66225340    0.0520   4.9620E+007    2.9500   1.9628E+007   2.4554E+007   2.8899E+007   3.1180E+007   3.0373E+007   2.6150E+007   1.9568E+007   1.2698E+007   7.1534E+006   3.5442E+006   1.5810E+006   6.4812E+005   2.4642E+005   8.9740E+004   3.1437E+004   1.0844E+004   3.6173E+003   1.1991E+003   3.9175E+002   1.2006E+002
 1620872119.51812460    1.1523   4.9852E+007    2.0100   6.5207E+007   6.4968E+007   5.8194E+007   4.6889E+007   3.3952E+007   2.2214E+007   1.3307E+007   7.4641E+006   3.9612E+006   2.0170E+006   1.0000E+006   4.8640E+005   2.3158E+005   1.0969E+005   5.1486E+004   2.4222E+004   1.1234E+004   5.2216E+003   2.4133E+003   1.0708E+003
 1620872122.36812690    0.1170   5.4169E+007    2.1700   4.7840E+007   5.2349E+007   5.2144E+007   4.6706E+007   3.7354E+007   2.6597E+007   1.6973E+007   9.8984E+006   5.3396E+006   2.7098E+006   1.3181E+006   6.2147E+005   2.8419E+005   1.2849E+005   5.7300E+004   2.5544E+004   1.1192E+004   4.9087E+003   2.1378E+003   8.9043E+002
 1620872125.21460630    0.0735   5.4095E+007    2.4500   3.0474E+007   3.6151E+007   3.9738E+007   3.9611E+007   3.5360E+007   2.7896E+007   1.9358E+007   1.1944E+007   6.6141E+006   3.3455E+006   1.5807E+006   7.0901E+005   3.0329E+005   1.2680E+005   5.1820E+004   2.1058E+004   8.3630E+003   3.3161E+003   1.3023E+003   4.8580E+002
 1620872128.04976180    0.0673   5.4063E+007    2.6100   2.5147E+007   3.0665E+007   3.4917E+007   3.6248E+007   3.3834E+007   2.7917E+007   2.0159E+007   1.2808E+007   7.2055E+006   3.6483E+006   1.7014E+006   7.4424E+005   3.0735E+005   1.2315E+005   4.7961E+004   1.8508E+004   6.9548E+003   2.6050E+003   9.6478E+002   3.3801E+002
 1620872130.90562150    0.0761   6.9923E+007    2.6900   3.5401E+007   4.2924E+007   4.8491E+007   4.9830E+007   4.5911E+007   3.7275E+007   2.6403E+007   1.6412E+007   9.0123E+006   4.4456E+006   2.0173E+006   8.5778E+005   3.4403E+005   1.3383E+005   5.0581E+004   1.8944E+004   6.9046E+003   2.5086E+003   9.0100E+002   3.0562E+002
 1620872133.75562380    0.0726   6.9897E+007    2.9700   2.7516E+007   3.4451E+007   4.0597E+007   4.3862E+007   4.2792E+007   3.6897E+007   2.7640E+007   1.7945E+007   1.0103E+007   4.9970E+006   2.2224E+006   9.0744E+005   3.4329E+005   1.2431E+005   4.3273E+004   1.4828E+004   4.9116E+003   1.6165E+003   5.2422E+002   1.5940E+002
 1620872136.60210320    0.0732   6.9900E+007    2.8900   2.9450E+007   3.6578E+007   4.2645E+007   4.5485E+007   4.3716E+007   3.7090E+007   2.7359E+007   1.7542E+007   9.8010E+006   4.8396E+006   2.1628E+006   8.9255E+005   3.4307E+005   1.2672E+005   4.5141E+004   1.5861E+004   5.3979E+003   1.8271E+003   6.1000E+002   1.9135E+002
 1620872139.43725870    0.0930   7.6612E+007    3.0500   2.1531E+007   2.7718E+007   3.3927E+007   3.8450E+007   3.9789E+007   3.6758E+007   2.9684E+007   2.0761E+007   1.2513E+007   6.5483E+006   3.0362E+006   1.2730E+006   4.8790E+005   1.7693E+005   6.1129E+004   2.0652E+004   6.7103E+003   2.1589E+003   6.8262E+002   2.0174E+002
 1620872142.29311850    0.0917   7.6601E+007    3.2800   1.8434E+007   2.4068E+007   3.0034E+007   3.4875E+007   3.7183E+007   3.5552E+007   2.9760E+007   2.1502E+007   1.3275E+007   7.0229E+006   3.2390E+006   1.3287E+006   4.9046E+005   1.6912E+005   5.4978E+004   1.7351E+004   5.2305E+003   1.5554E+003   4.5306E+002   1.2255E+002
 1620872145.14312460    0.0946   7.6626E+007    2.9000   2.4252E+007   3.0853E+007   3.7163E+007   4.1288E+007   4.1718E+007   3.7520E+007   2.9488E+007   2.0143E+007   1.1940E+007   6.2077E+006   2.8923E+006   1.2323E+006   4.8490E+005   1.8201E+005   6.5517E+004   2.3163E+004   7.9090E+003   2.6799E+003   8.9430E+002   2.8008E+002
 1620872147.98961160    0.1019   9.0008E+007    3.2300   2.4734E+007   3.1994E+007   3.9410E+007   4.5003E+007   4.6975E+007   4.3774E+007   3.5593E+007   2.4955E+007   1.4973E+007   7.7303E+006   3.5013E+006   1.4203E+006   5.2193E+005   1.8023E+005   5.8957E+004   1.8790E+004   5.7369E+003   1.7311E+003   5.1243E+002   1.4113E+002
 1620872150.82475950    0.1021   9.0010E+007    3.2000   2.5198E+007   3.2537E+007   3.9983E+007   4.5520E+007   4.7339E+007   4.3928E+007   3.5562E+007   2.4837E+007   1.4861E+007   7.6650E+006   3.4754E+006   1.4143E+006   5.2241E+005   1.8162E+005   5.9895E+004   1.9262E+004   5.9390E+003   1.8107E+003   5.4178E+002   1.5095E+002
 1620872153.68062690    0.1012   9.0002E+007    3.4000   2.2388E+007   2.9221E+007   3.6444E+007   4.2273E+007   4.4985E+007   4.2867E+007   3.5682E+007   2.5555E+007   1.5574E+007   8.0922E+006   3.6473E+006   1.4551E+006   5.1993E+005   1.7296E+005   5.4088E+004   1.6392E+004   4.7351E+003   1.3481E+003   3.7557E+002   9.6889E+001
 1620872156.53062150    0.1405   1.4829E+008    3.8000   4.0881E+007   5.3282E+007   6.6285E+007   7.6570E+007   8.0912E+007   7.6199E+007   6.2220E+007   4.3265E+007   2.5252E+007   1.2367E+007   5.1663E+006   1.8798E+006   6.0319E+005   1.7816E+005   4.8983E+004   1.2975E+004   3.2522E+003   8.0109E+002   1.9242E+002   4.2389E+001
 1620872159.37710860    0.1409   1.4829E+008    3.5800   4.4867E+007   5.7963E+007   7.1238E+007   8.1036E+007   8.4022E+007   7.7406E+007   6.1774E+007   4.2092E+007   2.4234E+007   1.1832E+007   4.9943E+006   1.8621E+006   6.2079E+005   1.9268E+005   5.6200E+004   1.5898E+004   4.2824E+003   1.1376E+003   2.9559E+002   7.0876E+001
 1620872162.21225640    0.1404   1.4829E+008    3.9400   3.8812E+007   5.0824E+007   6.3641E+007   7.4128E+007   7.9149E+007   7.5450E+007   6.2410E+007   4.3906E+007   2.5835E+007   1.2677E+007   5.2643E+006   1.8876E+006   5.9171E+005   1.6949E+005   4.4912E+004   1.1416E+004   2.7345E+003   6.4218E+002   1.4675E+002   3.0636E+001
 1620872165.06812380    0.1400   1.4358E+008  999.0000   1.3453E+007   1.8841E+007   2.5972E+007   3.4387E+007   4.3523E+007   5.1563E+007   5.5274E+007   5.1132E+007   3.8116E+007   2.0680E+007   7.0828E+006   1.2411E+006   7.9140E+004   1.2156E+003   2.2623E+000   2.2333E-004   2.4120E-010   5.5192E-019   1.6601E-031   1.9185E-050
 1620872167.91811850    0.1405   1.4358E+008    3.8200   3.7100E+007   4.8560E+007   6.0773E+007   7.0754E+007   7.5529E+007   7.2035E+007   5.9704E+007   4.2190E+007   2.5028E+007   1.2441E+007   5.2612E+006   1.9316E+006   6.2331E+005   1.8455E+005   5.0730E+004   1.3408E+004   3.3477E+003   8.2052E+002   1.9594E+002   4.2873E+001
 1620872170.76812080    0.1400   1.4358E+008  999.0000   1.3453E+007   1.8841E+007   2.5972E+007   3.4387E+007   4.3523E+007   5.1563E+007   5.5274E+007   5.1132E+007   3.8116E+007   2.0680E+007   7.0828E+006   1.2411E+006   7.9140E+004   1.2156E+003   2.2623E+000   2.2333E-004   2.4120E-010   5.5192E-019   1.6601E-031   1.9185E-050
 1620872173.61460020    0.1404   1.4543E+008    3.8400   3.8168E+007   4.9921E+007   6.2410E+007   7.2555E+007   7.7300E+007   7.3532E+007   6.0740E+007   4.2745E+007   2.5233E+007   1.2472E+007   5.2421E+006   1.9119E+006   6.1266E+005   1.8010E+005   4.9145E+004   1.2893E+004   3.1950E+003   7.7719E+002   1.8418E+002   3.9976E+001
 1620872176.44975570    0.1400   1.4543E+008  999.0000   1.3962E+007   1.9542E+007   2.6915E+007   3.5589E+007   4.4961E+007   5.3120E+007   5.6712E+007   5.2151E+007   3.8539E+007   2.0643E+007   6.9396E+006   1.1834E+006   7.2494E+004   1.0508E+003   1.7973E+000   1.5728E-004   1.4257E-010   2.5481E-019   5.4161E-032   3.7813E-051
 1620872179.30561540    0.2000   1.8289E+008  999.0000   1.3772E+007   1.9385E+007   2.6923E+007   3.6029E+007   4.6323E+007   5.6167E+007   6.2306E+007   6.0583E+007   4.8597E+007   2.9362E+007   1.1766E+007   2.5921E+006   2.3162E+005   5.7988E+003   2.1977E+001   5.9954E-003   2.8422E-008   5.2650E-016   3.0165E-027   2.5564E-044
 1620872182.15562150    0.2000   1.8289E+008  999.0000   1.3772E+007   1.9385E+007   2.6923E+007   3.6029E+007   4.6323E+007   5.6167E+007   6.2306E+007   6.0583E+007   4.8597E+007   2.9362E+007   1.1766E+007   2.5921E+006   2.3162E+005   5.7988E+003   2.1977E+001   5.9954E-003   2.8422E-008   5.2650E-016   3.0165E-027   2.5564E-044
 1620872185.00210860    0.2000   1.8289E+008  999.0000   1.3772E+007   1.9385E+007   2.6923E+007   3.6029E+007   4.6323E+007   5.6167E+007   6.2306E+007   6.0583E+007   4.8597E+007   2.9362E+007   1.1766E+007   2.5921E+006   2.3162E+005   5.7988E+003   2.1977E+001   5.9954E-003   2.8422E-008   5.2650E-016   3.0165E-027   2.5564E-044
 1620872187.83725640    0.2300   2.2391E+008  999.0000   1.9000E+007   2.6672E+007   3.6897E+007   4.9095E+007   6.2599E+007   7.4973E+007   8.1667E+007   7.7332E+007   5.9661E+007   3.4042E+007   1.2549E+007   2.4478E+006   1.8280E+005   3.5293E+003   9.1621E+000   1.4551E-003   3.1376E-009   1.9066E-017   2.2667E-029   1.9341E-047
 1620872190.69312380    0.2300   2.2391E+008  999.0000   1.9000E+007   2.6672E+007   3.6897E+007   4.9095E+007   6.2599E+007   7.4973E+007   8.1667E+007   7.7332E+007   5.9661E+007   3.4042E+007   1.2549E+007   2.4478E+006   1.8280E+005   3.5293E+003   9.1621E+000   1.4551E-003   3.1376E-009   1.9066E-017   2.2667E-029   1.9341E-047
 1620872193.53960320    0.2304   2.2391E+008    4.1400   4.7237E+007   6.2729E+007   8.0119E+007   9.5777E+007   1.0578E+008   1.0519E+008   9.1442E+007   6.7838E+007   4.2035E+007   2.1554E+007   9.2273E+006   3.3535E+006   1.0466E+006   2.9353E+005   7.5075E+004   1.8220E+004   4.1280E+003   9.1143E+002   1.9486E+002   3.7794E+001
 1620872196.37476250    0.2500   2.3008E+008  999.0000   1.7538E+007   2.4679E+007   3.4262E+007   4.5824E+007   5.8869E+007   7.1292E+007   7.8941E+007   7.6558E+007   6.1174E+007   3.6752E+007   1.4606E+007   3.1791E+006   2.7907E+005   6.8087E+003   2.4853E+001   6.4254E-003   2.8168E-008   4.6704E-016   2.2880E-027   1.5422E-044
 1620872199.23062990    0.2500   2.3008E+008  999.0000   1.7538E+007   2.4679E+007   3.4262E+007   4.5824E+007   5.8869E+007   7.1292E+007   7.8941E+007   7.6558E+007   6.1174E+007   3.6752E+007   1.4606E+007   3.1791E+006   2.7907E+005   6.8087E+003   2.4853E+001   6.4254E-003   2.8168E-008   4.6704E-016   2.2880E-027   1.5422E-044
 1620872202.08062460    0.2500   2.3008E+008  999.0000   1.7538E+007   2.4679E+007   3.4262E+007   4.5824E+007   5.8869E+007   7.1292E+007   7.8941E+007   7.6558E+007   6.1174E+007   3.6752E+007   1.4606E+007   3.1791E+006   2.7907E+005   6.8087E+003   2.4853E+001   6.4254E-003   2.8168E-008   4.6704E-016   2.2880E-027   1.5422E-044
 1620872204.92711160    0.2705   2.5139E+008    4.2000   4.8065E+007   6.4180E+007   8.2618E+007   9.9799E+007   1.1176E+008   1.1313E+008   1.0047E+008   7.6358E+007   4.8518E+007   2.5472E+007   1.1119E+007   4.0966E+006   1.2875E+006   3.6125E+005   9.1898E+004   2.2081E+004   4.9341E+003   1.0716E+003   2.2489E+002   4.2712E+001
 1620872207.76225570    0.2704   2.5139E+008    4.3200   4.6441E+007   6.2169E+007   8.0315E+007   9.7471E+007   1.0981E+008   1.1198E+008   1.0029E+008   7.6852E+007   4.9157E+007   2.5887E+007   1.1274E+007   4.1163E+006   1.2729E+006   3.4908E+005   8.6289E+004   2.0059E+004   4.3187E+003   9.0148E+002   1.8144E+002   3.2930E+001
 1620872210.61811540    0.2707   2.5140E+008    4.0500   5.0394E+007   6.7052E+007   8.5882E+007   1.0307E+008   1.1445E+008   1.1467E+008   1.0069E+008   7.5663E+007   4.7647E+007   2.4912E+007   1.0908E+007   4.0657E+006   1.3047E+006   3.7689E+005   9.9432E+004   2.4910E+004   5.8330E+003   1.3315E+003   2.9447E+002   5.9204E+001
 1620872213.46812150    0.3014   2.1826E+008    4.0000   2.8371E+007   3.8493E+007   5.0709E+007   6.3201E+007   7.3859E+007   7.9140E+007   7.5619E+007   6.2796E+007   4.4233E+007   2.6012E+007   1.2775E+007   5.2921E+006   1.8644E+006   5.8232E+005   1.6389E+005   4.3269E+004   1.0586E+004   2.5065E+003   5.7207E+002   1.1841E+002
 1620872216.31812380    0.3020   2.1826E+008    3.8000   3.0610E+007   4.1338E+007   5.4097E+007   6.6837E+007   7.7217E+007   8.1555E+007   7.6623E+007   6.2514E+007   4.3334E+007   2.5206E+007   1.2350E+007   5.1616E+006   1.8578E+006   5.9991E+005   1.7643E+005   4.9078E+004   1.2747E+004   3.2192E+003   7.8689E+002   1.7555E+002
 1620872219.16460320    0.3700   2.1149E+008  999.0000   6.4315E+006   9.1933E+006   1.3067E+007   1.8074E+007   2.4392E+007   3.1770E+007   3.9170E+007   4.4428E+007   4.4694E+007   3.7660E+007   2.4522E+007   1.0969E+007   2.7877E+006   3.1778E+005   1.1004E+004   7.1699E+001   3.5251E-002   4.8536E-007   3.4109E-014   3.2497E-025
 1620872221.99975870    0.4100   2.4204E+008  999.0000   7.8369E+006   1.1193E+007   1.5889E+007   2.1938E+007   2.9528E+007   3.8309E+007   4.6960E+007   5.2818E+007   5.2479E+007   4.3423E+007   2.7533E+007   1.1847E+007   2.8433E+006   2.9824E+005   9.1447E+003   5.0024E+001   1.9025E-002   1.8136E-007   7.5204E-015   3.2539E-026
 1620872224.85561850    0.4100   2.4204E+008  999.0000   7.8369E+006   1.1193E+007   1.5889E+007   2.1938E+007   2.9528E+007   3.8309E+007   4.6960E+007   5.2818E+007   5.2479E+007   4.3423E+007   2.7533E+007   1.1847E+007   2.8433E+006   2.9824E+005   9.1447E+003   5.0024E+001   1.9025E-002   1.8136E-007   7.5204E-015   3.2539E-026
 1620872227.70210550    0.4107   2.4205E+008    4.7700   1.7189E+007   2.3892E+007   3.2593E+007   4.2593E+007   5.3089E+007   6.1971E+007   6.6021E+007   6.2363E+007   5.0657E+007   3.4343E+007   1.9068E+007   8.5968E+006   3.1296E+006   9.5197E+005   2.4620E+005   5.6816E+004   1.1622E+004   2.2280E+003   4.0120E+002   6.3482E+001
 1620872230.53725340    0.4107   2.3841E+008    4.8600   1.6136E+007   2.2465E+007   3.0717E+007   4.0270E+007   5.0418E+007   5.9209E+007   6.3578E+007   6.0639E+007   4.9810E+007   3.4168E+007   1.9174E+007   8.7117E+006   3.1813E+006   9.6503E+005   2.4735E+005   5.6252E+004   1.1280E+004   2.1117E+003   3.7012E+002   5.6785E+001
 1620872233.39312460    0.4107   2.3841E+008    4.8300   1.6238E+007   2.2601E+007   3.0892E+007   4.0478E+007   5.0642E+007   5.9415E+007   6.3722E+007   6.0690E+007   4.9777E+007   3.4100E+007   1.9120E+007   8.6893E+006   3.1782E+006   9.6719E+005   2.4912E+005   5.7015E+004   1.1522E+004   2.1760E+003   3.8506E+002   5.9714E+001
 1620872236.24312690    0.4106   2.3841E+008    4.9300   1.5906E+007   2.2158E+007   3.0324E+007   3.9802E+007   4.9912E+007   5.8741E+007   6.3249E+007   6.0520E+007   4.9883E+007   3.4323E+007   1.9295E+007   8.7629E+006   3.1882E+006   9.6000E+005   2.4329E+005   5.4520E+004   1.0738E+004   1.9696E+003   3.3759E+002   5.0517E+001
 1620872239.09312150    0.4200   2.6456E+008  999.0000   9.7153E+006   1.3851E+007   1.9610E+007   2.6972E+007   3.6102E+007   4.6453E+007   5.6253E+007   6.2155E+007   6.0163E+007   4.7905E+007   2.8720E+007   1.1387E+007   2.4216E+006   2.1314E+005   5.0571E+003   1.9136E+001   4.2379E-003   1.8639E-008   2.5512E-016   2.1091E-028
 1620872241.93960860    0.4200   2.6456E+008  999.0000   9.7153E+006   1.3851E+007   1.9610E+007   2.6972E+007   3.6102E+007   4.6453E+007   5.6253E+007   6.2155E+007   6.0163E+007   4.7905E+007   2.8720E+007   1.1387E+007   2.4216E+006   2.1314E+005   5.0571E+003   1.9136E+001   4.2379E-003   1.8639E-008   2.5512E-016   2.1091E-028
 1620872244.77475640    0.4200   2.6456E+008  999.0000   9.7153E+006   1.3851E+007   1.9610E+007   2.6972E+007   3.6102E+007   4.6453E+007   5.6253E+007   6.2155E+007   6.0163E+007   4.7905E+007   2.8720E+007   1.1387E+007   2.4216E+006   2.1314E+005   5.0571E+003   1.9136E+001   4.2379E-003   1.8639E-008   2.5512E-016   2.1091E-028
 1620872247.63062380    0.3700   2.3130E+008  999.0000   8.3691E+006   1.1934E+007   1.6902E+007   2.3258E+007   3.1152E+007   4.0124E+007   4.8660E+007   5.3880E+007   5.2319E+007   4.1853E+007   2.5262E+007   1.0115E+007   2.1829E+006   1.9624E+005   4.8028E+003   1.9001E+001   4.4919E-003   2.1689E-008   3.3931E-016   3.4238E-028
 1620872250.48061850    0.3700   2.3130E+008  999.0000   8.3691E+006   1.1934E+007   1.6902E+007   2.3258E+007   3.1152E+007   4.0124E+007   4.8660E+007   5.3880E+007   5.2319E+007   4.1853E+007   2.5262E+007   1.0115E+007   2.1829E+006   1.9624E+005   4.8028E+003   1.9001E+001   4.4919E-003   2.1689E-008   3.3931E-016   3.4238E-028
 1620872253.33062080    0.3700   2.3130E+008  999.0000   8.3691E+006   1.1934E+007   1.6902E+007   2.3258E+007   3.1152E+007   4.0124E+007   4.8660E+007   5.3880E+007   5.2319E+007   4.1853E+007   2.5262E+007   1.0115E+007   2.1829E+006   1.9624E+005   4.8028E+003   1.9001E+001   4.4919E-003   2.1689E-008   3.3931E-016   3.4238E-028
 1620872256.17710020    0.4000   2.1882E+008  999.0000   6.1096E+006   8.7428E+006   1.2447E+007   1.7258E+007   2.3371E+007   3.0597E+007   3.8010E+007   4.3591E+007   4.4568E+007   3.8460E+007   2.5930E+007   1.2203E+007   3.3431E+006   4.2497E+005   1.7259E+004   1.4143E+002   9.7380E-002   2.1725E-006   3.0535E-013   8.2207E-024
 1620872259.01225570    0.4000   2.1882E+008  999.0000   6.1096E+006   8.7428E+006   1.2447E+007   1.7258E+007   2.3371E+007   3.0597E+007   3.8010E+007   4.3591E+007   4.4568E+007   3.8460E+007   2.5930E+007   1.2203E+007   3.3431E+006   4.2497E+005   1.7259E+004   1.4143E+002   9.7380E-002   2.1725E-006   3.0535E-013   8.2207E-024
 1620872261.86811540    0.4000   2.1882E+008  999.0000   6.1096E+006   8.7428E+006   1.2447E+007   1.7258E+007   2.3371E+007   3.0597E+007   3.8010E+007   4.3591E+007   4.4568E+007   3.8460E+007   2.5930E+007   1.2203E+007   3.3431E+006   4.2497E+005   1.7259E+004   1.4143E+002   9.7380E-002   2.1725E-006   3.0535E-013   8.2207E-024
 1620872264.71812150    0.3500   1.9416E+008  999.0000   5.5699E+006   7.9678E+006   1.1338E+007   1.5708E+007   2.1250E+007   2.7775E+007   3.4423E+007   3.9341E+007   4.0020E+007   3.4279E+007   2.2861E+007   1.0589E+007   2.8336E+006   3.4814E+005   1.3451E+004   1.0260E+002   6.3577E-002   1.2195E-006   1.3797E-013   2.6827E-024
 1620872267.56460860    0.3500   1.9416E+008  999.0000   5.5699E+006   7.9678E+006   1.1338E+007   1.5708E+007   2.1250E+007   2.7775E+007   3.4423E+007   3.9341E+007   4.0020E+007   3.4279E+007   2.2861E+007   1.0589E+007   2.8336E+006   3.4814E+005   1.3451E+004   1.0260E+002   6.3577E-002   1.2195E-006   1.3797E-013   2.6827E-024
 1620872270.39975640    0.3500   1.9416E+008  999.0000   5.5699E+006   7.9678E+006   1.1338E+007   1.5708E+007   2.1250E+007   2.7775E+007   3.4423E+007   3.9341E+007   4.0020E+007   3.4279E+007   2.2861E+007   1.0589E+007   2.8336E+006   3.4814E+005   1.3451E+004   1.0260E+002   6.3577E-002   1.2195E-006   1.3797E-013   2.6827E-024
 1620872273.25562380    0.3300   1.8609E+008  999.0000   5.5118E+006   7.8815E+006   1.1208E+007   1.5515E+007   2.0961E+007   2.7345E+007   3.3794E+007   3.8463E+007   3.8890E+007   3.3015E+007   2.1734E+007   9.8776E+006   2.5700E+006   3.0314E+005   1.1034E+004   7.7249E+001   4.2203E-002   6.7584E-007   5.8999E-014   7.7784E-025
 1620872276.10561850    0.3300   1.8609E+008  999.0000   5.5118E+006   7.8815E+006   1.1208E+007   1.5515E+007   2.0961E+007   2.7345E+007   3.3794E+007   3.8463E+007   3.8890E+007   3.3015E+007   2.1734E+007   9.8776E+006   2.5700E+006   3.0314E+005   1.1034E+004   7.7249E+001   4.2203E-002   6.7584E-007   5.8999E-014   7.7784E-025
 1620872278.95562080    0.3300   1.8609E+008  999.0000   5.5118E+006   7.8815E+006   1.1208E+007   1.5515E+007   2.0961E+007   2.7345E+007   3.3794E+007   3.8463E+007   3.8890E+007   3.3015E+007   2.1734E+007   9.8776E+006   2.5700E+006   3.0314E+005   1.1034E+004   7.7249E+001   4.2203E-002   6.7584E-007   5.8999E-014   7.7784E-025
 1620872281.80210020    0.3400   1.6209E+008  999.0000   3.4600E+006   4.9670E+006   7.1053E+006   9.9181E+006   1.3566E+007   1.8023E+007   2.2880E+007   2.7082E+007   2.9007E+007   2.6801E+007   1.9965E+007   1.0869E+007   3.6927E+006   6.4171E+005   4.1178E+004   6.5194E+002   1.1822E+000   1.0587E-004   1.1005E-010   6.0025E-020
 1620872284.63725570    0.3409   1.6210E+008    4.8400   7.5420E+006   1.0596E+007   1.4684E+007   1.9612E+007   2.5204E+007   3.0697E+007   3.4634E+007   3.5225E+007   3.1365E+007   2.3683E+007   1.4788E+007   7.5088E+006   3.0581E+006   1.0238E+006   2.8569E+005   6.9619E+004   1.4759E+004   2.8844E+003   5.2273E+002   8.2403E+001
 1620872287.49311540    0.2508   1.4146E+008    4.4700   9.9609E+006   1.3834E+007   1.8849E+007   2.4595E+007   3.0597E+007   3.5637E+007   3.7884E+007   3.5743E+007   2.9072E+007   1.9832E+007   1.1166E+007   5.1604E+006   1.9517E+006   6.2533E+005   1.7270E+005   4.3040E+004   9.6132E+003   2.0270E+003   4.0400E+002   7.1451E+001
 1620872290.34312150    0.2508   1.4146E+008    4.4800   9.9352E+006   1.3799E+007   1.8806E+007   2.4543E+007   3.0542E+007   3.5587E+007   3.7850E+007   3.5731E+007   2.9079E+007   1.9848E+007   1.1179E+007   5.1659E+006   1.9527E+006   6.2494E+005   1.7230E+005   4.2846E+004   9.5447E+003   2.0066E+003   3.9864E+002   7.0250E+001
 1620872293.18960860    0.2407   1.2795E+008    4.6200   7.7507E+006   1.0814E+007   1.4834E+007   1.9535E+007   2.4615E+007   2.9174E+007   3.1736E+007   3.0811E+007   2.5922E+007   1.8348E+007   1.0712E+007   5.1071E+006   1.9749E+006   6.3912E+005   1.7598E+005   4.3196E+004   9.3994E+003   1.9146E+003   3.6613E+002   6.1673E+001
 1620872296.02475640    0.2309   1.2650E+008    4.4000   8.6015E+006   1.1954E+007   1.6305E+007   2.1307E+007   2.6562E+007   3.1030E+007   3.3126E+007   3.1432E+007   2.5761E+007   1.7749E+007   1.0117E+007   4.7456E+006   1.8264E+006   5.9674E+005   1.6837E+005   4.2925E+004   9.8219E+003   2.1231E+003   4.3412E+002   7.8910E+001
 1620872298.88062380    0.2306   1.2650E+008    4.6200   8.1301E+006   1.1326E+007   1.5500E+007   2.0348E+007   2.5528E+007   3.0072E+007   3.2445E+007   3.1169E+007   2.5885E+007   1.8046E+007   1.0363E+007   4.8588E+006   1.8491E+006   5.9012E+005   1.6061E+005   3.9065E+004   8.4411E+003   1.7106E+003   3.2591E+002   5.4748E+001
 1620872301.73061850    0.2300   1.2649E+008  999.0000   3.5680E+006   5.1051E+006   7.2669E+006   1.0072E+007   1.3635E+007   1.7840E+007   2.2142E+007   2.5360E+007   2.5880E+007   2.2270E+007   1.4953E+007   6.9954E+006   1.8995E+006   2.3839E+005   9.5012E+003   7.5785E+001   5.0150E-002   1.0569E-006   1.3690E-013   3.2603E-024
 1620872304.58062460    0.2500   1.4524E+008  999.0000   4.5586E+006   6.5135E+006   9.2522E+006   1.2786E+007   1.7233E+007   2.2401E+007   2.7539E+007   3.1105E+007   3.1098E+007   2.5966E+007   1.6685E+007   7.3200E+006   1.8078E+006   1.9769E+005   6.4417E+003   3.8459E+001   1.6631E-002   1.9054E-007   1.0285E-014   6.6022E-026
 1620872307.42711160    0.2500   1.4524E+008  999.0000   4.5586E+006   6.5135E+006   9.2522E+006   1.2786E+007   1.7233E+007   2.2401E+007   2.7539E+007   3.1105E+007   3.1098E+007   2.5966E+007   1.6685E+007   7.3200E+006   1.8078E+006   1.9769E+005   6.4417E+003   3.8459E+001   1.6631E-002   1.9054E-007   1.0285E-014   6.6022E-026
 1620872310.26225570    0.2500   1.4524E+008  999.0000   4.5586E+006   6.5135E+006   9.2522E+006   1.2786E+007   1.7233E+007   2.2401E+007   2.7539E+007   3.1105E+007   3.1098E+007   2.5966E+007   1.6685E+007   7.3200E+006   1.8078E+006   1.9769E+005   6.4417E+003   3.8459E+001   1.6631E-002   1.9054E-007   1.0285E-014   6.6022E-026
 1620872313.11811540    0.2000   1.1657E+008  999.0000   3.6821E+006   5.2606E+006   7.4715E+006   1.0323E+007   1.3910E+007   1.8075E+007   2.2207E+007   2.5061E+007   2.5024E+007   2.0857E+007   1.3366E+007   5.8408E+006   1.4341E+006   1.5551E+005   5.0054E+003   2.9360E+001   1.2370E-002   1.3655E-007   6.9875E-015   4.1411E-026
 1620872315.96811770    0.2000   1.1657E+008  999.0000   3.6821E+006   5.2606E+006   7.4715E+006   1.0323E+007   1.3910E+007   1.8075E+007   2.2207E+007   2.5061E+007   2.5024E+007   2.0857E+007   1.3366E+007   5.8408E+006   1.4341E+006   1.5551E+005   5.0054E+003   2.9360E+001   1.2370E-002   1.3655E-007   6.9875E-015   4.1411E-026
 1620872318.81811240    0.2000   1.1657E+008  999.0000   3.6821E+006   5.2606E+006   7.4715E+006   1.0323E+007   1.3910E+007   1.8075E+007   2.2207E+007   2.5061E+007   2.5024E+007   2.0857E+007   1.3366E+007   5.8408E+006   1.4341E+006   1.5551E+005   5.0054E+003   2.9360E+001   1.2370E-002   1.3655E-007   6.9875E-015   4.1411E-026
 1620872321.66459970    0.1500   1.1310E+008  999.0000   5.8801E+006   8.3365E+006   1.1704E+007   1.5907E+007   2.0921E+007   2.6231E+007   3.0573E+007   3.1949E+007   2.8492E+007   2.0113E+007   1.0114E+007   3.1029E+006   4.5190E+005   2.2964E+004   2.4431E+002   2.9231E-001   1.1991E-005   4.7582E-012   2.1017E-021   1.0612E-035
 1620872324.50114010    0.1500   1.1310E+008  999.0000   5.8801E+006   8.3365E+006   1.1704E+007   1.5907E+007   2.0921E+007   2.6231E+007   3.0573E+007   3.1949E+007   2.8492E+007   2.0113E+007   1.0114E+007   3.1029E+006   4.5190E+005   2.2964E+004   2.4431E+002   2.9231E-001   1.1991E-005   4.7582E-012   2.1017E-021   1.0612E-035
 1620872327.35979580    0.1500   1.1310E+008  999.0000   5.8801E+006   8.3365E+006   1.1704E+007   1.5907E+007   2.0921E+007   2.6231E+007   3.0573E+007   3.1949E+007   2.8492E+007   2.0113E+007   1.0114E+007   3.1029E+006   4.5190E+005   2.2964E+004   2.4431E+002   2.9231E-001   1.1991E-005   4.7582E-012   2.1017E-021   1.0612E-035
 1620872330.20562080    0.1500   1.0483E+008  999.0000   4.7074E+006   6.6904E+006   9.4283E+006   1.2882E+007   1.7075E+007   2.1657E+007   2.5674E+007   2.7502E+007   2.5435E+007   1.8942E+007   1.0299E+007   3.5406E+006   6.1004E+005   3.9559E+004   6.0076E+002   1.1977E+000   1.0371E-004   1.1934E-010   2.4035E-019   1.1484E-032
 1620872333.05210020    0.1500   1.0483E+008  999.0000   4.7074E+006   6.6904E+006   9.4283E+006   1.2882E+007   1.7075E+007   2.1657E+007   2.5674E+007   2.7502E+007   2.5435E+007   1.8942E+007   1.0299E+007   3.5406E+006   6.1004E+005   3.9559E+004   6.0076E+002   1.1977E+000   1.0371E-004   1.1934E-010   2.4035E-019   1.1484E-032
 1620872335.88725950    0.1500   1.0483E+008  999.0000   4.7074E+006   6.6904E+006   9.4283E+006   1.2882E+007   1.7075E+007   2.1657E+007   2.5674E+007   2.7502E+007   2.5435E+007   1.8942E+007   1.0299E+007   3.5406E+006   6.1004E+005   3.9559E+004   6.0076E+002   1.1977E+000   1.0371E-004   1.1934E-010   2.4035E-019   1.1484E-032
 1620872338.74312690    0.1500   1.0532E+008  999.0000   4.7719E+006   6.7811E+006   9.5540E+006   1.3050E+007   1.7289E+007   2.1914E+007   2.5952E+007   2.7760E+007   2.5619E+007   1.9018E+007   1.0293E+007   3.5149E+006   5.9963E+005   3.8328E+004   5.6997E+002   1.1026E+000   9.1354E-005   9.8704E-011   1.8171E-019   7.5987E-033
 1620872341.59312150    0.1500   1.0532E+008  999.0000   4.7719E+006   6.7811E+006   9.5540E+006   1.3050E+007   1.7289E+007   2.1914E+007   2.5952E+007   2.7760E+007   2.5619E+007   1.9018E+007   1.0293E+007   3.5149E+006   5.9963E+005   3.8328E+004   5.6997E+002   1.1026E+000   9.1354E-005   9.8704E-011   1.8171E-019   7.5987E-033
 1620872344.44312380    0.1500   1.1288E+008  999.0000   5.8471E+006   8.2903E+006   1.1641E+007   1.5823E+007   2.0814E+007   2.6105E+007   3.0440E+007   3.1831E+007   2.8413E+007   2.0086E+007   1.0121E+007   3.1143E+006   4.5558E+005   2.3299E+004   2.5020E+002   3.0339E-001   1.2692E-005   5.1785E-012   2.3800E-021   1.2742E-035
 1620872347.28960320    0.1600   1.0124E+008  999.0000   3.7508E+006   5.3468E+006   7.5685E+006   1.0407E+007   1.3924E+007   1.7906E+007   2.1664E+007   2.3906E+007   2.3096E+007   1.8339E+007   1.0950E+007   4.3157E+006   9.0982E+005   7.9065E+004   1.8415E+003   6.7845E+000   1.4448E-003   6.0088E-009   7.5914E-017   5.5693E-029
 1620872350.12475870    0.1600   1.0124E+008  999.0000   3.7508E+006   5.3468E+006   7.5685E+006   1.0407E+007   1.3924E+007   1.7906E+007   2.1664E+007   2.3906E+007   2.3096E+007   1.8339E+007   1.0950E+007   4.3157E+006   9.0982E+005   7.9065E+004   1.8415E+003   6.7845E+000   1.4448E-003   6.0088E-009   7.5914E-017   5.5693E-029
 1620872352.98061850    0.1600   1.0124E+008  999.0000   3.7508E+006   5.3468E+006   7.5685E+006   1.0407E+007   1.3924E+007   1.7906E+007   2.1664E+007   2.3906E+007   2.3096E+007   1.8339E+007   1.0950E+007   4.3157E+006   9.0982E+005   7.9065E+004   1.8415E+003   6.7845E+000   1.4448E-003   6.0088E-009   7.5914E-017   5.5693E-029
 1620872355.83062080    0.1600   1.0124E+008  999.0000   3.7508E+006   5.3468E+006   7.5685E+006   1.0407E+007   1.3924E+007   1.7906E+007   2.1664E+007   2.3906E+007   2.3096E+007   1.8339E+007   1.0950E+007   4.3157E+006   9.0982E+005   7.9065E+004   1.8415E+003   6.7845E+000   1.4448E-003   6.0088E-009   7.5914E-017   5.5693E-029
 1620872358.67710020    0.1500   8.6040E+007  999.0000   2.6342E+006   3.7651E+006   5.3509E+006   7.3998E+006   9.9837E+006   1.2998E+007   1.6016E+007   1.8150E+007   1.8234E+007   1.5335E+007   9.9570E+006   4.4355E+006   1.1204E+006   1.2659E+005   4.3271E+003   2.7674E+001   1.3239E-002   1.7529E-007   1.1645E-014   1.0199E-025
 1620872361.51225570    0.1500   8.6040E+007  999.0000   2.6342E+006   3.7651E+006   5.3509E+006   7.3998E+006   9.9837E+006   1.2998E+007   1.6016E+007   1.8150E+007   1.8234E+007   1.5335E+007   9.9570E+006   4.4355E+006   1.1204E+006   1.2659E+005   4.3271E+003   2.7674E+001   1.3239E-002   1.7529E-007   1.1645E-014   1.0199E-025
 1620872364.36811540    0.1500   8.6040E+007  999.0000   2.6342E+006   3.7651E+006   5.3509E+006   7.3998E+006   9.9837E+006   1.2998E+007   1.6016E+007   1.8150E+007   1.8234E+007   1.5335E+007   9.9570E+006   4.4355E+006   1.1204E+006   1.2659E+005   4.3271E+003   2.7674E+001   1.3239E-002   1.7529E-007   1.1645E-014   1.0199E-025
 1620872367.21812150    0.1000   6.1980E+007  999.0000   2.2058E+006   3.1462E+006   4.4574E+006   6.1369E+006   8.2258E+006   1.0607E+007   1.2884E+007   1.4301E+007   1.3935E+007   1.1205E+007   6.8146E+006   2.7589E+006   6.0511E+005   5.5698E+004   1.4109E+003   5.8652E+000   1.4910E-003   7.9874E-009   1.4500E-016   1.8266E-028
 1620872370.06812380    0.1000   6.1980E+007  999.0000   2.2058E+006   3.1462E+006   4.4574E+006   6.1369E+006   8.2258E+006   1.0607E+007   1.2884E+007   1.4301E+007   1.3935E+007   1.1205E+007   6.8146E+006   2.7589E+006   6.0511E+005   5.5698E+004   1.4109E+003   5.8652E+000   1.4910E-003   7.9874E-009   1.4500E-016   1.8266E-028
