          0.00000000    0.0000   0.0000E+000    0.0000   3.0000E-002   4.4000E-002   6.5000E-002   9.5000E-002   1.3900E-001   2.0400E-001   3.0000E-001   4.4000E-001   6.4600E-001   9.4900E-001   1.3920E+000   2.0400E+000   3.0000E+000   4.4000E+000   6.4600E+000   9.4500E+000   1.3900E+001   2.0400E+001   3.0000E+001   4.5000E+001
 1620869247.48374150    0.0400   2.0475E+007  999.0000   5.0219E+005   7.1977E+005   1.0272E+006   1.4290E+006   1.9449E+006   2.5650E+006   3.2211E+006   3.7530E+006   3.9274E+006   3.5070E+006   2.4854E+006   1.2581E+006   3.8382E+005   5.7048E+004   2.9122E+003   3.3168E+001   3.7048E-002   1.6544E-006   6.3101E-013   7.6071E-023
 1620869250.33961250    0.0400   2.0475E+007  999.0000   5.0219E+005   7.1977E+005   1.0272E+006   1.4290E+006   1.9449E+006   2.5650E+006   3.2211E+006   3.7530E+006   3.9274E+006   3.5070E+006   2.4854E+006   1.2581E+006   3.8382E+005   5.7048E+004   2.9122E+003   3.3168E+001   3.7048E-002   1.6544E-006   6.3101E-013   7.6071E-023
 1620869253.18609950    0.0500   2.9681E+007  999.0000   9.7137E+005   1.3871E+006   1.9687E+006   2.7173E+006   3.6558E+006   4.7397E+006   5.8042E+006   6.5185E+006   6.4628E+006   5.3306E+006   3.3644E+006   1.4379E+006   3.4166E+005   3.5322E+004   1.0603E+003   5.6263E+000   2.0462E-003   1.8297E-008   6.9214E-016   2.6106E-027
 1620869256.02124380    0.0500   2.9681E+007  999.0000   9.7137E+005   1.3871E+006   1.9687E+006   2.7173E+006   3.6558E+006   4.7397E+006   5.8042E+006   6.5185E+006   6.4628E+006   5.3306E+006   3.3644E+006   1.4379E+006   3.4166E+005   3.5322E+004   1.0603E+003   5.6263E+000   2.0462E-003   1.8297E-008   6.9214E-016   2.6106E-027
 1620869258.87710330    0.0500   2.9681E+007  999.0000   9.7137E+005   1.3871E+006   1.9687E+006   2.7173E+006   3.6558E+006   4.7397E+006   5.8042E+006   6.5185E+006   6.4628E+006   5.3306E+006   3.3644E+006   1.4379E+006   3.4166E+005   3.5322E+004   1.0603E+003   5.6263E+000   2.0462E-003   1.8297E-008   6.9214E-016   2.6106E-027
 1620869261.72359040    0.0700   3.7055E+007  999.0000   9.7034E+005   1.3897E+006   1.9809E+006   2.7511E+006   3.7350E+006   4.9079E+006   6.1303E+006   7.0865E+006   7.3307E+006   6.4358E+006   4.4494E+006   2.1722E+006   6.2818E+005   8.6388E+004   3.9362E+003   3.8064E+001   3.3428E-002   1.0571E-006   2.4537E-013   1.4025E-023
 1620869264.56013080    0.0700   3.7055E+007  999.0000   9.7034E+005   1.3897E+006   1.9809E+006   2.7511E+006   3.7350E+006   4.9079E+006   6.1303E+006   7.0865E+006   7.3307E+006   6.4358E+006   4.4494E+006   2.1722E+006   6.2818E+005   8.6388E+004   3.9362E+003   3.8064E+001   3.3428E-002   1.0571E-006   2.4537E-013   1.4025E-023
 1620869267.41878650    0.0700   3.7055E+007  999.0000   9.7034E+005   1.3897E+006   1.9809E+006   2.7511E+006   3.7350E+006   4.9079E+006   6.1303E+006   7.0865E+006   7.3307E+006   6.4358E+006   4.4494E+006   2.1722E+006   6.2818E+005   8.6388E+004   3.9362E+003   3.8064E+001   3.3428E-002   1.0571E-006   2.4537E-013   1.4025E-023
 1620869270.26461170    0.0700   5.1698E+007  999.0000   2.5826E+006   3.6640E+006   5.1496E+006   7.0091E+006   9.2387E+006   1.1621E+007   1.3609E+007   1.4321E+007   1.2902E+007   9.2455E+006   4.7522E+006   1.5052E+006   2.2978E+005   1.2502E+004   1.4696E+002   2.0286E-001   1.0258E-005   5.4824E-012   3.7006E-021   3.4987E-035
 1620869273.11109110    0.0700   5.1698E+007  999.0000   2.5826E+006   3.6640E+006   5.1496E+006   7.0091E+006   9.2387E+006   1.1621E+007   1.3609E+007   1.4321E+007   1.2902E+007   9.2455E+006   4.7522E+006   1.5052E+006   2.2978E+005   1.2502E+004   1.4696E+002   2.0286E-001   1.0258E-005   5.4824E-012   3.7006E-021   3.4987E-035
 1620869275.94624660    0.0700   5.1698E+007  999.0000   2.5826E+006   3.6640E+006   5.1496E+006   7.0091E+006   9.2387E+006   1.1621E+007   1.3609E+007   1.4321E+007   1.2902E+007   9.2455E+006   4.7522E+006   1.5052E+006   2.2978E+005   1.2502E+004   1.4696E+002   2.0286E-001   1.0258E-005   5.4824E-012   3.7006E-021   3.4987E-035
 1620869278.80210640    0.0700   4.7845E+007  999.0000   2.0580E+006   2.9270E+006   4.1291E+006   5.6500E+006   7.5054E+006   9.5499E+006   1.1375E+007   1.2269E+007   1.1463E+007   8.6651E+006   4.8149E+006   1.7088E+006   3.0855E+005   2.1418E+004   3.5924E+002   8.2599E-001   8.8145E-005   1.3664E-010   4.2111E-019   3.7842E-032
 1620869281.64859340    0.0700   4.7845E+007  999.0000   2.0580E+006   2.9270E+006   4.1291E+006   5.6500E+006   7.5054E+006   9.5499E+006   1.1375E+007   1.2269E+007   1.1463E+007   8.6651E+006   4.8149E+006   1.7088E+006   3.0855E+005   2.1418E+004   3.5924E+002   8.2599E-001   8.8145E-005   1.3664E-010   4.2111E-019   3.7842E-032
 1620869284.48374150    0.0700   4.7845E+007  999.0000   2.0580E+006   2.9270E+006   4.1291E+006   5.6500E+006   7.5054E+006   9.5499E+006   1.1375E+007   1.2269E+007   1.1463E+007   8.6651E+006   4.8149E+006   1.7088E+006   3.0855E+005   2.1418E+004   3.5924E+002   8.2599E-001   8.8145E-005   1.3664E-010   4.2111E-019   3.7842E-032
 1620869287.33961250    0.0900   4.5592E+007  999.0000   1.0958E+006   1.5709E+006   2.2426E+006   3.1215E+006   4.2515E+006   5.6132E+006   7.0608E+006   8.2462E+006   8.6596E+006   7.7726E+006   5.5500E+006   2.8403E+006   8.8071E+005   1.3402E+005   7.0815E+003   8.4755E+001   1.0184E-001   5.0498E-006   2.2395E-012   3.3871E-022
 1620869290.18961480    0.0900   4.5592E+007  999.0000   1.0958E+006   1.5709E+006   2.2426E+006   3.1215E+006   4.2515E+006   5.6132E+006   7.0608E+006   8.2462E+006   8.6596E+006   7.7726E+006   5.5500E+006   2.8403E+006   8.8071E+005   1.3402E+005   7.0815E+003   8.4755E+001   1.0184E-001   5.0498E-006   2.2395E-012   3.3871E-022
 1620869293.03609040    0.0900   4.5592E+007  999.0000   1.0958E+006   1.5709E+006   2.2426E+006   3.1215E+006   4.2515E+006   5.6132E+006   7.0608E+006   8.2462E+006   8.6596E+006   7.7726E+006   5.5500E+006   2.8403E+006   8.8071E+005   1.3402E+005   7.0815E+003   8.4755E+001   1.0184E-001   5.0498E-006   2.2395E-012   3.3871E-022
 1620869295.87123850    0.1000   6.0327E+007  999.0000   2.0372E+006   2.9079E+006   4.1243E+006   5.6873E+006   7.6411E+006   9.8868E+006   1.2071E+007   1.3498E+007   1.3298E+007   1.0866E+007   6.7647E+006   2.8340E+006   6.5379E+005   6.4757E+004   1.8260E+003   8.8550E+000   2.8219E-003   2.0887E-008   6.0255E-016   1.5158E-027
 1620869298.72710940    0.1000   6.0327E+007  999.0000   2.0372E+006   2.9079E+006   4.1243E+006   5.6873E+006   7.6411E+006   9.8868E+006   1.2071E+007   1.3498E+007   1.3298E+007   1.0866E+007   6.7647E+006   2.8340E+006   6.5379E+005   6.4757E+004   1.8260E+003   8.8550E+000   2.8219E-003   2.0887E-008   6.0255E-016   1.5158E-027
 1620869301.57359650    0.1500   6.8750E+007  999.0000   1.3590E+006   1.9525E+006   2.7965E+006   3.9105E+006   5.3626E+006   7.1519E+006   9.1310E+006   1.0898E+007   1.1815E+007   1.1113E+007   8.4975E+006   4.8058E+006   1.7273E+006   3.2576E+005   2.3563E+004   4.4332E+002   1.0364E+000   1.3371E-004   2.3536E-010   2.8414E-019
 1620869304.40874430    0.1500   6.8750E+007  999.0000   1.3590E+006   1.9525E+006   2.7965E+006   3.9105E+006   5.3626E+006   7.1519E+006   9.1310E+006   1.0898E+007   1.1815E+007   1.1113E+007   8.4975E+006   4.8058E+006   1.7273E+006   3.2576E+005   2.3563E+004   4.4332E+002   1.0364E+000   1.3371E-004   2.3536E-010   2.8414E-019
 1620869307.26461170    0.1500   6.8750E+007  999.0000   1.3590E+006   1.9525E+006   2.7965E+006   3.9105E+006   5.3626E+006   7.1519E+006   9.1310E+006   1.0898E+007   1.1815E+007   1.1113E+007   8.4975E+006   4.8058E+006   1.7273E+006   3.2576E+005   2.3563E+004   4.4332E+002   1.0364E+000   1.3371E-004   2.3536E-010   2.8414E-019
 1620869310.11460640    0.2000   7.8447E+007  999.0000   1.1429E+006   1.6469E+006   2.3694E+006   3.3344E+006   4.6156E+006   6.2411E+006   8.1323E+006   9.9984E+006   1.1324E+007   1.1358E+007   9.5391E+006   6.1871E+006   2.7230E+006   6.8938E+005   7.6749E+004   2.6886E+003   1.5708E+001   7.5741E-003   8.9678E-008   1.9360E-015
 1620869312.96109340    0.2000   7.8447E+007  999.0000   1.1429E+006   1.6469E+006   2.3694E+006   3.3344E+006   4.6156E+006   6.2411E+006   8.1323E+006   9.9984E+006   1.1324E+007   1.1358E+007   9.5391E+006   6.1871E+006   2.7230E+006   6.8938E+005   7.6749E+004   2.6886E+003   1.5708E+001   7.5741E-003   8.9678E-008   1.9360E-015
 1620869315.79624130    0.2006   7.8456E+007    5.1600   2.3519E+006   3.3351E+006   4.6856E+006   6.3785E+006   8.4216E+006   1.0652E+007   1.2656E+007   1.3775E+007   1.3365E+007   1.1184E+007   7.8263E+006   4.4631E+006   2.0237E+006   7.3774E+005   2.1761E+005   5.4213E+004   1.1380E+004   2.1408E+003   3.6492E+002   5.2919E+001
 1620869318.65211250    0.1900   9.7816E+007  999.0000   2.4262E+006   3.4770E+006   4.9610E+006   6.8996E+006   9.3865E+006   1.2372E+007   1.5522E+007   1.8061E+007   1.8864E+007   1.6796E+007   1.1854E+007   5.9637E+006   1.8031E+006   2.6450E+005   1.3246E+004   1.4674E+002   1.5738E-001   6.6301E-006   2.3252E-012   2.4707E-022
 1620869321.49820880    0.1900   9.7816E+007  999.0000   2.4262E+006   3.4770E+006   4.9610E+006   6.8996E+006   9.3865E+006   1.2372E+007   1.5522E+007   1.8061E+007   1.8864E+007   1.6796E+007   1.1854E+007   5.9637E+006   1.8031E+006   2.6450E+005   1.3246E+004   1.4674E+002   1.5738E-001   6.6301E-006   2.3252E-012   2.4707E-022
 1620869324.32788590    0.1900   9.7816E+007  999.0000   2.4262E+006   3.4770E+006   4.9610E+006   6.8996E+006   9.3865E+006   1.2372E+007   1.5522E+007   1.8061E+007   1.8864E+007   1.6796E+007   1.1854E+007   5.9637E+006   1.8031E+006   2.6450E+005   1.3246E+004   1.4674E+002   1.5738E-001   6.6301E-006   2.3252E-012   2.4707E-022
 1620869327.18960330    0.3200   1.4237E+008  999.0000   2.6551E+006   3.8169E+006   5.4719E+006   7.6616E+006   1.0527E+007   1.4078E+007   1.8049E+007   2.1671E+007   2.3705E+007   2.2590E+007   1.7605E+007   1.0238E+007   3.8342E+006   7.6766E+005   6.0608E+004   1.2936E+003   3.6415E+000   6.1368E-004   1.5887E-009   3.4340E-018
 1620869330.03960940    0.3200   1.4237E+008  999.0000   2.6551E+006   3.8169E+006   5.4719E+006   7.6616E+006   1.0527E+007   1.4078E+007   1.8049E+007   2.1671E+007   2.3705E+007   2.2590E+007   1.7605E+007   1.0238E+007   3.8342E+006   7.6766E+005   6.0608E+004   1.2936E+003   3.6415E+000   6.1368E-004   1.5887E-009   3.4340E-018
 1620869332.88609650    0.3200   1.4237E+008  999.0000   2.6551E+006   3.8169E+006   5.4719E+006   7.6616E+006   1.0527E+007   1.4078E+007   1.8049E+007   2.1671E+007   2.3705E+007   2.2590E+007   1.7605E+007   1.0238E+007   3.8342E+006   7.6766E+005   6.0608E+004   1.2936E+003   3.6415E+000   6.1368E-004   1.5887E-009   3.4340E-018
 1620869335.72124430    0.4800   1.4607E+008  999.0000   1.2920E+006   1.8691E+006   2.7051E+006   3.8393E+006   5.3809E+006   7.4107E+006   9.9216E+006   1.2690E+007   1.5233E+007   1.6642E+007   1.5835E+007   1.2326E+007   7.1044E+006   2.6626E+006   5.2683E+005   4.2324E+004   8.4187E+002   2.3787E+000   3.6646E-004   3.9243E-010
 1620869338.57711170    0.4800   1.4607E+008  999.0000   1.2920E+006   1.8691E+006   2.7051E+006   3.8393E+006   5.3809E+006   7.4107E+006   9.9216E+006   1.2690E+007   1.5233E+007   1.6642E+007   1.5835E+007   1.2326E+007   7.1044E+006   2.6626E+006   5.2683E+005   4.2324E+004   8.4187E+002   2.3787E+000   3.6646E-004   3.9243E-010
 1620869341.42359110    0.4800   1.4607E+008  999.0000   1.2920E+006   1.8691E+006   2.7051E+006   3.8393E+006   5.3809E+006   7.4107E+006   9.9216E+006   1.2690E+007   1.5233E+007   1.6642E+007   1.5835E+007   1.2326E+007   7.1044E+006   2.6626E+006   5.2683E+005   4.2324E+004   8.4187E+002   2.3787E+000   3.6646E-004   3.9243E-010
 1620869344.25874660    0.5800   1.7372E+008  999.0000   1.4891E+006   2.1547E+006   3.1194E+006   4.4294E+006   6.2121E+006   8.5642E+006   1.1483E+007   1.4719E+007   1.7725E+007   1.9455E+007   1.8638E+007   1.4653E+007   8.5712E+006   3.2821E+006   6.7015E+005   5.6342E+004   1.1986E+003   3.7319E+000   6.6213E-004   8.7969E-010
 1620869347.11460640    0.5800   1.7372E+008  999.0000   1.4891E+006   2.1547E+006   3.1194E+006   4.4294E+006   6.2121E+006   8.5642E+006   1.1483E+007   1.4719E+007   1.7725E+007   1.9455E+007   1.8638E+007   1.4653E+007   8.5712E+006   3.2821E+006   6.7015E+005   5.6342E+004   1.1986E+003   3.7319E+000   6.6213E-004   8.7969E-010
 1620869349.96461250    0.7800   2.1420E+008  999.0000   1.5472E+006   2.2413E+006   3.2503E+006   4.6263E+006   6.5111E+006   9.0232E+006   1.2192E+007   1.5803E+007   1.9346E+007   2.1756E+007   2.1593E+007   1.7877E+007   1.1288E+007   4.8310E+006   1.1613E+006   1.2360E+005   3.7259E+003   1.9206E+001   7.0976E-003   2.8945E-008
 1620869352.81109950    0.7800   2.1420E+008  999.0000   1.5472E+006   2.2413E+006   3.2503E+006   4.6263E+006   6.5111E+006   9.0232E+006   1.2192E+007   1.5803E+007   1.9346E+007   2.1756E+007   2.1593E+007   1.7877E+007   1.1288E+007   4.8310E+006   1.1613E+006   1.2360E+005   3.7259E+003   1.9206E+001   7.0976E-003   2.8945E-008
 1620869355.64624740    0.7800   2.1420E+008  999.0000   1.5472E+006   2.2413E+006   3.2503E+006   4.6263E+006   6.5111E+006   9.0232E+006   1.2192E+007   1.5803E+007   1.9346E+007   2.1756E+007   2.1593E+007   1.7877E+007   1.1288E+007   4.8310E+006   1.1613E+006   1.2360E+005   3.7259E+003   1.9206E+001   7.0976E-003   2.8945E-008
 1620869358.50211480    1.0800   2.2248E+008  999.0000   9.1023E+005   1.3227E+006   1.9270E+006   2.7610E+006   3.9238E+006   5.5161E+006   7.6125E+006   1.0177E+007   1.3037E+007   1.5672E+007   1.7149E+007   1.6372E+007   1.2765E+007   7.4265E+006   2.8013E+006   5.7190E+005   4.5203E+004   9.4139E+002   2.6680E+000   2.4755E-004
 1620869361.34859040    1.0838   2.2254E+008    7.6000   1.4276E+006   2.0646E+006   2.9863E+006   4.2355E+006   5.9313E+006   8.1621E+006   1.0924E+007   1.3990E+007   1.6890E+007   1.8753E+007   1.8558E+007   1.5769E+007   1.0966E+007   5.9938E+006   2.4637E+006   7.5286E+005   1.6504E+005   2.7104E+004   3.3857E+003   3.0003E+002
 1620869364.18373870    1.0800   2.2248E+008  999.0000   9.1023E+005   1.3227E+006   1.9270E+006   2.7610E+006   3.9238E+006   5.5161E+006   7.6125E+006   1.0177E+007   1.3037E+007   1.5672E+007   1.7149E+007   1.6372E+007   1.2765E+007   7.4265E+006   2.8013E+006   5.7190E+005   4.5203E+004   9.4139E+002   2.6680E+000   2.4755E-004
 1620869367.03960940    1.2400   2.7000E+008  999.0000   1.2328E+006   1.7905E+006   2.6064E+006   3.7303E+006   5.2925E+006   7.4220E+006   1.0206E+007   1.3572E+007   1.7251E+007   2.0503E+007   2.2063E+007   2.0556E+007   1.5459E+007   8.5331E+006   2.9796E+006   5.4405E+005   3.6450E+004   5.9731E+002   1.1927E+000   6.4598E-005
 1620869369.88609650    1.2437   2.7006E+008    7.4800   1.9513E+006   2.8193E+006   4.0724E+006   5.7646E+006   8.0498E+006   1.1032E+007   1.4677E+007   1.8640E+007   2.2239E+007   2.4292E+007   2.3521E+007   1.9434E+007   1.3053E+007   6.8563E+006   2.7012E+006   7.9267E+005   1.6779E+005   2.6879E+004   3.3143E+003   2.9361E+002
 1620869372.72124430    1.2400   2.7000E+008  999.0000   1.2328E+006   1.7905E+006   2.6064E+006   3.7303E+006   5.2925E+006   7.4220E+006   1.0206E+007   1.3572E+007   1.7251E+007   2.0503E+007   2.2063E+007   2.0556E+007   1.5459E+007   8.5331E+006   2.9796E+006   5.4405E+005   3.6450E+004   5.9731E+002   1.1927E+000   6.4598E-005
 1620869375.57886650    1.6876   2.9803E+008    8.4400   1.3460E+006   1.9514E+006   2.8333E+006   4.0398E+006   5.7012E+006   7.9344E+006   1.0794E+007   1.4147E+007   1.7644E+007   2.0494E+007   2.1541E+007   1.9786E+007   1.5157E+007   9.2481E+006   4.2639E+006   1.4446E+006   3.4163E+005   5.7818E+004   7.0370E+003   5.6934E+002
 1620869378.43237070    1.6800   2.9790E+008  999.0000   9.0559E+005   1.3176E+006   1.9234E+006   2.7634E+006   3.9432E+006   5.5767E+006   7.7645E+006   1.0515E+007   1.3728E+007   1.6970E+007   1.9341E+007   1.9599E+007   1.6690E+007   1.1041E+007   5.0291E+006   1.3489E+006   1.5974E+005   5.9811E+003   3.9977E+001   1.3897E-002
 1620869381.27359340    1.6865   2.9801E+008    8.7800   1.3230E+006   1.9184E+006   2.7860E+006   3.9740E+006   5.6113E+006   7.8153E+006   1.0644E+007   1.3972E+007   1.7463E+007   2.0342E+007   2.1458E+007   1.9793E+007   1.5226E+007   9.3172E+006   4.2928E+006   1.4438E+006   3.3534E+005   5.4979E+004   6.3777E+003   4.8194E+002
 1620869384.10874130    2.0800   3.5610E+008  999.0000   1.0096E+006   1.4694E+006   2.1458E+006   3.0849E+006   4.4057E+006   6.2387E+006   8.7026E+006   1.1818E+007   1.5492E+007   1.9265E+007   2.2148E+007   2.2732E+007   1.9726E+007   1.3412E+007   6.3602E+006   1.8083E+006   2.3348E+005   9.9109E+003   7.9600E+001   3.6726E-002
 1620869386.96461250    2.0800   3.5610E+008  999.0000   1.0096E+006   1.4694E+006   2.1458E+006   3.0849E+006   4.4057E+006   6.2387E+006   8.7026E+006   1.1818E+007   1.5492E+007   1.9265E+007   2.2148E+007   2.2732E+007   1.9726E+007   1.3412E+007   6.3602E+006   1.8083E+006   2.3348E+005   9.9109E+003   7.9600E+001   3.6726E-002
 1620869389.81109950    2.0800   3.5610E+008  999.0000   1.0096E+006   1.4694E+006   2.1458E+006   3.0849E+006   4.4057E+006   6.2387E+006   8.7026E+006   1.1818E+007   1.5492E+007   1.9265E+007   2.2148E+007   2.2732E+007   1.9726E+007   1.3412E+007   6.3602E+006   1.8083E+006   2.3348E+005   9.9109E+003   7.9600E+001   3.6726E-002
 1620869392.64624740    2.5040   3.5739E+008   10.9400   9.5358E+005   1.3867E+006   2.0225E+006   2.9025E+006   4.1349E+006   5.8342E+006   8.0972E+006   1.0920E+007   1.4185E+007   1.7444E+007   1.9821E+007   2.0188E+007   1.7659E+007   1.2616E+007   6.9151E+006   2.7587E+006   7.3787E+005   1.2993E+005   1.4603E+004   9.3142E+002
 1620869395.50211480    2.4900   3.5714E+008  999.0000   7.1264E+005   1.0385E+006   1.5193E+006   2.1901E+006   3.1401E+006   4.4725E+006   6.2925E+006   8.6522E+006   1.1553E+007   1.4759E+007   1.7652E+007   1.9194E+007   1.8142E+007   1.3970E+007   7.9543E+006   2.9470E+006   5.6342E+005   4.2300E+004   7.8334E+002   1.3123E+000
 1620869398.35210940    2.4900   3.5714E+008  999.0000   7.1264E+005   1.0385E+006   1.5193E+006   2.1901E+006   3.1401E+006   4.4725E+006   6.2925E+006   8.6522E+006   1.1553E+007   1.4759E+007   1.7652E+007   1.9194E+007   1.8142E+007   1.3970E+007   7.9543E+006   2.9470E+006   5.6342E+005   4.2300E+004   7.8334E+002   1.3123E+000
 1620869401.19859650    2.9200   4.0847E+008  999.0000   7.7558E+005   1.1304E+006   1.6542E+006   2.3853E+006   3.4217E+006   4.8771E+006   6.8693E+006   9.4604E+006   1.2661E+007   1.6232E+007   1.9511E+007   2.1372E+007   2.0422E+007   1.5978E+007   9.3122E+006   3.5687E+006   7.1734E+005   5.7925E+004   1.1936E+003   2.3584E+000
 1620869404.03374430    2.9379   4.0878E+008   11.1000   1.0321E+006   1.5012E+006   2.1904E+006   3.1451E+006   4.4840E+006   6.3340E+006   8.8056E+006   1.1904E+007   1.5517E+007   1.9176E+007   2.1940E+007   2.2559E+007   1.9988E+007   1.4517E+007   8.1188E+006   3.3131E+006   9.0742E+005   1.6321E+005   1.8623E+004   1.1948E+003
 1620869406.88961170    3.1890   4.7319E+008    9.9200   1.4131E+006   2.0536E+006   2.9924E+006   4.2887E+006   6.0978E+006   8.5797E+006   1.1859E+007   1.5899E+007   2.0481E+007   2.4892E+007   2.7834E+007   2.7752E+007   2.3622E+007   1.6344E+007   8.6598E+006   3.3562E+006   8.8514E+005   1.5811E+005   1.8791E+004   1.3428E+003
 1620869409.73609110    3.1700   4.7286E+008  999.0000   1.0200E+006   1.4860E+006   2.1732E+006   3.1309E+006   4.4854E+006   6.3809E+006   8.9617E+006   1.2291E+007   1.6348E+007   2.0770E+007   2.4640E+007   2.6474E+007   2.4584E+007   1.8451E+007   1.0115E+007   3.5481E+006   6.2544E+005   4.1731E+004   6.5007E+002   8.3370E-001
 1620869412.57124690    3.1700   4.7286E+008  999.0000   1.0200E+006   1.4860E+006   2.1732E+006   3.1309E+006   4.4854E+006   6.3809E+006   8.9617E+006   1.2291E+007   1.6348E+007   2.0770E+007   2.4640E+007   2.6474E+007   2.4584E+007   1.8451E+007   1.0115E+007   3.5481E+006   6.2544E+005   4.1731E+004   6.5007E+002   8.3370E-001
 1620869415.42710640    3.0900   4.6321E+008  999.0000   1.0090E+006   1.4700E+006   2.1497E+006   3.0968E+006   4.4361E+006   6.3098E+006   8.8597E+006   1.2147E+007   1.6149E+007   2.0503E+007   2.4296E+007   2.6065E+007   2.4150E+007   1.8064E+007   9.8555E+006   3.4326E+006   5.9880E+005   3.9350E+004   5.9950E+002   7.4284E-001
 1620869418.27711250    2.7703   3.6143E+008   11.7600   7.8825E+005   1.1473E+006   1.6756E+006   2.4092E+006   3.4417E+006   4.8762E+006   6.8081E+006   9.2607E+006   1.2180E+007   1.5245E+007   1.7757E+007   1.8710E+007   1.7134E+007   1.2980E+007   7.6415E+006   3.3008E+006   9.5744E+005   1.8044E+005   2.1105E+004   1.3408E+003
 1620869421.12359950    2.7500   3.6107E+008  999.0000   6.0449E+005   8.8136E+005   1.2905E+006   1.8624E+006   2.6749E+006   3.8195E+006   5.3940E+006   7.4574E+006   1.0037E+007   1.2976E+007   1.5789E+007   1.7607E+007   1.7275E+007   1.4047E+007   8.6631E+006   3.6035E+006   8.1799E+005   7.8824E+004   2.1050E+003   6.2100E+000
 1620869423.95874740    3.2000   4.3006E+008  999.0000   7.5410E+005   1.0994E+006   1.6094E+006   2.3219E+006   3.3333E+006   4.7566E+006   6.7110E+006   9.2653E+006   1.2445E+007   1.6040E+007   1.9432E+007   2.1530E+007   2.0924E+007   1.6779E+007   1.0139E+007   4.0948E+006   8.8966E+005   8.0438E+004   1.9564E+003   4.9949E+000
 1620869426.81461480    3.2000   4.3006E+008  999.0000   7.5410E+005   1.0994E+006   1.6094E+006   2.3219E+006   3.3333E+006   4.7566E+006   6.7110E+006   9.2653E+006   1.2445E+007   1.6040E+007   1.9432E+007   2.1530E+007   2.0924E+007   1.6779E+007   1.0139E+007   4.0948E+006   8.8966E+005   8.0438E+004   1.9564E+003   4.9949E+000
 1620869429.66109420    3.2000   4.3006E+008  999.0000   7.5410E+005   1.0994E+006   1.6094E+006   2.3219E+006   3.3333E+006   4.7566E+006   6.7110E+006   9.2653E+006   1.2445E+007   1.6040E+007   1.9432E+007   2.1530E+007   2.0924E+007   1.6779E+007   1.0139E+007   4.0948E+006   8.8966E+005   8.0438E+004   1.9564E+003   4.9949E+000
 1620869432.49624970    3.3500   4.8173E+008  999.0000   9.6620E+005   1.4080E+006   2.0598E+006   2.9691E+006   4.2568E+006   6.0625E+006   8.5286E+006   1.1725E+007   1.5651E+007   1.9989E+007   2.3894E+007   2.5961E+007   2.4510E+007   1.8843E+007   1.0702E+007   3.9511E+006   7.5143E+005   5.5986E+004   1.0253E+003   1.6881E+000
 1620869435.35210940    3.3660   4.8201E+008   11.5600   1.2713E+006   1.8489E+006   2.6971E+006   3.8716E+006   5.5172E+006   7.7886E+006   1.0817E+007   1.4603E+007   1.8995E+007   2.3403E+007   2.6658E+007   2.7231E+007   2.3894E+007   1.7111E+007   9.3757E+006   3.7168E+006   9.7705E+005   1.6627E+005   1.7645E+004   1.0287E+003
 1620869438.20211170    3.3500   4.8173E+008  999.0000   9.6620E+005   1.4080E+006   2.0598E+006   2.9691E+006   4.2568E+006   6.0625E+006   8.5286E+006   1.1725E+007   1.5651E+007   1.9989E+007   2.3894E+007   2.5961E+007   2.4510E+007   1.8843E+007   1.0702E+007   3.9511E+006   7.5143E+005   5.5986E+004   1.0253E+003   1.6881E+000
 1620869441.04859110    3.2600   4.6909E+008  999.0000   9.4206E+005   1.3728E+006   2.0084E+006   2.8949E+006   4.1503E+006   5.9107E+006   8.3148E+006   1.1431E+007   1.5258E+007   1.9484E+007   2.3288E+007   2.5297E+007   2.3877E+007   1.8348E+007   1.0415E+007   3.8416E+006   7.2965E+005   5.4259E+004   9.9085E+002   1.6244E+000
 1620869443.88374660    3.2600   4.6909E+008  999.0000   9.4206E+005   1.3728E+006   2.0084E+006   2.8949E+006   4.1503E+006   5.9107E+006   8.3148E+006   1.1431E+007   1.5258E+007   1.9484E+007   2.3288E+007   2.5297E+007   2.3877E+007   1.8348E+007   1.0415E+007   3.8416E+006   7.2965E+005   5.4259E+004   9.9085E+002   1.6244E+000
 1620869446.73960640    3.2600   4.6909E+008  999.0000   9.4206E+005   1.3728E+006   2.0084E+006   2.8949E+006   4.1503E+006   5.9107E+006   8.3148E+006   1.1431E+007   1.5258E+007   1.9484E+007   2.3288E+007   2.5297E+007   2.3877E+007   1.8348E+007   1.0415E+007   3.8416E+006   7.2965E+005   5.4259E+004   9.9085E+002   1.6244E+000
 1620869449.58961250    3.0963   4.6621E+008   10.1000   1.4233E+006   2.0683E+006   3.0134E+006   4.3181E+006   6.1382E+006   8.6334E+006   1.1927E+007   1.5978E+007   2.0559E+007   2.4944E+007   2.7824E+007   2.7643E+007   2.3407E+007   1.6075E+007   8.4264E+006   3.2181E+006   8.3171E+005   1.4470E+005   1.6632E+004   1.1390E+003
 1620869452.43609950    3.0881   4.6607E+008   13.2800   1.3098E+006   1.9047E+006   2.7780E+006   3.9865E+006   5.6786E+006   8.0112E+006   1.1116E+007   1.4984E+007   1.9448E+007   2.3879E+007   2.7053E+007   2.7398E+007   2.3703E+007   1.6588E+007   8.7515E+006   3.2660E+006   7.7985E+005   1.1495E+005   9.9322E+003   4.3241E+002
 1620869455.27124740    3.0890   4.6608E+008   12.8000   1.3226E+006   1.9231E+006   2.8044E+006   4.0238E+006   5.7304E+006   8.0815E+006   1.1208E+007   1.5097E+007   1.9575E+007   2.4002E+007   2.7144E+007   2.7428E+007   2.3670E+007   1.6527E+007   8.7125E+006   3.2606E+006   7.8637E+005   1.1843E+005   1.0629E+004   4.9232E+002
 1620869458.12711480    2.6460   4.4545E+008   11.3000   1.6306E+006   2.3678E+006   3.4460E+006   4.9303E+006   6.9924E+006   9.8016E+006   1.3473E+007   1.7920E+007   2.2816E+007   2.7260E+007   2.9741E+007   2.8623E+007   2.3154E+007   1.4917E+007   7.1567E+006   2.4279E+006   5.3588E+005   7.6384E+004   6.8701E+003   3.4674E+002
 1620869460.97359420    2.6451   4.4543E+008   11.8600   1.6067E+006   2.3334E+006   3.3966E+006   4.8610E+006   6.8969E+006   9.6736E+006   1.3309E+007   1.7722E+007   2.2602E+007   2.7067E+007   2.9618E+007   2.8607E+007   2.3230E+007   1.5011E+007   7.2023E+006   2.4281E+006   5.2651E+005   7.2490E+004   6.1570E+003   2.8458E+002
 1620869463.80874970    2.2138   4.0510E+008   10.6000   1.7871E+006   2.5923E+006   3.7666E+006   5.3767E+006   7.5999E+006   1.0601E+007   1.4469E+007   1.9048E+007   2.3900E+007   2.7972E+007   2.9660E+007   2.7471E+007   2.1130E+007   1.2795E+007   5.7145E+006   1.8003E+006   3.7140E+005   5.0543E+004   4.4888E+003   2.3418E+002
 1620869466.66460940    2.2182   4.0518E+008    8.5600   1.9430E+006   2.8160E+006   4.0865E+006   5.8227E+006   8.2089E+006   1.1407E+007   1.5484E+007   2.0231E+007   2.5120E+007   2.8990E+007   3.0201E+007   2.7403E+007   2.0646E+007   1.2330E+007   5.5339E+006   1.8159E+006   4.1373E+005   6.7215E+004   7.8305E+003   6.0399E+002
 1620869469.51461170    2.2100   4.0504E+008  999.0000   1.3146E+006   1.9122E+006   2.7901E+006   4.0064E+006   5.7120E+006   8.0682E+006   1.1213E+007   1.5144E+007   1.9694E+007   2.4204E+007   2.7354E+007   2.7378E+007   2.2892E+007   1.4745E+007   6.4583E+006   1.6368E+006   1.7822E+005   5.9073E+003   3.3032E+001   8.7231E-003
 1620869472.36109110    1.7300   3.8220E+008  999.0000   1.7959E+006   2.6079E+006   3.7955E+006   5.4304E+006   7.7012E+006   1.0793E+007   1.4826E+007   1.9688E+007   2.4973E+007   2.9589E+007   3.1696E+007   2.9337E+007   2.1848E+007   1.1889E+007   4.0656E+006   7.2025E+005   4.6143E+004   7.0866E+002   1.2871E+000   6.0270E-005
 1620869475.19624660    1.7300   3.8220E+008  999.0000   1.7959E+006   2.6079E+006   3.7955E+006   5.4304E+006   7.7012E+006   1.0793E+007   1.4826E+007   1.9688E+007   2.4973E+007   2.9589E+007   3.1696E+007   2.9337E+007   2.1848E+007   1.1889E+007   4.0656E+006   7.2025E+005   4.6143E+004   7.0866E+002   1.2871E+000   6.0270E-005
 1620869478.05210640    1.7300   3.8220E+008  999.0000   1.7959E+006   2.6079E+006   3.7955E+006   5.4304E+006   7.7012E+006   1.0793E+007   1.4826E+007   1.9688E+007   2.4973E+007   2.9589E+007   3.1696E+007   2.9337E+007   2.1848E+007   1.1889E+007   4.0656E+006   7.2025E+005   4.6143E+004   7.0866E+002   1.2871E+000   6.0270E-005
 1620869480.90210870    1.3400   3.4715E+008  999.0000   2.2349E+006   3.2398E+006   4.7031E+006   6.7043E+006   9.4565E+006   1.3148E+007   1.7850E+007   2.3300E+007   2.8819E+007   3.2901E+007   3.3385E+007   2.8546E+007   1.8907E+007   8.6746E+006   2.3092E+006   2.8481E+005   1.0677E+004   7.5455E+001   4.4160E-002   3.6402E-007
 1620869483.74858810    1.3400   3.4715E+008  999.0000   2.2349E+006   3.2398E+006   4.7031E+006   6.7043E+006   9.4565E+006   1.3148E+007   1.7850E+007   2.3300E+007   2.8819E+007   3.2901E+007   3.3385E+007   2.8546E+007   1.8907E+007   8.6746E+006   2.3092E+006   2.8481E+005   1.0677E+004   7.5455E+001   4.4160E-002   3.6402E-007
 1620869486.58374740    1.3400   3.4715E+008  999.0000   2.2349E+006   3.2398E+006   4.7031E+006   6.7043E+006   9.4565E+006   1.3148E+007   1.7850E+007   2.3300E+007   2.8819E+007   3.2901E+007   3.3385E+007   2.8546E+007   1.8907E+007   8.6746E+006   2.3092E+006   2.8481E+005   1.0677E+004   7.5455E+001   4.4160E-002   3.6402E-007
 1620869489.43961480    1.1414   3.2545E+008    7.2000   4.1024E+006   5.8975E+006   8.4550E+006   1.1842E+007   1.6283E+007   2.1820E+007   2.8108E+007   3.4111E+007   3.8194E+007   3.8256E+007   3.3043E+007   2.3622E+007   1.3304E+007   5.7338E+006   1.8352E+006   4.4202E+005   7.8603E+004   1.1008E+004   1.2401E+003   1.0474E+002
 1620869492.28960940    1.1421   3.2546E+008    6.6200   4.3179E+006   6.2017E+006   8.8794E+006   1.2413E+007   1.7023E+007   2.2727E+007   2.9121E+007   3.5092E+007   3.8931E+007   3.8556E+007   3.2889E+007   2.3243E+007   1.3004E+007   5.6282E+006   1.8414E+006   4.6418E+005   8.8924E+004   1.3807E+004   1.7732E+003   1.7627E+002
 1620869495.13961170    1.1413   3.2545E+008    7.2200   4.0960E+006   5.8884E+006   8.4422E+006   1.1824E+007   1.6260E+007   2.1793E+007   2.8077E+007   3.4081E+007   3.8171E+007   3.8246E+007   3.3047E+007   2.3634E+007   1.3314E+007   5.7371E+006   1.8349E+006   4.4129E+005   7.8280E+004   1.0925E+004   1.2253E+003   1.0292E+002
 1620869497.98609110    0.9400   3.0782E+008  999.0000   3.1455E+006   4.5459E+006   6.5687E+006   9.3021E+006   1.2995E+007   1.7810E+007   2.3675E+007   2.9968E+007   3.5427E+007   3.7843E+007   3.4843E+007   2.5849E+007   1.3877E+007   4.6901E+006   7.9746E+005   5.1470E+004   7.4094E+002   1.3122E+000   1.0251E-004   3.8970E-011
 1620869500.82124690    0.9400   3.3487E+008  999.0000   4.0383E+006   5.8286E+006   8.4059E+006   1.1871E+007   1.6516E+007   2.2501E+007   2.9646E+007   3.7043E+007   4.2966E+007   4.4630E+007   3.9447E+007   2.7569E+007   1.3550E+007   4.0276E+006   5.6732E+005   2.7905E+004   2.6896E+002   2.6695E-001   8.9985E-006   9.5160E-013
 1620869503.67710640    0.9400   3.3487E+008  999.0000   4.0383E+006   5.8286E+006   8.4059E+006   1.1871E+007   1.6516E+007   2.2501E+007   2.9646E+007   3.7043E+007   4.2966E+007   4.4630E+007   3.9447E+007   2.7569E+007   1.3550E+007   4.0276E+006   5.6732E+005   2.7905E+004   2.6896E+002   2.6695E-001   8.9985E-006   9.5160E-013
 1620869506.52710870    0.8100   3.2544E+008  999.0000   4.9704E+006   7.1594E+006   1.0293E+007   1.4473E+007   2.0006E+007   2.6998E+007   3.5076E+007   4.2940E+007   4.8327E+007   4.8026E+007   3.9791E+007   2.5303E+007   1.0815E+007   2.6238E+006   2.7446E+005   8.7877E+003   4.4965E+001   1.7912E-002   1.6084E-007   2.2831E-015
 1620869509.37358810    0.8100   3.2544E+008  999.0000   4.9704E+006   7.1594E+006   1.0293E+007   1.4473E+007   2.0006E+007   2.6998E+007   3.5076E+007   4.2940E+007   4.8327E+007   4.8026E+007   3.9791E+007   2.5303E+007   1.0815E+007   2.6238E+006   2.7446E+005   8.7877E+003   4.4965E+001   1.7912E-002   1.6084E-007   2.2831E-015
 1620869512.20874380    0.8120   3.2548E+008    5.2400   1.0080E+007   1.4288E+007   2.0061E+007   2.7285E+007   3.5978E+007   4.5422E+007   5.3825E+007   5.8361E+007   5.6328E+007   4.6802E+007   3.2447E+007   1.8283E+007   8.1666E+006   2.9246E+006   8.4507E+005   2.0579E+005   4.2125E+004   7.7173E+003   1.2793E+003   1.7998E+002
 1620869515.06460330    0.6000   2.8753E+008  999.0000   6.2005E+006   8.9001E+006   1.2730E+007   1.7765E+007   2.4290E+007   3.2253E+007   4.0914E+007   4.8374E+007   5.1727E+007   4.7678E+007   3.5392E+007   1.9169E+007   6.4629E+006   1.1107E+006   7.0128E+004   1.0847E+003   1.9005E+000   1.6200E-004   1.5683E-010   7.6833E-020
 1620869517.91109040    0.6000   2.8753E+008  999.0000   6.2005E+006   8.9001E+006   1.2730E+007   1.7765E+007   2.4290E+007   3.2253E+007   4.0914E+007   4.8374E+007   5.1727E+007   4.7678E+007   3.5392E+007   1.9169E+007   6.4629E+006   1.1107E+006   7.0128E+004   1.0847E+003   1.9005E+000   1.6200E-004   1.5683E-010   7.6833E-020
 1620869520.74623850    0.6000   2.8753E+008  999.0000   6.2005E+006   8.9001E+006   1.2730E+007   1.7765E+007   2.4290E+007   3.2253E+007   4.0914E+007   4.8374E+007   5.1727E+007   4.7678E+007   3.5392E+007   1.9169E+007   6.4629E+006   1.1107E+006   7.0128E+004   1.0847E+003   1.9005E+000   1.6200E-004   1.5683E-010   7.6833E-020
 1620869523.60210940    0.5100   2.6821E+008  999.0000   6.9343E+006   9.9325E+006   1.4161E+007   1.9674E+007   2.6724E+007   3.5141E+007   4.3941E+007   5.0874E+007   5.2747E+007   4.6463E+007   3.2280E+007   1.5872E+007   4.6390E+006   6.4783E+005   3.0188E+004   3.0153E+002   2.7769E-001   9.4011E-006   2.4071E-012   1.5943E-022
 1620869526.45211170    0.5100   2.6821E+008  999.0000   6.9343E+006   9.9325E+006   1.4161E+007   1.9674E+007   2.6724E+007   3.5141E+007   4.3941E+007   5.0874E+007   5.2747E+007   4.6463E+007   3.2280E+007   1.5872E+007   4.6390E+006   6.4783E+005   3.0188E+004   3.0153E+002   2.7769E-001   9.4011E-006   2.4071E-012   1.5943E-022
 1620869529.30210640    0.5100   2.6821E+008  999.0000   6.9343E+006   9.9325E+006   1.4161E+007   1.9674E+007   2.6724E+007   3.5141E+007   4.3941E+007   5.0874E+007   5.2747E+007   4.6463E+007   3.2280E+007   1.5872E+007   4.6390E+006   6.4783E+005   3.0188E+004   3.0153E+002   2.7769E-001   9.4011E-006   2.4071E-012   1.5943E-022
 1620869532.14859340    0.4100   2.3415E+008  999.0000   7.1080E+006   1.0161E+007   1.4442E+007   1.9977E+007   2.6963E+007   3.5122E+007   4.3310E+007   4.9135E+007   4.9445E+007   4.1685E+007   2.7163E+007   1.2163E+007   3.0959E+006   3.5371E+005   1.2289E+004   8.0456E+001   3.9835E-002   5.5401E-007   3.9499E-014   3.8454E-025
 1620869534.98374150    0.4100   2.3415E+008  999.0000   7.1080E+006   1.0161E+007   1.4442E+007   1.9977E+007   2.6963E+007   3.5122E+007   4.3310E+007   4.9135E+007   4.9445E+007   4.1685E+007   2.7163E+007   1.2163E+007   3.0959E+006   3.5371E+005   1.2289E+004   8.0456E+001   3.9835E-002   5.5401E-007   3.9499E-014   3.8454E-025
 1620869537.83960870    0.3300   2.2752E+008  999.0000   9.9526E+006   1.4151E+007   1.9955E+007   2.7289E+007   3.6220E+007   4.6030E+007   5.4726E+007   5.8871E+007   5.4786E+007   4.1174E+007   2.2687E+007   7.9526E+006   1.4101E+006   9.5328E+004   1.5385E+003   3.3468E+000   3.2934E-004   4.5475E-010   1.1881E-018   8.3534E-032
 1620869540.68608810    0.3300   2.2752E+008  999.0000   9.9526E+006   1.4151E+007   1.9955E+007   2.7289E+007   3.6220E+007   4.6030E+007   5.4726E+007   5.8871E+007   5.4786E+007   4.1174E+007   2.2687E+007   7.9526E+006   1.4101E+006   9.5328E+004   1.5385E+003   3.3468E+000   3.2934E-004   4.5475E-010   1.1881E-018   8.3534E-032
 1620869543.52124380    0.3300   2.2752E+008  999.0000   9.9526E+006   1.4151E+007   1.9955E+007   2.7289E+007   3.6220E+007   4.6030E+007   5.4726E+007   5.8871E+007   5.4786E+007   4.1174E+007   2.2687E+007   7.9526E+006   1.4101E+006   9.5328E+004   1.5385E+003   3.3468E+000   3.2934E-004   4.5475E-010   1.1881E-018   8.3534E-032
 1620869546.37710330    0.2900   2.1003E+008  999.0000   1.0103E+007   1.4343E+007   2.0177E+007   2.7501E+007   3.6323E+007   4.5826E+007   5.3903E+007   5.7088E+007   5.1921E+007   3.7727E+007   1.9788E+007   6.4558E+006   1.0296E+006   5.9678E+004   7.6940E+002   1.2126E+000   7.4444E-005   5.2455E-011   5.2492E-020   8.8911E-034
 1620869549.22710940    0.2900   2.1003E+008  999.0000   1.0103E+007   1.4343E+007   2.0177E+007   2.7501E+007   3.6323E+007   4.5826E+007   5.3903E+007   5.7088E+007   5.1921E+007   3.7727E+007   1.9788E+007   6.4558E+006   1.0296E+006   5.9678E+004   7.6940E+002   1.2126E+000   7.4444E-005   5.2455E-011   5.2492E-020   8.8911E-034
 1620869552.07359650    0.2900   2.1003E+008  999.0000   1.0103E+007   1.4343E+007   2.0177E+007   2.7501E+007   3.6323E+007   4.5826E+007   5.3903E+007   5.7088E+007   5.1921E+007   3.7727E+007   1.9788E+007   6.4558E+006   1.0296E+006   5.9678E+004   7.6940E+002   1.2126E+000   7.4444E-005   5.2455E-011   5.2492E-020   8.8911E-034
 1620869554.90874430    0.2400   1.9291E+008  999.0000   1.1343E+007   1.6046E+007   2.2453E+007   3.0369E+007   3.9662E+007   4.9214E+007   5.6487E+007   5.7724E+007   4.9812E+007   3.3506E+007   1.5702E+007   4.3465E+006   5.4391E+005   2.2182E+004   1.7121E+002   1.2931E-001   2.7081E-006   4.1291E-013   4.6828E-023   3.1779E-038
 1620869557.76461170    0.2800   2.1819E+008  999.0000   1.2088E+007   1.7118E+007   2.3992E+007   3.2528E+007   4.2628E+007   5.3167E+007   6.1486E+007   6.3529E+007   5.5717E+007   3.8380E+007   1.8622E+007   5.4224E+006   7.3118E+005   3.3231E+004   3.0039E+002   2.8453E-001   8.2958E-006   2.0247E-012   4.4803E-022   8.1476E-037
 1620869560.61460640    0.2800   2.1819E+008  999.0000   1.2088E+007   1.7118E+007   2.3992E+007   3.2528E+007   4.2628E+007   5.3167E+007   6.1486E+007   6.3529E+007   5.5717E+007   3.8380E+007   1.8622E+007   5.4224E+006   7.3118E+005   3.3231E+004   3.0039E+002   2.8453E-001   8.2958E-006   2.0247E-012   4.4803E-022   8.1476E-037
 1620869563.46109340    0.2200   2.1282E+008  999.0000   1.7841E+007   2.5052E+007   3.4670E+007   4.6161E+007   5.8908E+007   7.0643E+007   7.7097E+007   7.3207E+007   5.6709E+007   3.2552E+007   1.2105E+007   2.3914E+006   1.8196E+005   3.6097E+003   9.7483E+000   1.6381E-003   3.8346E-009   2.6170E-017   3.6645E-029   3.9689E-047
 1620869566.29624130    0.2200   2.1282E+008  999.0000   1.7841E+007   2.5052E+007   3.4670E+007   4.6161E+007   5.8908E+007   7.0643E+007   7.7097E+007   7.3207E+007   5.6709E+007   3.2552E+007   1.2105E+007   2.3914E+006   1.8196E+005   3.6097E+003   9.7483E+000   1.6381E-003   3.8346E-009   2.6170E-017   3.6645E-029   3.9689E-047
 1620869569.15211250    0.2200   2.1282E+008  999.0000   1.7841E+007   2.5052E+007   3.4670E+007   4.6161E+007   5.8908E+007   7.0643E+007   7.7097E+007   7.3207E+007   5.6709E+007   3.2552E+007   1.2105E+007   2.3914E+006   1.8196E+005   3.6097E+003   9.7483E+000   1.6381E-003   3.8346E-009   2.6170E-017   3.6645E-029   3.9689E-047
 1620869572.00211480    0.2000   1.9647E+008  999.0000   1.6960E+007   2.3800E+007   3.2904E+007   4.3745E+007   5.5707E+007   6.6596E+007   7.2346E+007   6.8235E+007   5.2337E+007   2.9609E+007   1.0780E+007   2.0648E+006   1.5012E+005   2.7880E+003   6.8402E+000   1.0021E-003   1.9214E-009   9.8900E-018   9.3069E-030   5.6492E-048
 1620869574.84859040    0.2000   1.9647E+008  999.0000   1.6960E+007   2.3800E+007   3.2904E+007   4.3745E+007   5.5707E+007   6.6596E+007   7.2346E+007   6.8235E+007   5.2337E+007   2.9609E+007   1.0780E+007   2.0648E+006   1.5012E+005   2.7880E+003   6.8402E+000   1.0021E-003   1.9214E-009   9.8900E-018   9.3069E-030   5.6492E-048
 1620869577.68373870    0.2000   1.9647E+008  999.0000   1.6960E+007   2.3800E+007   3.2904E+007   4.3745E+007   5.5707E+007   6.6596E+007   7.2346E+007   6.8235E+007   5.2337E+007   2.9609E+007   1.0780E+007   2.0648E+006   1.5012E+005   2.7880E+003   6.8402E+000   1.0021E-003   1.9214E-009   9.8900E-018   9.3069E-030   5.6492E-048
 1620869580.53960560    0.1800   1.8868E+008  999.0000   1.8428E+007   2.5783E+007   3.5487E+007   4.6882E+007   5.9148E+007   6.9745E+007   7.4244E+007   6.7985E+007   4.9928E+007   2.6500E+007   8.7902E+006   1.4701E+006   8.7513E+004   1.2169E+003   1.9596E+000   1.5733E-004   1.2584E-010   1.8852E-019   3.1272E-032   1.5239E-051
 1620869583.38608500    0.1800   1.8868E+008  999.0000   1.8428E+007   2.5783E+007   3.5487E+007   4.6882E+007   5.9148E+007   6.9745E+007   7.4244E+007   6.7985E+007   4.9928E+007   2.6500E+007   8.7902E+006   1.4701E+006   8.7513E+004   1.2169E+003   1.9596E+000   1.5733E-004   1.2584E-010   1.8852E-019   3.1272E-032   1.5239E-051
 1620869586.22124080    0.1800   1.8868E+008  999.0000   1.8428E+007   2.5783E+007   3.5487E+007   4.6882E+007   5.9148E+007   6.9745E+007   7.4244E+007   6.7985E+007   4.9928E+007   2.6500E+007   8.7902E+006   1.4701E+006   8.7513E+004   1.2169E+003   1.9596E+000   1.5733E-004   1.2584E-010   1.8852E-019   3.1272E-032   1.5239E-051
 1620869589.07710050    0.1500   1.6024E+008  999.0000   1.6225E+007   2.2680E+007   3.1175E+007   4.1104E+007   5.1713E+007   6.0722E+007   6.4240E+007   5.8297E+007   4.2249E+007   2.1992E+007   7.0910E+006   1.1379E+006   6.3732E+004   8.1146E+002   1.1494E+000   7.6853E-005   4.7126E-011   4.8536E-020   4.7586E-033   1.0822E-052
 1620869591.92710640    0.1500   1.6024E+008  999.0000   1.6225E+007   2.2680E+007   3.1175E+007   4.1104E+007   5.1713E+007   6.0722E+007   6.4240E+007   5.8297E+007   4.2249E+007   2.1992E+007   7.0910E+006   1.1379E+006   6.3732E+004   8.1146E+002   1.1494E+000   7.6853E-005   4.7126E-011   4.8536E-020   4.7586E-033   1.0822E-052
 1620869594.77359340    0.1500   1.6024E+008  999.0000   1.6225E+007   2.2680E+007   3.1175E+007   4.1104E+007   5.1713E+007   6.0722E+007   6.4240E+007   5.8297E+007   4.2249E+007   2.1992E+007   7.0910E+006   1.1379E+006   6.3732E+004   8.1146E+002   1.1494E+000   7.6853E-005   4.7126E-011   4.8536E-020   4.7586E-033   1.0822E-052
 1620869597.60874130    0.1200   1.5337E+008  999.0000   2.1780E+007   3.0160E+007   4.0872E+007   5.2813E+007   6.4503E+007   7.2497E+007   7.1900E+007   5.9387E+007   3.7480E+007   1.5925E+007   3.8190E+006   3.9815E+005   1.1817E+004   6.0081E+001   2.2428E-002   2.2427E-007   8.7698E-015   1.8908E-025   8.3802E-041   8.0659E-064
 1620869600.46460870    0.1200   1.5337E+008  999.0000   2.1780E+007   3.0160E+007   4.0872E+007   5.2813E+007   6.4503E+007   7.2497E+007   7.1900E+007   5.9387E+007   3.7480E+007   1.5925E+007   3.8190E+006   3.9815E+005   1.1817E+004   6.0081E+001   2.2428E-002   2.2427E-007   8.7698E-015   1.8908E-025   8.3802E-041   8.0659E-064
 1620869603.31108810    0.1200   1.5337E+008  999.0000   2.1780E+007   3.0160E+007   4.0872E+007   5.2813E+007   6.4503E+007   7.2497E+007   7.1900E+007   5.9387E+007   3.7480E+007   1.5925E+007   3.8190E+006   3.9815E+005   1.1817E+004   6.0081E+001   2.2428E-002   2.2427E-007   8.7698E-015   1.8908E-025   8.3802E-041   8.0659E-064
 1620869606.14595060    0.1000   1.2455E+008  999.0000   1.6853E+007   2.3370E+007   3.1741E+007   4.1143E+007   5.0481E+007   5.7123E+007   5.7223E+007   4.7959E+007   3.0923E+007   1.3559E+007   3.4042E+006   3.7942E+005   1.2425E+004   7.2808E+001   3.3400E-002   4.4781E-007   2.6758E-014   1.0448E-024   1.0578E-039   3.3198E-062
