          0.00000000    0.0000   0.0000E+000    0.0000   3.0000E-002   4.4000E-002   6.5000E-002   9.5000E-002   1.3900E-001   2.0400E-001   3.0000E-001   4.4000E-001   6.4600E-001   9.4900E-001   1.3920E+000   2.0400E+000   3.0000E+000   4.4000E+000   6.4600E+000   9.4500E+000   1.3900E+001   2.0400E+001   3.0000E+001   4.5000E+001
 1620852544.10163260    0.0207   7.1604E+006    3.5300   2.8984E+005   4.0653E+005   5.6209E+005   7.4862E+005   9.5902E+005   1.1645E+006   1.3124E+006   1.3402E+006   1.2114E+006   9.4719E+005   6.3181E+005   3.5780E+005   1.7168E+005   7.1728E+004   2.6484E+004   8.9691E+003   2.7750E+003   8.1781E+002   2.3003E+002   5.8787E+001
 1620852546.94811200    0.0306   1.0350E+007    4.0000   3.2203E+005   4.5505E+005   6.3605E+005   8.5987E+005   1.1245E+006   1.4045E+006   1.6425E+006   1.7556E+006   1.6735E+006   1.3843E+006   9.7239E+005   5.7199E+005   2.7872E+005   1.1485E+005   4.0524E+004   1.2737E+004   3.5585E+003   9.2759E+002   2.2686E+002   4.9396E+001
 1620852549.78326770    0.0310   1.0356E+007    3.5900   3.7913E+005   5.3310E+005   7.3982E+005   9.9034E+005   1.2776E+006   1.5664E+006   1.7880E+006   1.8552E+006   1.7091E+006   1.3649E+006   9.2996E+005   5.3685E+005   2.6153E+005   1.1030E+005   4.0860E+004   1.3801E+004   4.2369E+003   1.2339E+003   3.4182E+002   8.5759E+001
 1620852552.63912750    0.0332   1.0375E+007    2.9800   5.4036E+005   7.5026E+005   1.0223E+006   1.3349E+006   1.6648E+006   1.9513E+006   2.1039E+006   2.0411E+006   1.7475E+006   1.3002E+006   8.3748E+005   4.6927E+005   2.3001E+005   1.0163E+005   4.1061E+004   1.5656E+004   5.5983E+003   1.9417E+003   6.5251E+002   2.0331E+002
 1620852555.48561430    0.0329   1.4535E+007    2.8800   1.6222E+006   2.1907E+006   2.8686E+006   3.5511E+006   4.1227E+006   4.4008E+006   4.2225E+006   3.5767E+006   2.6381E+006   1.6867E+006   9.4326E+005   4.6815E+005   2.0836E+005   8.5972E+004   3.3254E+004   1.2402E+004   4.4103E+003   1.5408E+003   5.2647E+002   1.6814E+002
 1620852558.32076260    0.0313   1.4522E+007    3.2400   1.2478E+006   1.7095E+006   2.2843E+006   2.9045E+006   3.4921E+006   3.8951E+006   3.9356E+006   3.5224E+006   2.7382E+006   1.8254E+006   1.0446E+006   5.1796E+005   2.2437E+005   8.7905E+004   3.1593E+004   1.0768E+004   3.4480E+003   1.0745E+003   3.2495E+002   9.0769E+001
 1620852561.17311430    0.0310   1.4519E+007    3.3400   1.1757E+006   1.6154E+006   2.1676E+006   2.7715E+006   3.3569E+006   3.7801E+006   3.8633E+006   3.5015E+006   2.7562E+006   1.8567E+006   1.0692E+006   5.3038E+005   2.2829E+005   8.8281E+004   3.1126E+004   1.0358E+004   3.2241E+003   9.7397E+002   2.8485E+002   7.6688E+001
 1620852564.00826260    0.0412   1.9066E+007    3.4200   1.4351E+006   1.9778E+006   2.6656E+006   3.4283E+006   4.1853E+006   4.7617E+006   4.9291E+006   4.5333E+006   3.6239E+006   2.4768E+006   1.4426E+006   7.2028E+005   3.1018E+005   1.1926E+005   4.1562E+004   1.3606E+004   4.1493E+003   1.2245E+003   3.4903E+002   9.1311E+001
 1620852566.86413340    0.0416   1.9070E+007    3.2700   1.5658E+006   2.1490E+006   2.8793E+006   3.6741E+006   4.4385E+006   4.9819E+006   5.0727E+006   4.5806E+006   3.5948E+006   2.4185E+006   1.3947E+006   6.9534E+005   3.0200E+005   1.1829E+005   4.2389E+004   1.4374E+004   4.5707E+003   1.4127E+003   4.2327E+002   1.1700E+002
 1620852569.71062040    0.0409   1.9685E+007    3.5400   1.4832E+006   2.0458E+006   2.7605E+006   3.5558E+006   4.3493E+006   4.9594E+006   5.1455E+006   4.7404E+006   3.7900E+006   2.5832E+006   1.4940E+006   7.3677E+005   3.1147E+005   1.1689E+005   3.9556E+004   1.2523E+004   3.6788E+003   1.0434E+003   2.8521E+002   7.1299E+001
 1620852572.54576870    0.0408   1.9685E+007    3.5800   1.4531E+006   2.0061E+006   2.7105E+006   3.4975E+006   4.2882E+006   4.9050E+006   5.1086E+006   4.7268E+006   3.7961E+006   2.5975E+006   1.5061E+006   7.4315E+005   3.1354E+005   1.1713E+005   3.9355E+004   1.2347E+004   3.5876E+003   1.0052E+003   2.7118E+002   6.6810E+001
 1620852575.39812040    0.0412   1.9689E+007    3.3800   1.6105E+006   2.2128E+006   2.9692E+006   3.7961E+006   4.5971E+006   5.1748E+006   5.2852E+006   4.7844E+006   3.7582E+006   2.5234E+006   1.4462E+006   7.1280E+005   3.0429E+005   1.1653E+005   4.0627E+004   1.3355E+004   4.1024E+003   1.2223E+003   3.5238E+002   9.3417E+001
 1620852578.23326830    0.0513   2.6163E+007    3.4100   2.3727E+006   3.2492E+006   4.3389E+006   5.5111E+006   6.6145E+006   7.3570E+006   7.3985E+006   6.5724E+006   5.0504E+006   3.3101E+006   1.8503E+006   8.9003E+005   3.7125E+005   1.3920E+005   4.7617E+004   1.5388E+004   4.6529E+003   1.3663E+003   3.8855E+002   1.0160E+002
 1620852581.08913560    0.0513   2.6164E+007    3.4300   2.3427E+006   3.2100E+006   4.2904E+006   5.4559E+006   6.5585E+006   7.3094E+006   7.3687E+006   6.5636E+006   5.0574E+006   3.3224E+006   1.8600E+006   8.9496E+005   3.7291E+005   1.3948E+005   4.7537E+004   1.5290E+004   4.5975E+003   1.3418E+003   3.7903E+002   9.8389E+001
 1620852583.93561510    0.0505   2.6154E+007    3.9500   1.8623E+006   2.5795E+006   3.5016E+006   4.5463E+006   5.6195E+006   6.4934E+006   6.8428E+006   6.4056E+006   5.1901E+006   3.5582E+006   2.0430E+006   9.8236E+005   3.9625E+005   1.3886E+005   4.2983E+004   1.2247E+004   3.1881E+003   7.9330E+002   1.8864E+002   4.0479E+001
 1620852586.77077080    0.0708   3.0064E+007    4.0600   1.4098E+006   1.9754E+006   2.7270E+006   3.6235E+006   4.6250E+006   5.5840E+006   6.2361E+006   6.2781E+006   5.5501E+006   4.1956E+006   2.6646E+006   1.4100E+006   6.1828E+005   2.3111E+005   7.4781E+004   2.1837E+004   5.7298E+003   1.4175E+003   3.3162E+002   6.9370E+001
 1620852589.62311510    0.0704   3.0059E+007    4.5700   1.2164E+006   1.7128E+006   2.3817E+006   3.1961E+006   4.1356E+006   5.0863E+006   5.8186E+006   6.0313E+006   5.5104E+006   4.3043E+006   2.8058E+006   1.5019E+006   6.5150E+005   2.3433E+005   7.0809E+004   1.8790E+004   4.3647E+003   9.3761E+002   1.8738E+002   3.2805E+001
 1620852592.45827080    0.0706   3.0062E+007    4.2500   1.3267E+006   1.8628E+006   2.5794E+006   3.4417E+006   4.4182E+006   5.3758E+006   6.0640E+006   6.1790E+006   5.5367E+006   4.2415E+006   2.7221E+006   1.4469E+006   6.3175E+005   2.3263E+005   7.3315E+004   2.0641E+004   5.1713E+003   1.2130E+003   2.6745E+002   5.2336E+001
 1620852595.31413030    0.0807   3.4108E+007    4.2200   1.4977E+006   2.1029E+006   2.9119E+006   3.8854E+006   4.9881E+006   6.0699E+006   6.8485E+006   6.9812E+006   6.2601E+006   4.8017E+006   3.0877E+006   1.6462E+006   7.2180E+005   2.6725E+005   8.4796E+004   2.4060E+004   6.0817E+003   1.4402E+003   3.2080E+002   6.3480E+001
 1620852598.16061740    0.0811   3.4112E+007    3.9800   1.6206E+006   2.2694E+006   3.1299E+006   4.1537E+006   5.2928E+006   6.3760E+006   7.1008E+006   7.1258E+006   6.2790E+006   4.7342E+006   3.0037E+006   1.5921E+006   7.0197E+005   2.6494E+005   8.6934E+004   2.5840E+004   6.9259E+003   1.7547E+003   4.2127E+002   9.0701E+001
 1620852600.99576540    0.0814   3.4116E+007    3.8300   1.7132E+006   2.3942E+006   3.2924E+006   4.3520E+006   5.5154E+006   6.5958E+006   7.2771E+006   7.2219E+006   6.2862E+006   4.6841E+006   2.9454E+006   1.5556E+006   6.8863E+005   2.6329E+005   8.8322E+004   2.7054E+004   7.5291E+003   1.9912E+003   5.0127E+002   1.1382E+002
 1620852603.84811740    0.1106   4.8269E+007    4.4400   2.1061E+006   2.9598E+006   4.1035E+006   5.4845E+006   7.0569E+006   8.6122E+006   9.7507E+006   9.9761E+006   8.9728E+006   6.8886E+006   4.4146E+006   2.3297E+006   1.0019E+006   3.6005E+005   1.0969E+005   2.9600E+004   7.0502E+003   1.5629E+003   3.2407E+002   5.9223E+001
 1620852606.68326570    0.1231   4.8380E+007    2.8200   4.7066E+006   6.3869E+006   8.4214E+006   1.0523E+007   1.2370E+007   1.3424E+007   1.3149E+007   1.1414E+007   8.6565E+006   5.7034E+006   3.2892E+006   1.6830E+006   7.7176E+005   3.2761E+005   1.3023E+005   4.9845E+004   1.8182E+004   6.5105E+003   2.2793E+003   7.4646E+002
 1620852609.53913640    0.1147   4.8314E+007    3.2900   3.3334E+006   4.6020E+006   6.2183E+006   8.0262E+006   9.8483E+006   1.1285E+007   1.1798E+007   1.0995E+007   8.9428E+006   6.2473E+006   3.7364E+006   1.9245E+006   8.5879E+005   3.4331E+005   1.2477E+005   4.2675E+004   1.3628E+004   4.2155E+003   1.2609E+003   3.4722E+002
 1620852612.38562350    0.2086   1.1316E+008    3.1400   1.4029E+007   1.8924E+007   2.4736E+007   3.0537E+007   3.5295E+007   3.7411E+007   3.5496E+007   2.9563E+007   2.1272E+007   1.3141E+007   7.0260E+006   3.2990E+006   1.3746E+006   5.2671E+005   1.8786E+005   6.4317E+004   2.0886E+004   6.6480E+003   2.0643E+003   5.9528E+002
 1620852615.22077130    0.2006   1.1308E+008    4.5300   7.8295E+006   1.0881E+007   1.4841E+007   1.9392E+007   2.4170E+007   2.8221E+007   3.0095E+007   2.8499E+007   2.3271E+007   1.5931E+007   8.9904E+006   4.1553E+006   1.5669E+006   4.9886E+005   1.3642E+005   3.3566E+004   7.3806E+003   1.5290E+003   2.9893E+002   5.1742E+001
 1620852618.07663870    0.2814   7.4906E+007    5.7200   9.6954E+005   1.3919E+006   1.9915E+006   2.7815E+006   3.8098E+006   5.0777E+006   6.4927E+006   7.8054E+006   8.6412E+006   8.5536E+006   7.3229E+006   5.2384E+006   3.0122E+006   1.3712E+006   4.8706E+005   1.3828E+005   3.1135E+004   5.9047E+003   9.6043E+002   1.2630E+002
 1620852620.92311810    0.2800   7.4883E+007  999.0000   5.1334E+005   7.4389E+005   1.0793E+006   1.5372E+006   2.1657E+006   3.0058E+006   4.0703E+006   5.2931E+006   6.5107E+006   7.3727E+006   7.3926E+006   6.2122E+006   4.0100E+006   1.7722E+006   4.4654E+005   5.0872E+004   1.6958E+003   1.0111E+001   4.6191E-003   2.6058E-008
 1620852623.75827360    0.2800   7.4883E+007  999.0000   5.1334E+005   7.4389E+005   1.0793E+006   1.5372E+006   2.1657E+006   3.0058E+006   4.0703E+006   5.2931E+006   6.5107E+006   7.3727E+006   7.3926E+006   6.2122E+006   4.0100E+006   1.7722E+006   4.4654E+005   5.0872E+004   1.6958E+003   1.0111E+001   4.6191E-003   2.6058E-008
 1620852626.61413340    0.2707   8.4622E+007    5.9200   1.4579E+006   2.0865E+006   2.9715E+006   4.1229E+006   5.5935E+006   7.3532E+006   9.2193E+006   1.0784E+007   1.1498E+007   1.0821E+007   8.6812E+006   5.7310E+006   2.9951E+006   1.2261E+006   3.8902E+005   9.8623E+004   1.9848E+004   3.3841E+003   4.9752E+002   5.9186E+001
 1620852629.46062040    0.2715   8.4633E+007    5.2000   1.6238E+006   2.3186E+006   3.2910E+006   4.5449E+006   6.1254E+006   7.9778E+006   9.8754E+006   1.1360E+007   1.1859E+007   1.0890E+007   8.5202E+006   5.5109E+006   2.8575E+006   1.1867E+006   3.9405E+005   1.0835E+005   2.4603E+004   4.9007E+003   8.6866E+002   1.2918E+002
 1620852632.29576470    0.2723   8.4645E+007    4.7600   1.7706E+006   2.5234E+006   3.5715E+006   4.9129E+006   6.5845E+006   8.5090E+006   1.0421E+007   1.1823E+007   1.2133E+007   1.0927E+007   8.3833E+006   5.3398E+006   2.7535E+006   1.1558E+006   3.9627E+005   1.1516E+005   2.8322E+004   6.2397E+003   1.2460E+003   2.1323E+002
 1620852635.14810850    0.3513   9.9123E+007    5.9000   1.4024E+006   2.0117E+006   2.8748E+006   4.0082E+006   5.4762E+006   7.2721E+006   9.2498E+006   1.1037E+007   1.2092E+007   1.1798E+007   9.9076E+006   6.9114E+006   3.8490E+006   1.6857E+006   5.7226E+005   1.5445E+005   3.2875E+004   5.8739E+003   8.9729E+002   1.1022E+002
 1620852637.98326830    0.3526   9.9142E+007    5.1600   1.5679E+006   2.2443E+006   3.1972E+006   4.4382E+006   6.0259E+006   7.9316E+006   9.9661E+006   1.1701E+007   1.2558E+007   1.1955E+007   9.7805E+006   6.6683E+006   3.6684E+006   1.6199E+006   5.7128E+005   1.6602E+005   3.9621E+004   8.2353E+003   1.5137E+003   2.3250E+002
 1620852640.83562040    0.3540   9.9161E+007    4.7300   1.7073E+006   2.4396E+006   3.4666E+006   4.7951E+006   6.4777E+006   8.4663E+006   1.0535E+007   1.2213E+007   1.2899E+007   1.2052E+007   9.6708E+006   6.4859E+006   3.5386E+006   1.5722E+006   5.6903E+005   1.7357E+005   4.4541E+004   1.0168E+004   2.0919E+003   3.6743E+002
 1620852643.67076830    0.4729   1.1575E+008    5.8000   1.2570E+006   1.8079E+006   2.5941E+006   3.6375E+006   5.0109E+006   6.7339E+006   8.7123E+006   1.0646E+007   1.2052E+007   1.2287E+007   1.0921E+007   8.1724E+006   4.9473E+006   2.3756E+006   8.8817E+005   2.6345E+005   6.1365E+004   1.1895E+004   1.9548E+003   2.5700E+002
 1620852646.52312040    0.4716   1.1573E+008    6.5200   1.1575E+006   1.6670E+006   2.3966E+006   3.3697E+006   4.6600E+006   6.2971E+006   8.2107E+006   1.0139E+007   1.1636E+007   1.2068E+007   1.0936E+007   8.3394E+006   5.1170E+006   2.4578E+006   8.9901E+005   2.5323E+005   5.4001E+004   9.2396E+003   1.2937E+003   1.3920E+002
 1620852649.35826850    0.4775   1.1582E+008    4.7600   1.4955E+006   2.1447E+006   3.0638E+006   4.2697E+006   5.8302E+006   7.7378E+006   9.8392E+006   1.1748E+007   1.2908E+007   1.2691E+007   1.0839E+007   7.8132E+006   4.6124E+006   2.2170E+006   8.6342E+005   2.8033E+005   7.5660E+004   1.7925E+004   3.7826E+003   6.7523E+002
 1620852652.21413560    0.7215   1.5395E+008    5.0600   1.4478E+006   2.0839E+006   2.9931E+006   4.2035E+006   5.8034E+006   7.8251E+006   1.0175E+007   1.2526E+007   1.4341E+007   1.4871E+007   1.3555E+007   1.0530E+007   6.7327E+006   3.4894E+006   1.4462E+006   4.8900E+005   1.3400E+005   3.1380E+004   6.3857E+003   1.0730E+003
 1620852655.06061510    0.7142   1.5384E+008    6.4400   1.2016E+006   1.7342E+006   2.5009E+006   3.5320E+006   4.9159E+006   6.7053E+006   8.8614E+006   1.1151E+007   1.3143E+007   1.4134E+007   1.3438E+007   1.0895E+007   7.2093E+006   3.7762E+006   1.5181E+006   4.7051E+005   1.1016E+005   2.0528E+004   3.1017E+003   3.5773E+002
 1620852657.89577050    0.9648   1.7017E+008    8.1400   7.8032E+005   1.1311E+006   1.6418E+006   2.3402E+006   3.3010E+006   4.5907E+006   6.2386E+006   8.1649E+006   1.0164E+007   1.1774E+007   1.2336E+007   1.1289E+007   8.6158E+006   5.2451E+006   2.4211E+006   8.2643E+005   1.9884E+005   3.4669E+004   4.4104E+003   3.7969E+002
 1620852660.74811510    0.9692   1.7024E+008    6.8200   8.5621E+005   1.2399E+006   1.7971E+006   2.5562E+006   3.5947E+006   4.9775E+006   6.7223E+006   8.7221E+006   1.0729E+007   1.2237E+007   1.2573E+007   1.1253E+007   8.4027E+006   5.0422E+006   2.3363E+006   8.2661E+005   2.1632E+005   4.3510E+004   6.8211E+003   7.8359E+002
 1620852663.58327080    0.9705   1.7026E+008    6.5600   8.7647E+005   1.2689E+006   1.8384E+006   2.6136E+006   3.6725E+006   5.0795E+006   6.8489E+006   8.8666E+006   1.0874E+007   1.2352E+007   1.2630E+007   1.1241E+007   8.3489E+006   4.9929E+006   2.3158E+006   8.2624E+005   2.2037E+005   4.5735E+004   7.4973E+003   9.1487E+002
 1620852666.43913030    1.3123   2.0384E+008    7.8600   7.4030E+005   1.0744E+006   1.5625E+006   2.2330E+006   3.1618E+006   4.4219E+006   6.0588E+006   8.0233E+006   1.0157E+007   1.2052E+007   1.3053E+007   1.2498E+007   1.0134E+007   6.6641E+006   3.3823E+006   1.2886E+006   3.5096E+005   6.9739E+004   1.0144E+004   1.0041E+003
 1620852669.28561740    1.3170   2.0391E+008    7.0800   7.8083E+005   1.1327E+006   1.6459E+006   2.3497E+006   3.3220E+006   4.6356E+006   6.3312E+006   8.3466E+006   1.0501E+007   1.2358E+007   1.3245E+007   1.2525E+007   1.0026E+007   6.5271E+006   3.3075E+006   1.2785E+006   3.6245E+005   7.7472E+004   1.2595E+004   1.4604E+003
 1620852672.12076570    1.3072   2.0376E+008    9.4400   6.8420E+005   9.9371E+005   1.4466E+006   2.0705E+006   2.9382E+006   4.1223E+006   5.6740E+006   7.5621E+006   9.6587E+006   1.1599E+007   1.2757E+007   1.2441E+007   1.0288E+007   6.8731E+006   3.4995E+006   1.3034E+006   3.3228E+005   5.8247E+004   6.9494E+003   5.1409E+002
 1620852674.97311740    1.6700   2.6723E+008  999.0000   6.6266E+005   9.6492E+005   1.4101E+006   2.0294E+006   2.9029E+006   4.1204E+006   5.7675E+006   7.8714E+006   1.0395E+007   1.3068E+007   1.5265E+007   1.6036E+007   1.4402E+007   1.0296E+007   5.2553E+006   1.6622E+006   2.5134E+005   1.3419E+004   1.5081E+002   1.1682E-001
 1620852677.80826570    1.6700   2.6723E+008  999.0000   6.6266E+005   9.6492E+005   1.4101E+006   2.0294E+006   2.9029E+006   4.1204E+006   5.7675E+006   7.8714E+006   1.0395E+007   1.3068E+007   1.5265E+007   1.6036E+007   1.4402E+007   1.0296E+007   5.2553E+006   1.6622E+006   2.5134E+005   1.3419E+004   1.5081E+002   1.1682E-001
 1620852680.66413260    1.6700   2.6723E+008  999.0000   6.6266E+005   9.6492E+005   1.4101E+006   2.0294E+006   2.9029E+006   4.1204E+006   5.7675E+006   7.8714E+006   1.0395E+007   1.3068E+007   1.5265E+007   1.6036E+007   1.4402E+007   1.0296E+007   5.2553E+006   1.6622E+006   2.5134E+005   1.3419E+004   1.5081E+002   1.1682E-001
 1620852683.51061200    1.6800   2.5905E+008  999.0000   5.9682E+005   8.6929E+005   1.2709E+006   1.8300E+006   2.6199E+006   3.7231E+006   5.2208E+006   7.1440E+006   9.4710E+006   1.1974E+007   1.4103E+007   1.4995E+007   1.3711E+007   1.0061E+007   5.3362E+006   1.7841E+006   2.9290E+005   1.7624E+004   2.3597E+002   2.3952E-001
 1620852686.34576770    1.6800   2.5905E+008  999.0000   5.9682E+005   8.6929E+005   1.2709E+006   1.8300E+006   2.6199E+006   3.7231E+006   5.2208E+006   7.1440E+006   9.4710E+006   1.1974E+007   1.4103E+007   1.4995E+007   1.3711E+007   1.0061E+007   5.3362E+006   1.7841E+006   2.9290E+005   1.7624E+004   2.3597E+002   2.3952E-001
 1620852689.19811200    1.6800   2.5905E+008  999.0000   5.9682E+005   8.6929E+005   1.2709E+006   1.8300E+006   2.6199E+006   3.7231E+006   5.2208E+006   7.1440E+006   9.4710E+006   1.1974E+007   1.4103E+007   1.4995E+007   1.3711E+007   1.0061E+007   5.3362E+006   1.7841E+006   2.9290E+005   1.7624E+004   2.3597E+002   2.3952E-001
 1620852692.03327130    1.8000   2.8776E+008  999.0000   7.1225E+005   1.0371E+006   1.5157E+006   2.1814E+006   3.1203E+006   4.4291E+006   6.1999E+006   8.4622E+006   1.1177E+007   1.4052E+007   1.6418E+007   1.7252E+007   1.5502E+007   1.1089E+007   5.6661E+006   1.7947E+006   2.7194E+005   1.4564E+004   1.6441E+002   1.2825E-001
 1620852694.88913870    1.8000   2.8776E+008  999.0000   7.1225E+005   1.0371E+006   1.5157E+006   2.1814E+006   3.1203E+006   4.4291E+006   6.1999E+006   8.4622E+006   1.1177E+007   1.4052E+007   1.6418E+007   1.7252E+007   1.5502E+007   1.1089E+007   5.6661E+006   1.7947E+006   2.7194E+005   1.4564E+004   1.6441E+002   1.2825E-001
 1620852697.73561810    2.1000   3.1062E+008  999.0000   6.5892E+005   9.6001E+005   1.4041E+006   2.0231E+006   2.8988E+006   4.1250E+006   5.7955E+006   7.9529E+006   1.0587E+007   1.3467E+007   1.6005E+007   1.7241E+007   1.6072E+007   1.2130E+007   6.7053E+006   2.3802E+006   4.2707E+005   2.9237E+004   4.7296E+002   6.4293E-001
 1620852700.57077360    2.1000   3.1062E+008  999.0000   6.5892E+005   9.6001E+005   1.4041E+006   2.0231E+006   2.8988E+006   4.1250E+006   5.7955E+006   7.9529E+006   1.0587E+007   1.3467E+007   1.6005E+007   1.7241E+007   1.6072E+007   1.2130E+007   6.7053E+006   2.3802E+006   4.2707E+005   2.9237E+004   4.7296E+002   6.4293E-001
 1620852703.42311810    2.1000   3.1062E+008  999.0000   6.5892E+005   9.6001E+005   1.4041E+006   2.0231E+006   2.8988E+006   4.1250E+006   5.7955E+006   7.9529E+006   1.0587E+007   1.3467E+007   1.6005E+007   1.7241E+007   1.6072E+007   1.2130E+007   6.7053E+006   2.3802E+006   4.2707E+005   2.9237E+004   4.7296E+002   6.4293E-001
 1620852706.25827360    2.1600   3.1107E+008  999.0000   6.2574E+005   9.1183E+005   1.3340E+006   1.9228E+006   2.7566E+006   3.9258E+006   5.5224E+006   7.5913E+006   1.0132E+007   1.2937E+007   1.5460E+007   1.6790E+007   1.5841E+007   1.2167E+007   6.9008E+006   2.5425E+006   4.8208E+005   3.5761E+004   6.5070E+002   1.0608E+000
 1620852709.11413340    2.1600   3.1107E+008  999.0000   6.2574E+005   9.1183E+005   1.3340E+006   1.9228E+006   2.7566E+006   3.9258E+006   5.5224E+006   7.5913E+006   1.0132E+007   1.2937E+007   1.5460E+007   1.6790E+007   1.5841E+007   1.2167E+007   6.9008E+006   2.5425E+006   4.8208E+005   3.5761E+004   6.5070E+002   1.0608E+000
 1620852711.96062040    2.1600   3.1107E+008  999.0000   6.2574E+005   9.1183E+005   1.3340E+006   1.9228E+006   2.7566E+006   3.9258E+006   5.5224E+006   7.5913E+006   1.0132E+007   1.2937E+007   1.5460E+007   1.6790E+007   1.5841E+007   1.2167E+007   6.9008E+006   2.5425E+006   4.8208E+005   3.5761E+004   6.5070E+002   1.0608E+000
 1620852714.79576470    2.1900   3.2761E+008  999.0000   7.1068E+005   1.0353E+006   1.5141E+006   2.1812E+006   3.1247E+006   4.4448E+006   6.2417E+006   8.5587E+006   1.1381E+007   1.4453E+007   1.7135E+007   1.8395E+007   1.7060E+007   1.2779E+007   6.9865E+006   2.4407E+006   4.2765E+005   2.8286E+004   4.3503E+002   5.4700E-001
 1620852717.64810850    2.1900   3.2761E+008  999.0000   7.1068E+005   1.0353E+006   1.5141E+006   2.1812E+006   3.1247E+006   4.4448E+006   6.2417E+006   8.5587E+006   1.1381E+007   1.4453E+007   1.7135E+007   1.8395E+007   1.7060E+007   1.2779E+007   6.9865E+006   2.4407E+006   4.2765E+005   2.8286E+004   4.3503E+002   5.4700E-001
 1620852720.48326440    2.1900   3.2761E+008  999.0000   7.1068E+005   1.0353E+006   1.5141E+006   2.1812E+006   3.1247E+006   4.4448E+006   6.2417E+006   8.5587E+006   1.1381E+007   1.4453E+007   1.7135E+007   1.8395E+007   1.7060E+007   1.2779E+007   6.9865E+006   2.4407E+006   4.2765E+005   2.8286E+004   4.3503E+002   5.4700E-001
 1620852723.33912370    2.2100   3.1551E+008  999.0000   6.2380E+005   9.0905E+005   1.3300E+006   1.9173E+006   2.7493E+006   3.9164E+006   5.5112E+006   7.5803E+006   1.0126E+007   1.2945E+007   1.5497E+007   1.6873E+007   1.5981E+007   1.2343E+007   7.0586E+006   2.6318E+006   5.0790E+005   3.8656E+004   7.3033E+002   1.2619E+000
 1620852726.18561100    2.2100   3.1551E+008  999.0000   6.2380E+005   9.0905E+005   1.3300E+006   1.9173E+006   2.7493E+006   3.9164E+006   5.5112E+006   7.5803E+006   1.0126E+007   1.2945E+007   1.5497E+007   1.6873E+007   1.5981E+007   1.2343E+007   7.0586E+006   2.6318E+006   5.0790E+005   3.8656E+004   7.3033E+002   1.2619E+000
 1620852729.02075860    2.4800   3.5175E+008  999.0000   6.8649E+005   1.0005E+006   1.4639E+006   2.1104E+006   3.0266E+006   4.3122E+006   6.0700E+006   8.3523E+006   1.1164E+007   1.4285E+007   1.7124E+007   1.8681E+007   1.7744E+007   1.3762E+007   7.9182E+006   2.9786E+006   5.8243E+005   4.5184E+004   8.7793E+002   1.5841E+000
 1620852731.87663030    2.0100   3.4576E+008  999.0000   9.8965E+005   1.4403E+006   2.1032E+006   3.0233E+006   4.3172E+006   6.1124E+006   8.5243E+006   1.1571E+007   1.5161E+007   1.8838E+007   2.1632E+007   2.2164E+007   1.9185E+007   1.2996E+007   6.1300E+006   1.7293E+006   2.2072E+005   9.2131E+003   7.2198E+001   3.2072E-002
 1620852734.72311740    2.0100   3.4576E+008  999.0000   9.8965E+005   1.4403E+006   2.1032E+006   3.0233E+006   4.3172E+006   6.1124E+006   8.5243E+006   1.1571E+007   1.5161E+007   1.8838E+007   2.1632E+007   2.2164E+007   1.9185E+007   1.2996E+007   6.1300E+006   1.7293E+006   2.2072E+005   9.2131E+003   7.2198E+001   3.2072E-002
 1620852737.55826570    1.7300   2.9891E+008  999.0000   8.6307E+005   1.2560E+006   1.8340E+006   2.6362E+006   3.7641E+006   5.3284E+006   7.4291E+006   1.0081E+007   1.3202E+007   1.6391E+007   1.8803E+007   1.9235E+007   1.6610E+007   1.1214E+007   5.2629E+006   1.4740E+006   1.8612E+005   7.6487E+003   5.8586E+001   2.5126E-002
 1620852740.41061740    1.7300   2.9891E+008  999.0000   8.6307E+005   1.2560E+006   1.8340E+006   2.6362E+006   3.7641E+006   5.3284E+006   7.4291E+006   1.0081E+007   1.3202E+007   1.6391E+007   1.8803E+007   1.9235E+007   1.6610E+007   1.1214E+007   5.2629E+006   1.4740E+006   1.8612E+005   7.6487E+003   5.8586E+001   2.5126E-002
 1620852743.24576570    1.7300   2.9891E+008  999.0000   8.6307E+005   1.2560E+006   1.8340E+006   2.6362E+006   3.7641E+006   5.3284E+006   7.4291E+006   1.0081E+007   1.3202E+007   1.6391E+007   1.8803E+007   1.9235E+007   1.6610E+007   1.1214E+007   5.2629E+006   1.4740E+006   1.8612E+005   7.6487E+003   5.8586E+001   2.5126E-002
 1620852746.10163260    1.5200   2.9591E+008  999.0000   1.0825E+006   1.5738E+006   2.2945E+006   3.2912E+006   4.6847E+006   6.6015E+006   9.1422E+006   1.2284E+007   1.5855E+007   1.9271E+007   2.1428E+007   2.0945E+007   1.6909E+007   1.0349E+007   4.2052E+006   9.5612E+005   8.8640E+004   2.3265E+003   9.2469E+000   1.4436E-003
 1620852748.94811200    1.5200   2.9591E+008  999.0000   1.0825E+006   1.5738E+006   2.2945E+006   3.2912E+006   4.6847E+006   6.6015E+006   9.1422E+006   1.2284E+007   1.5855E+007   1.9271E+007   2.1428E+007   2.0945E+007   1.6909E+007   1.0349E+007   4.2052E+006   9.5612E+005   8.8640E+004   2.3265E+003   9.2469E+000   1.4436E-003
 1620852751.78326770    1.5200   2.9591E+008  999.0000   1.0825E+006   1.5738E+006   2.2945E+006   3.2912E+006   4.6847E+006   6.6015E+006   9.1422E+006   1.2284E+007   1.5855E+007   1.9271E+007   2.1428E+007   2.0945E+007   1.6909E+007   1.0349E+007   4.2052E+006   9.5612E+005   8.8640E+004   2.3265E+003   9.2469E+000   1.4436E-003
 1620852754.63912750    1.3600   2.8722E+008  999.0000   1.2345E+006   1.7935E+006   2.6120E+006   3.7406E+006   5.3120E+006   7.4596E+006   1.0278E+007   1.3708E+007   1.7501E+007   2.0932E+007   2.2736E+007   2.1473E+007   1.6477E+007   9.3656E+006   3.4141E+006   6.6343E+005   4.8740E+004   9.1289E+002   2.2158E+000   1.6200E-004
 1620852757.48561430    1.3600   2.8722E+008  999.0000   1.2345E+006   1.7935E+006   2.6120E+006   3.7406E+006   5.3120E+006   7.4596E+006   1.0278E+007   1.3708E+007   1.7501E+007   2.0932E+007   2.2736E+007   2.1473E+007   1.6477E+007   9.3656E+006   3.4141E+006   6.6343E+005   4.8740E+004   9.1289E+002   2.2158E+000   1.6200E-004
 1620852760.32076260    1.3600   2.8722E+008  999.0000   1.2345E+006   1.7935E+006   2.6120E+006   3.7406E+006   5.3120E+006   7.4596E+006   1.0278E+007   1.3708E+007   1.7501E+007   2.0932E+007   2.2736E+007   2.1473E+007   1.6477E+007   9.3656E+006   3.4141E+006   6.6343E+005   4.8740E+004   9.1289E+002   2.2158E+000   1.6200E-004
 1620852763.17311430    1.1400   2.6572E+008  999.0000   1.3882E+006   2.0148E+006   2.9300E+006   4.1871E+006   5.9278E+006   8.2864E+006   1.1340E+007   1.4977E+007   1.8846E+007   2.2066E+007   2.3232E+007   2.0966E+007   1.5041E+007   7.7513E+006   2.4471E+006   3.8620E+005   2.0852E+004   2.4993E+002   3.1609E-001   8.4913E-006
 1620852766.00826260    1.1400   2.6572E+008  999.0000   1.3882E+006   2.0148E+006   2.9300E+006   4.1871E+006   5.9278E+006   8.2864E+006   1.1340E+007   1.4977E+007   1.8846E+007   2.2066E+007   2.3232E+007   2.0966E+007   1.5041E+007   7.7513E+006   2.4471E+006   3.8620E+005   2.0852E+004   2.4993E+002   3.1609E-001   8.4913E-006
 1620852768.86412930    1.1400   2.6572E+008  999.0000   1.3882E+006   2.0148E+006   2.9300E+006   4.1871E+006   5.9278E+006   8.2864E+006   1.1340E+007   1.4977E+007   1.8846E+007   2.2066E+007   2.3232E+007   2.0966E+007   1.5041E+007   7.7513E+006   2.4471E+006   3.8620E+005   2.0852E+004   2.4993E+002   3.1609E-001   8.4913E-006
 1620852771.71060850    0.8700   2.4950E+008  999.0000   1.9630E+006   2.8422E+006   4.1182E+006   5.8548E+006   8.2261E+006   1.1371E+007   1.5306E+007   1.9732E+007   2.3963E+007   2.6630E+007   2.5978E+007   2.0970E+007   1.2756E+007   5.1704E+006   1.1476E+006   1.0885E+005   2.7672E+003   1.1148E+001   2.8777E-003   6.7793E-009
 1620852774.54576470    0.8700   2.4950E+008  999.0000   1.9630E+006   2.8422E+006   4.1182E+006   5.8548E+006   8.2261E+006   1.1371E+007   1.5306E+007   1.9732E+007   2.3963E+007   2.6630E+007   2.5978E+007   2.0970E+007   1.2756E+007   5.1704E+006   1.1476E+006   1.0885E+005   2.7672E+003   1.1148E+001   2.8777E-003   6.7793E-009
 1620852777.39810850    0.7300   2.3705E+008  999.0000   2.3825E+006   3.4437E+006   4.9770E+006   7.0499E+006   9.8522E+006   1.3511E+007   1.7976E+007   2.2781E+007   2.6980E+007   2.8897E+007   2.6710E+007   1.9929E+007   1.0789E+007   3.6913E+006   6.3901E+005   4.2326E+004   6.3307E+002   1.1849E+000   1.0030E-004   4.3095E-011
 1620852780.23326830    0.7300   2.3705E+008  999.0000   2.3825E+006   3.4437E+006   4.9770E+006   7.0499E+006   9.8522E+006   1.3511E+007   1.7976E+007   2.2781E+007   2.6980E+007   2.8897E+007   2.6710E+007   1.9929E+007   1.0789E+007   3.6913E+006   6.3901E+005   4.2326E+004   6.3307E+002   1.1849E+000   1.0030E-004   4.3095E-011
 1620852783.08913560    0.7300   2.3705E+008  999.0000   2.3825E+006   3.4437E+006   4.9770E+006   7.0499E+006   9.8522E+006   1.3511E+007   1.7976E+007   2.2781E+007   2.6980E+007   2.8897E+007   2.6710E+007   1.9929E+007   1.0789E+007   3.6913E+006   6.3901E+005   4.2326E+004   6.3307E+002   1.1849E+000   1.0030E-004   4.3095E-011
 1620852785.93561510    0.6800   2.2397E+008  999.0000   2.3150E+006   3.3453E+006   4.8333E+006   6.8433E+006   9.5572E+006   1.3094E+007   1.7395E+007   2.2000E+007   2.5975E+007   2.7695E+007   2.5431E+007   1.8792E+007   1.0029E+007   3.3610E+006   5.6440E+005   3.5778E+004   5.0154E+002   8.5474E-001   6.3154E-005   2.2053E-011
 1620852788.77077080    0.6800   2.2397E+008  999.0000   2.3150E+006   3.3453E+006   4.8333E+006   6.8433E+006   9.5572E+006   1.3094E+007   1.7395E+007   2.2000E+007   2.5975E+007   2.7695E+007   2.5431E+007   1.8792E+007   1.0029E+007   3.3610E+006   5.6440E+005   3.5778E+004   5.0154E+002   8.5474E-001   6.3154E-005   2.2053E-011
 1620852791.62663030    0.6800   2.2397E+008  999.0000   2.3150E+006   3.3453E+006   4.8333E+006   6.8433E+006   9.5572E+006   1.3094E+007   1.7395E+007   2.2000E+007   2.5975E+007   2.7695E+007   2.5431E+007   1.8792E+007   1.0029E+007   3.3610E+006   5.6440E+005   3.5778E+004   5.0154E+002   8.5474E-001   6.3154E-005   2.2053E-011
 1620852794.47311740    0.6100   2.3086E+008  999.0000   3.1355E+006   4.5212E+006   6.5105E+006   9.1745E+006   1.2724E+007   1.7255E+007   2.2579E+007   2.7933E+007   3.1926E+007   3.2454E+007   2.7794E+007   1.8550E+007   8.5161E+006   2.2925E+006   2.7925E+005   1.1138E+004   7.8798E+001   5.0066E-002   8.8397E-007   3.4994E-014
 1620852797.30826570    0.6100   2.3086E+008  999.0000   3.1355E+006   4.5212E+006   6.5105E+006   9.1745E+006   1.2724E+007   1.7255E+007   2.2579E+007   2.7933E+007   3.1926E+007   3.2454E+007   2.7794E+007   1.8550E+007   8.5161E+006   2.2925E+006   2.7925E+005   1.1138E+004   7.8798E+001   5.0066E-002   8.8397E-007   3.4994E-014
 1620852800.16061740    0.6100   2.3086E+008  999.0000   3.1355E+006   4.5212E+006   6.5105E+006   9.1745E+006   1.2724E+007   1.7255E+007   2.2579E+007   2.7933E+007   3.1926E+007   3.2454E+007   2.7794E+007   1.8550E+007   8.5161E+006   2.2925E+006   2.7925E+005   1.1138E+004   7.8798E+001   5.0066E-002   8.8397E-007   3.4994E-014
 1620852802.99576540    0.5100   2.1109E+008  999.0000   3.4173E+006   4.9195E+006   7.0673E+006   9.9251E+006   1.3696E+007   1.8437E+007   2.3863E+007   2.9055E+007   3.2439E+007   3.1859E+007   2.5946E+007   1.6090E+007   6.6263E+006   1.5232E+006   1.4721E+005   4.2055E+003   1.8189E+001   5.6876E-003   3.5979E-008   3.0041E-016
 1620852805.85163260    0.5100   2.1109E+008  999.0000   3.4173E+006   4.9195E+006   7.0673E+006   9.9251E+006   1.3696E+007   1.8437E+007   2.3863E+007   2.9055E+007   3.2439E+007   3.1859E+007   2.5946E+007   1.6090E+007   6.6263E+006   1.5232E+006   1.4721E+005   4.2055E+003   1.8189E+001   5.6876E-003   3.5979E-008   3.0041E-016
 1620852808.69811200    0.4600   2.0111E+008  999.0000   3.6242E+006   5.2120E+006   7.4756E+006   1.0475E+007   1.4408E+007   1.9300E+007   2.4802E+007   2.9883E+007   3.2855E+007   3.1545E+007   2.4855E+007   1.4687E+007   5.6320E+006   1.1670E+006   9.6893E+004   2.2236E+003   6.9649E+000   1.3687E-003   4.4238E-009   1.3374E-017
 1620852811.53326770    0.4600   2.0111E+008  999.0000   3.6242E+006   5.2120E+006   7.4756E+006   1.0475E+007   1.4408E+007   1.9300E+007   2.4802E+007   2.9883E+007   3.2855E+007   3.1545E+007   2.4855E+007   1.4687E+007   5.6320E+006   1.1670E+006   9.6893E+004   2.2236E+003   6.9649E+000   1.3687E-003   4.4238E-009   1.3374E-017
 1620852814.38912730    0.4600   2.0111E+008  999.0000   3.6242E+006   5.2120E+006   7.4756E+006   1.0475E+007   1.4408E+007   1.9300E+007   2.4802E+007   2.9883E+007   3.2855E+007   3.1545E+007   2.4855E+007   1.4687E+007   5.6320E+006   1.1670E+006   9.6893E+004   2.2236E+003   6.9649E+000   1.3687E-003   4.4238E-009   1.3374E-017
 1620852817.23561430    0.3600   2.0042E+008  999.0000   5.7899E+006   8.2818E+006   1.1783E+007   1.6322E+007   2.2074E+007   2.8840E+007   3.5721E+007   4.0788E+007   4.1437E+007   3.5424E+007   2.3558E+007   1.0867E+007   2.8903E+006   3.5197E+005   1.3424E+004   1.0051E+002   6.0600E-002   1.1177E-006   1.1953E-013   2.1360E-024
 1620852820.07076260    0.3600   2.0042E+008  999.0000   5.7899E+006   8.2818E+006   1.1783E+007   1.6322E+007   2.2074E+007   2.8840E+007   3.5721E+007   4.0788E+007   4.1437E+007   3.5424E+007   2.3558E+007   1.0867E+007   2.8903E+006   3.5197E+005   1.3424E+004   1.0051E+002   6.0600E-002   1.1177E-006   1.1953E-013   2.1360E-024
 1620852822.92311430    0.3600   2.0042E+008  999.0000   5.7899E+006   8.2818E+006   1.1783E+007   1.6322E+007   2.2074E+007   2.8840E+007   3.5721E+007   4.0788E+007   4.1437E+007   3.5424E+007   2.3558E+007   1.0867E+007   2.8903E+006   3.5197E+005   1.3424E+004   1.0051E+002   6.0600E-002   1.1177E-006   1.1953E-013   2.1360E-024
 1620852825.75826260    0.2800   1.8701E+008  999.0000   7.6921E+006   1.0948E+007   1.5460E+007   2.1187E+007   2.8206E+007   3.6007E+007   4.3095E+007   4.6811E+007   4.4189E+007   3.3912E+007   1.9266E+007   7.0616E+006   1.3374E+006   9.9479E+004   1.8459E+003   4.9069E+000   6.4761E-004   1.3597E-009   6.4626E-018   1.1058E-030
 1620852828.61413340    0.2800   1.8701E+008  999.0000   7.6921E+006   1.0948E+007   1.5460E+007   2.1187E+007   2.8206E+007   3.6007E+007   4.3095E+007   4.6811E+007   4.4189E+007   3.3912E+007   1.9266E+007   7.0616E+006   1.3374E+006   9.9479E+004   1.8459E+003   4.9069E+000   6.4761E-004   1.3597E-009   6.4626E-018   1.1058E-030
 1620852831.46062040    0.2800   1.8701E+008  999.0000   7.6921E+006   1.0948E+007   1.5460E+007   2.1187E+007   2.8206E+007   3.6007E+007   4.3095E+007   4.6811E+007   4.4189E+007   3.3912E+007   1.9266E+007   7.0616E+006   1.3374E+006   9.9479E+004   1.8459E+003   4.9069E+000   6.4761E-004   1.3597E-009   6.4626E-018   1.1058E-030
 1620852834.29576470    0.2400   1.7395E+008  999.0000   8.3797E+006   1.1896E+007   1.6735E+007   2.2808E+007   3.0121E+007   3.7998E+007   4.4688E+007   4.7316E+007   4.3018E+007   3.1241E+007   1.6374E+007   5.3358E+006   8.4951E+005   4.9123E+004   6.3107E+002   9.8957E-001   6.0300E-005   4.2040E-011   4.1440E-020   6.8636E-034
 1620852837.15162370    0.2400   1.7395E+008  999.0000   8.3797E+006   1.1896E+007   1.6735E+007   2.2808E+007   3.0121E+007   3.7998E+007   4.4688E+007   4.7316E+007   4.3018E+007   3.1241E+007   1.6374E+007   5.3358E+006   8.4951E+005   4.9123E+004   6.3107E+002   9.8957E-001   6.0300E-005   4.2040E-011   4.1440E-020   6.8636E-034
 1620852839.99811100    0.2400   1.7395E+008  999.0000   8.3797E+006   1.1896E+007   1.6735E+007   2.2808E+007   3.0121E+007   3.7998E+007   4.4688E+007   4.7316E+007   4.3018E+007   3.1241E+007   1.6374E+007   5.3358E+006   8.4951E+005   4.9123E+004   6.3107E+002   9.8957E-001   6.0300E-005   4.2040E-011   4.1440E-020   6.8636E-034
 1620852842.83325860    0.2000   1.6871E+008  999.0000   1.0884E+007   1.5369E+007   2.1447E+007   2.8898E+007   3.7529E+007   4.6183E+007   5.2362E+007   5.2562E+007   4.4184E+007   2.8596E+007   1.2668E+007   3.2305E+006   3.5818E+005   1.2257E+004   7.3257E+001   3.8356E-002   4.7048E-007   3.3552E-014   1.2948E-024   1.7984E-040
 1620852845.68913030    0.2000   1.6871E+008  999.0000   1.0884E+007   1.5369E+007   2.1447E+007   2.8898E+007   3.7529E+007   4.6183E+007   5.2362E+007   5.2562E+007   4.4184E+007   2.8596E+007   1.2668E+007   3.2305E+006   3.5818E+005   1.2257E+004   7.3257E+001   3.8356E-002   4.7048E-007   3.3552E-014   1.2948E-024   1.7984E-040
 1620852848.53561740    0.1800   1.4917E+008  999.0000   9.3019E+006   1.3143E+007   1.8360E+007   2.4774E+007   3.2241E+007   3.9798E+007   4.5330E+007   4.5807E+007   3.8883E+007   2.5529E+007   1.1549E+007   3.0365E+006   3.5219E+005   1.2866E+004   8.4579E+001   5.0757E-002   7.5976E-007   7.1885E-014   4.1420E-024   1.0372E-039
 1620852851.37076570    0.1800   1.4917E+008  999.0000   9.3019E+006   1.3143E+007   1.8360E+007   2.4774E+007   3.2241E+007   3.9798E+007   4.5330E+007   4.5807E+007   3.8883E+007   2.5529E+007   1.1549E+007   3.0365E+006   3.5219E+005   1.2866E+004   8.4579E+001   5.0757E-002   7.5976E-007   7.1885E-014   4.1420E-024   1.0372E-039
 1620852854.22311740    0.1800   1.4917E+008  999.0000   9.3019E+006   1.3143E+007   1.8360E+007   2.4774E+007   3.2241E+007   3.9798E+007   4.5330E+007   4.5807E+007   3.8883E+007   2.5529E+007   1.1549E+007   3.0365E+006   3.5219E+005   1.2866E+004   8.4579E+001   5.0757E-002   7.5976E-007   7.1885E-014   4.1420E-024   1.0372E-039
 1620852857.05826570    0.1700   1.3954E+008  999.0000   8.5421E+006   1.2074E+007   1.6876E+007   2.2788E+007   2.9690E+007   3.6710E+007   4.1914E+007   4.2506E+007   3.6270E+007   2.3997E+007   1.0979E+007   2.9341E+006   3.4862E+005   1.3189E+004   9.1236E+001   5.8899E-002   9.8084E-007   1.0798E-013   7.7127E-024   2.6494E-039
 1620852859.91413260    0.1700   1.3954E+008  999.0000   8.5421E+006   1.2074E+007   1.6876E+007   2.2788E+007   2.9690E+007   3.6710E+007   4.1914E+007   4.2506E+007   3.6270E+007   2.3997E+007   1.0979E+007   2.9341E+006   3.4862E+005   1.3189E+004   9.1236E+001   5.8899E-002   9.8084E-007   1.0798E-013   7.7127E-024   2.6494E-039
 1620852862.76061200    0.1700   1.3954E+008  999.0000   8.5421E+006   1.2074E+007   1.6876E+007   2.2788E+007   2.9690E+007   3.6710E+007   4.1914E+007   4.2506E+007   3.6270E+007   2.3997E+007   1.0979E+007   2.9341E+006   3.4862E+005   1.3189E+004   9.1236E+001   5.8899E-002   9.8084E-007   1.0798E-013   7.7127E-024   2.6494E-039
 1620852865.59576770    0.1700   1.4608E+008  999.0000   9.7645E+006   1.3778E+007   1.9207E+007   2.5841E+007   3.3484E+007   4.1070E+007   4.6340E+007   4.6189E+007   3.8424E+007   2.4492E+007   1.0611E+007   2.6193E+006   2.7682E+005   8.8374E+003   4.7731E+001   2.1618E-002   2.1461E-007   1.1335E-014   2.8586E-025   2.1255E-041
 1620852868.45162750    0.1700   1.4608E+008  999.0000   9.7645E+006   1.3778E+007   1.9207E+007   2.5841E+007   3.3484E+007   4.1070E+007   4.6340E+007   4.6189E+007   3.8424E+007   2.4492E+007   1.0611E+007   2.6193E+006   2.7682E+005   8.8374E+003   4.7731E+001   2.1618E-002   2.1461E-007   1.1335E-014   2.8586E-025   2.1255E-041
 1620852871.29811430    0.1700   1.4608E+008  999.0000   9.7645E+006   1.3778E+007   1.9207E+007   2.5841E+007   3.3484E+007   4.1070E+007   4.6340E+007   4.6189E+007   3.8424E+007   2.4492E+007   1.0611E+007   2.6193E+006   2.7682E+005   8.8374E+003   4.7731E+001   2.1618E-002   2.1461E-007   1.1335E-014   2.8586E-025   2.1255E-041
 1620852874.13326260    0.1400   1.2928E+008  999.0000   9.9174E+006   1.3954E+007   1.9368E+007   2.5896E+007   3.3253E+007   4.0245E+007   4.4521E+007   4.3117E+007   3.4382E+007   2.0595E+007   8.1492E+006   1.7625E+006   1.5327E+005   3.6890E+003   1.3202E+001   3.3180E-003   1.3958E-008   2.1832E-016   9.8495E-028   5.8855E-045
 1620852876.98561430    0.1400   1.2928E+008  999.0000   9.9174E+006   1.3954E+007   1.9368E+007   2.5896E+007   3.3253E+007   4.0245E+007   4.4521E+007   4.3117E+007   3.4382E+007   2.0595E+007   8.1492E+006   1.7625E+006   1.5327E+005   3.6890E+003   1.3202E+001   3.3180E-003   1.3958E-008   2.1832E-016   9.8495E-028   5.8855E-045
 1620852879.82076260    0.1400   1.2928E+008  999.0000   9.9174E+006   1.3954E+007   1.9368E+007   2.5896E+007   3.3253E+007   4.0245E+007   4.4521E+007   4.3117E+007   3.4382E+007   2.0595E+007   8.1492E+006   1.7625E+006   1.5327E+005   3.6890E+003   1.3202E+001   3.3180E-003   1.3958E-008   2.1832E-016   9.8495E-028   5.8855E-045
 1620852882.67662930    0.1100   1.0134E+008  999.0000   7.7403E+006   1.0892E+007   1.5120E+007   2.0220E+007   2.5973E+007   3.1448E+007   3.4811E+007   3.3746E+007   2.6947E+007   1.6174E+007   6.4193E+006   1.3944E+006   1.2204E+005   2.9650E+003   1.0756E+001   2.7562E-003   1.1928E-008   1.9418E-016   9.2704E-028   6.0171E-045
 1620852885.52310850    0.1100   1.0134E+008  999.0000   7.7403E+006   1.0892E+007   1.5120E+007   2.0220E+007   2.5973E+007   3.1448E+007   3.4811E+007   3.3746E+007   2.6947E+007   1.6174E+007   6.4193E+006   1.3944E+006   1.2204E+005   2.9650E+003   1.0756E+001   2.7562E-003   1.1928E-008   1.9418E-016   9.2704E-028   6.0171E-045
 1620852888.35826440    0.1000   1.0471E+008  999.0000   1.0206E+007   1.4281E+007   1.9657E+007   2.5971E+007   3.2772E+007   3.8652E+007   4.1159E+007   3.7708E+007   2.7713E+007   1.4725E+007   4.8921E+006   8.2004E+005   4.8981E+004   6.8445E+002   1.1100E+000   9.0030E-005   7.3083E-011   1.1178E-019   1.9093E-032   9.7063E-052
 1620852891.21412370    0.1000   1.0471E+008  999.0000   1.0206E+007   1.4281E+007   1.9657E+007   2.5971E+007   3.2772E+007   3.8652E+007   4.1159E+007   3.7708E+007   2.7713E+007   1.4725E+007   4.8921E+006   8.2004E+005   4.8981E+004   6.8445E+002   1.1100E+000   9.0030E-005   7.3083E-011   1.1178E-019   1.9093E-032   9.7063E-052
 1620852894.06061120    0.1000   1.0471E+008  999.0000   1.0206E+007   1.4281E+007   1.9657E+007   2.5971E+007   3.2772E+007   3.8652E+007   4.1159E+007   3.7708E+007   2.7713E+007   1.4725E+007   4.8921E+006   8.2004E+005   4.8981E+004   6.8445E+002   1.1100E+000   9.0030E-005   7.3083E-011   1.1178E-019   1.9093E-032   9.7063E-052
 1620852896.89575860    0.1000   9.5288E+007  999.0000   7.7619E+006   1.0906E+007   1.5108E+007   2.0144E+007   2.5759E+007   3.0984E+007   3.3966E+007   3.2462E+007   2.5387E+007   1.4779E+007   5.6092E+006   1.1416E+006   9.0771E+004   1.9190E+003   5.6855E+000   1.0906E-003   3.0960E-009   2.7751E-017   5.7070E-029   1.0826E-046
 1620852899.75163030    0.1000   9.5288E+007  999.0000   7.7619E+006   1.0906E+007   1.5108E+007   2.0144E+007   2.5759E+007   3.0984E+007   3.3966E+007   3.2462E+007   2.5387E+007   1.4779E+007   5.6092E+006   1.1416E+006   9.0771E+004   1.9190E+003   5.6855E+000   1.0906E-003   3.0960E-009   2.7751E-017   5.7070E-029   1.0826E-046
