          0.00000000    0.0000   0.0000E+000    0.0000   3.0000E-002   4.4000E-002   6.5000E-002   9.5000E-002   1.3900E-001   2.0400E-001   3.0000E-001   4.4000E-001   6.4600E-001   9.4900E-001   1.3920E+000   2.0400E+000   3.0000E+000   4.4000E+000   6.4600E+000   9.4500E+000   1.3900E+001   2.0400E+001   3.0000E+001   4.5000E+001
 1620801899.42270260    0.0200   5.0984E+006  999.0000   3.1792E+004   4.6097E+004   6.6936E+004   9.5455E+004   1.3472E+005   1.8747E+005   2.5484E+005   3.3327E+005   4.1334E+005   4.7380E+005   4.8361E+005   4.1710E+005   2.7980E+005   1.3078E+005   3.5773E+004   4.5892E+003   1.8235E+002   1.4019E+000   9.2771E-004   9.2301E-009
 1620801902.27504630    0.0200   5.0984E+006  999.0000   3.1792E+004   4.6097E+004   6.6936E+004   9.5455E+004   1.3472E+005   1.8747E+005   2.5484E+005   3.3327E+005   4.1334E+005   4.7380E+005   4.8361E+005   4.1710E+005   2.7980E+005   1.3078E+005   3.5773E+004   4.5892E+003   1.8235E+002   1.4019E+000   9.2771E-004   9.2301E-009
 1620801905.10668730    0.0200   5.4247E+006  999.0000   3.8235E+004   5.5397E+004   8.0352E+004   1.1441E+005   1.6110E+005   2.2341E+005   3.0217E+005   3.9228E+005   4.8131E+005   5.4303E+005   5.4157E+005   4.5152E+005   2.8808E+005   1.2518E+005   3.0767E+004   3.3813E+003   1.0688E+002   5.9008E-001   2.4100E-004   1.1453E-009
 1620801907.94769950    0.0200   5.4247E+006  999.0000   3.8235E+004   5.5397E+004   8.0352E+004   1.1441E+005   1.6110E+005   2.2341E+005   3.0217E+005   3.9228E+005   4.8131E+005   5.4303E+005   5.4157E+005   4.5152E+005   2.8808E+005   1.2518E+005   3.0767E+004   3.3813E+003   1.0688E+002   5.9008E-001   2.4100E-004   1.1453E-009
 1620801910.80005220    0.0200   5.4247E+006  999.0000   3.8235E+004   5.5397E+004   8.0352E+004   1.1441E+005   1.6110E+005   2.2341E+005   3.0217E+005   3.9228E+005   4.8131E+005   5.4303E+005   5.4157E+005   4.5152E+005   2.8808E+005   1.2518E+005   3.0767E+004   3.3813E+003   1.0688E+002   5.9008E-001   2.4100E-004   1.1453E-009
 1620801913.63168430    0.0300   6.2622E+006  999.0000   2.6300E+004   3.8212E+004   5.5660E+004   7.9728E+004   1.1326E+005   1.5913E+005   2.1943E+005   2.9298E+005   3.7465E+005   4.4918E+005   4.8958E+005   4.6476E+005   3.5932E+005   2.0650E+005   7.6501E+004   1.5217E+004   1.1572E+003   2.2789E+001   5.9515E-002   4.8697E-006
 1620801916.47270560    0.0300   6.2622E+006  999.0000   2.6300E+004   3.8212E+004   5.5660E+004   7.9728E+004   1.1326E+005   1.5913E+005   2.1943E+005   2.9298E+005   3.7465E+005   4.4918E+005   4.8958E+005   4.6476E+005   3.5932E+005   2.0650E+005   7.6501E+004   1.5217E+004   1.1572E+003   2.2789E+001   5.9515E-002   4.8697E-006
 1620801919.32504940    0.0300   6.2622E+006  999.0000   2.6300E+004   3.8212E+004   5.5660E+004   7.9728E+004   1.1326E+005   1.5913E+005   2.1943E+005   2.9298E+005   3.7465E+005   4.4918E+005   4.8958E+005   4.6476E+005   3.5932E+005   2.0650E+005   7.6501E+004   1.5217E+004   1.1572E+003   2.2789E+001   5.9515E-002   4.8697E-006
 1620801922.15669040    0.0300   7.4781E+006  999.0000   4.4612E+004   6.4701E+004   9.3987E+004   1.3410E+005   1.8942E+005   2.6389E+005   3.5935E+005   4.7115E+005   5.8653E+005   6.7603E+005   6.9558E+005   6.0700E+005   4.1432E+005   1.9861E+005   5.6380E+004   7.6311E+003   3.2824E+002   2.8306E+000   2.2144E-003   2.8475E-008
 1620801924.99770260    0.0300   7.4781E+006  999.0000   4.4612E+004   6.4701E+004   9.3987E+004   1.3410E+005   1.8942E+005   2.6389E+005   3.5935E+005   4.7115E+005   5.8653E+005   6.7603E+005   6.9558E+005   6.0700E+005   4.1432E+005   1.9861E+005   5.6380E+004   7.6311E+003   3.2824E+002   2.8306E+000   2.2144E-003   2.8475E-008
 1620801927.85005520    0.0300   7.4781E+006  999.0000   4.4612E+004   6.4701E+004   9.3987E+004   1.3410E+005   1.8942E+005   2.6389E+005   3.5935E+005   4.7115E+005   5.8653E+005   6.7603E+005   6.9558E+005   6.0700E+005   4.1432E+005   1.9861E+005   5.6380E+004   7.6311E+003   3.2824E+002   2.8306E+000   2.2144E-003   2.8475E-008
 1620801930.68168350    0.0300   9.1956E+006  999.0000   8.2493E+004   1.1933E+005   1.7268E+005   2.4502E+005   3.4330E+005   4.7259E+005   6.3229E+005   8.0792E+005   9.6841E+005   1.0557E+006   1.0014E+006   7.7594E+005   4.4423E+005   1.6487E+005   3.2154E+004   2.5300E+003   4.8803E+001   1.3190E-001   1.9050E-005   1.8486E-011
 1620801933.51918150    0.0300   9.1956E+006  999.0000   8.2493E+004   1.1933E+005   1.7268E+005   2.4502E+005   3.4330E+005   4.7259E+005   6.3229E+005   8.0792E+005   9.6841E+005   1.0557E+006   1.0014E+006   7.7594E+005   4.4423E+005   1.6487E+005   3.2154E+004   2.5300E+003   4.8803E+001   1.3190E-001   1.9050E-005   1.8486E-011
 1620801936.36020260    0.0300   9.1956E+006  999.0000   8.2493E+004   1.1933E+005   1.7268E+005   2.4502E+005   3.4330E+005   4.7259E+005   6.3229E+005   8.0792E+005   9.6841E+005   1.0557E+006   1.0014E+006   7.7594E+005   4.4423E+005   1.6487E+005   3.2154E+004   2.5300E+003   4.8803E+001   1.3190E-001   1.9050E-005   1.8486E-011
 1620801939.21393870    0.0300   1.1132E+007  999.0000   1.4544E+005   2.0978E+005   3.0224E+005   4.2621E+005   5.9174E+005   8.0368E+005   1.0541E+006   1.3083E+006   1.5027E+006   1.5386E+006   1.3316E+006   9.0245E+005   4.2382E+005   1.1792E+005   1.5076E+004   6.4476E+002   5.0560E+000   3.7264E-003   8.1583E-008   4.4774E-015
 1620801942.04836370    0.0300   1.1132E+007  999.0000   1.4544E+005   2.0978E+005   3.0224E+005   4.2621E+005   5.9174E+005   8.0368E+005   1.0541E+006   1.3083E+006   1.5027E+006   1.5386E+006   1.3316E+006   9.0245E+005   4.2382E+005   1.1792E+005   1.5076E+004   6.4476E+002   5.0560E+000   3.7264E-003   8.1583E-008   4.4774E-015
 1620801944.88519950    0.0300   1.1132E+007  999.0000   1.4544E+005   2.0978E+005   3.0224E+005   4.2621E+005   5.9174E+005   8.0368E+005   1.0541E+006   1.3083E+006   1.5027E+006   1.5386E+006   1.3316E+006   9.0245E+005   4.2382E+005   1.1792E+005   1.5076E+004   6.4476E+002   5.0560E+000   3.7264E-003   8.1583E-008   4.4774E-015
 1620801947.73755220    0.0400   1.4745E+007  999.0000   1.9017E+005   2.7433E+005   3.9531E+005   5.5759E+005   7.7440E+005   1.0523E+006   1.3812E+006   1.7163E+006   1.9744E+006   2.0263E+006   1.7598E+006   1.1987E+006   5.6716E+005   1.5952E+005   2.0721E+004   9.0679E+002   7.3556E+000   5.6925E-003   1.3377E-007   8.1747E-015
 1620801950.56918050    0.0400   1.4745E+007  999.0000   1.9017E+005   2.7433E+005   3.9531E+005   5.5759E+005   7.7440E+005   1.0523E+006   1.3812E+006   1.7163E+006   1.9744E+006   2.0263E+006   1.7598E+006   1.1987E+006   5.6716E+005   1.5952E+005   2.0721E+004   9.0679E+002   7.3556E+000   5.6925E-003   1.3377E-007   8.1747E-015
 1620801953.41019340    0.0500   1.7381E+007  999.0000   1.9974E+005   2.8841E+005   4.1618E+005   5.8822E+005   8.1938E+005   1.1183E+006   1.4774E+006   1.8532E+006   2.1618E+006   2.2644E+006   2.0261E+006   1.4416E+006   7.2750E+005   2.2473E+005   3.3492E+004   1.7871E+003   1.9424E+001   2.2928E-002   9.9390E-007   1.5410E-013
 1620801956.26254940    0.0500   1.7381E+007  999.0000   1.9974E+005   2.8841E+005   4.1618E+005   5.8822E+005   8.1938E+005   1.1183E+006   1.4774E+006   1.8532E+006   2.1618E+006   2.2644E+006   2.0261E+006   1.4416E+006   7.2750E+005   2.2473E+005   3.3492E+004   1.7871E+003   1.9424E+001   2.2928E-002   9.9390E-007   1.5410E-013
 1620801959.09419040    0.0500   1.7381E+007  999.0000   1.9974E+005   2.8841E+005   4.1618E+005   5.8822E+005   8.1938E+005   1.1183E+006   1.4774E+006   1.8532E+006   2.1618E+006   2.2644E+006   2.0261E+006   1.4416E+006   7.2750E+005   2.2473E+005   3.3492E+004   1.7871E+003   1.9424E+001   2.2928E-002   9.9390E-007   1.5410E-013
 1620801961.93520260    0.0700   2.3794E+007  999.0000   2.6166E+005   3.7794E+005   5.4566E+005   7.7179E+005   1.0763E+006   1.4713E+006   1.9483E+006   2.4524E+006   2.8753E+006   3.0345E+006   2.7450E+006   1.9845E+006   1.0254E+006   3.2785E+005   5.1384E+004   2.9485E+003   3.5680E+001   4.9176E-002   2.6694E-006   5.8283E-013
 1620801964.78755520    0.0700   2.3794E+007  999.0000   2.6166E+005   3.7794E+005   5.4566E+005   7.7179E+005   1.0763E+006   1.4713E+006   1.9483E+006   2.4524E+006   2.8753E+006   3.0345E+006   2.7450E+006   1.9845E+006   1.0254E+006   3.2785E+005   5.1384E+004   2.9485E+003   3.5680E+001   4.9176E-002   2.6694E-006   5.8283E-013
 1620801967.61918740    0.0700   2.3794E+007  999.0000   2.6166E+005   3.7794E+005   5.4566E+005   7.7179E+005   1.0763E+006   1.4713E+006   1.9483E+006   2.4524E+006   2.8753E+006   3.0345E+006   2.7450E+006   1.9845E+006   1.0254E+006   3.2785E+005   5.1384E+004   2.9485E+003   3.5680E+001   4.9176E-002   2.6694E-006   5.8283E-013
 1620801970.46020840    0.1000   2.9430E+007  999.0000   2.4367E+005   3.5268E+005   5.1076E+005   7.2562E+005   1.0184E+006   1.4055E+006   1.8876E+006   2.4252E+006   2.9306E+006   3.2330E+006   3.1203E+006   2.4799E+006   1.4740E+006   5.7774E+005   1.2207E+005   1.0783E+004   2.4675E+002   8.5379E-001   1.7662E-004   2.9667E-010
 1620801973.31255250    0.1000   2.9430E+007  999.0000   2.4367E+005   3.5268E+005   5.1076E+005   7.2562E+005   1.0184E+006   1.4055E+006   1.8876E+006   2.4252E+006   2.9306E+006   3.2330E+006   3.1203E+006   2.4799E+006   1.4740E+006   5.7774E+005   1.2207E+005   1.0783E+004   2.4675E+002   8.5379E-001   1.7662E-004   2.9667E-010
 1620801976.14419340    0.1000   2.9430E+007  999.0000   2.4367E+005   3.5268E+005   5.1076E+005   7.2562E+005   1.0184E+006   1.4055E+006   1.8876E+006   2.4252E+006   2.9306E+006   3.2330E+006   3.1203E+006   2.4799E+006   1.4740E+006   5.7774E+005   1.2207E+005   1.0783E+004   2.4675E+002   8.5379E-001   1.7662E-004   2.9667E-010
 1620801978.98520660    0.1700   3.9260E+007  999.0000   2.0139E+005   2.9232E+005   4.2516E+005   6.0771E+005   8.6060E+005   1.2036E+006   1.6482E+006   2.1789E+006   2.7456E+006   3.2215E+006   3.4021E+006   3.0840E+006   2.2270E+006   1.1588E+006   3.7102E+005   5.9761E+004   3.3255E+003   4.1640E+001   5.6132E-002   1.6630E-006
 1620801981.83755830    0.1700   3.9260E+007  999.0000   2.0139E+005   2.9232E+005   4.2516E+005   6.0771E+005   8.6060E+005   1.2036E+006   1.6482E+006   2.1789E+006   2.7456E+006   3.2215E+006   3.4021E+006   3.0840E+006   2.2270E+006   1.1588E+006   3.7102E+005   5.9761E+004   3.3255E+003   4.1640E+001   5.6132E-002   1.6630E-006
 1620801984.66918730    0.1700   3.9260E+007  999.0000   2.0139E+005   2.9232E+005   4.2516E+005   6.0771E+005   8.6060E+005   1.2036E+006   1.6482E+006   2.1789E+006   2.7456E+006   3.2215E+006   3.4021E+006   3.0840E+006   2.2270E+006   1.1588E+006   3.7102E+005   5.9761E+004   3.3255E+003   4.1640E+001   5.6132E-002   1.6630E-006
 1620801987.51019950    0.2200   4.8830E+007  999.0000   2.3157E+005   3.3625E+005   4.8935E+005   7.0007E+005   9.9266E+005   1.3909E+006   1.9100E+006   2.5352E+006   3.2136E+006   3.8037E+006   4.0686E+006   3.7578E+006   2.7896E+006   1.5111E+006   5.1324E+005   9.0037E+004   5.6852E+003   8.5496E+001   1.5059E-001   6.7267E-006
 1620801990.36255240    0.2200   4.8830E+007  999.0000   2.3157E+005   3.3625E+005   4.8935E+005   7.0007E+005   9.9266E+005   1.3909E+006   1.9100E+006   2.5352E+006   3.2136E+006   3.8037E+006   4.0686E+006   3.7578E+006   2.7896E+006   1.5111E+006   5.1324E+005   9.0037E+004   5.6852E+003   8.5496E+001   1.5059E-001   6.7267E-006
 1620801993.19418430    0.2200   4.8830E+007  999.0000   2.3157E+005   3.3625E+005   4.8935E+005   7.0007E+005   9.9266E+005   1.3909E+006   1.9100E+006   2.5352E+006   3.2136E+006   3.8037E+006   4.0686E+006   3.7578E+006   2.7896E+006   1.5111E+006   5.1324E+005   9.0037E+004   5.6852E+003   8.5496E+001   1.5059E-001   6.7267E-006
 1620801996.03520560    0.2700   6.1352E+007  999.0000   3.0479E+005   4.4247E+005   6.4371E+005   9.2042E+005   1.3041E+006   1.8253E+006   2.5025E+006   3.3137E+006   4.1858E+006   4.9291E+006   5.2330E+006   4.7805E+006   3.4917E+006   1.8473E+006   6.0606E+005   1.0112E+005   5.9287E+003   8.0068E+001   1.2054E-001   4.2308E-006
 1620801998.88754940    0.2700   6.1352E+007  999.0000   3.0479E+005   4.4247E+005   6.4371E+005   9.2042E+005   1.3041E+006   1.8253E+006   2.5025E+006   3.3137E+006   4.1858E+006   4.9291E+006   5.2330E+006   4.7805E+006   3.4917E+006   1.8473E+006   6.0606E+005   1.0112E+005   5.9287E+003   8.0068E+001   1.2054E-001   4.2308E-006
 1620802001.71919040    0.2700   6.1352E+007  999.0000   3.0479E+005   4.4247E+005   6.4371E+005   9.2042E+005   1.3041E+006   1.8253E+006   2.5025E+006   3.3137E+006   4.1858E+006   4.9291E+006   5.2330E+006   4.7805E+006   3.4917E+006   1.8473E+006   6.0606E+005   1.0112E+005   5.9287E+003   8.0068E+001   1.2054E-001   4.2308E-006
 1620802004.56020260    0.3100   6.9916E+007  999.0000   3.4224E+005   4.9688E+005   7.2294E+005   1.0339E+006   1.4652E+006   2.0515E+006   2.8141E+006   3.7292E+006   4.7159E+006   5.5625E+006   5.9197E+006   5.4268E+006   3.9845E+006   2.1240E+006   7.0463E+005   1.1948E+005   7.1733E+003   1.0028E+002   1.5875E-001   6.0200E-006
 1620802007.41255520    0.3100   6.9916E+007  999.0000   3.4224E+005   4.9688E+005   7.2294E+005   1.0339E+006   1.4652E+006   2.0515E+006   2.8141E+006   3.7292E+006   4.7159E+006   5.5625E+006   5.9197E+006   5.4268E+006   3.9845E+006   2.1240E+006   7.0463E+005   1.1948E+005   7.1733E+003   1.0028E+002   1.5875E-001   6.0200E-006
 1620802010.24418350    0.3100   6.9916E+007  999.0000   3.4224E+005   4.9688E+005   7.2294E+005   1.0339E+006   1.4652E+006   2.0515E+006   2.8141E+006   3.7292E+006   4.7159E+006   5.5625E+006   5.9197E+006   5.4268E+006   3.9845E+006   2.1240E+006   7.0463E+005   1.1948E+005   7.1733E+003   1.0028E+002   1.5875E-001   6.0200E-006
 1620802013.08519650    0.4200   8.7887E+007  999.0000   3.7091E+005   5.3891E+005   7.8495E+005   1.1243E+006   1.5971E+006   2.2437E+006   3.0933E+006   4.1292E+006   5.2784E+006   6.3253E+006   6.8891E+006   6.5329E+006   5.0428E+006   2.8914E+006   1.0675E+006   2.1130E+005   1.5953E+004   3.1086E+002   7.9945E-001   6.3884E-005
 1620802015.93755250    0.4200   8.7887E+007  999.0000   3.7091E+005   5.3891E+005   7.8495E+005   1.1243E+006   1.5971E+006   2.2437E+006   3.0933E+006   4.1292E+006   5.2784E+006   6.3253E+006   6.8891E+006   6.5329E+006   5.0428E+006   2.8914E+006   1.0675E+006   2.1130E+005   1.5953E+004   3.1086E+002   7.9945E-001   6.3884E-005
 1620802018.76919360    0.6000   1.0422E+008  999.0000   3.0414E+005   4.4260E+005   6.4622E+005   9.2879E+005   1.3260E+006   1.8767E+006   2.6159E+006   3.5482E+006   4.6436E+006   5.7605E+006   6.5992E+006   6.7378E+006   5.8019E+006   3.9008E+006   1.8196E+006   5.0515E+005   6.2956E+004   2.5386E+003   1.8912E+001   7.7708E-003
 1620802021.61020660    0.6000   1.0422E+008  999.0000   3.0414E+005   4.4260E+005   6.4622E+005   9.2879E+005   1.3260E+006   1.8767E+006   2.6159E+006   3.5482E+006   4.6436E+006   5.7605E+006   6.5992E+006   6.7378E+006   5.8019E+006   3.9008E+006   1.8196E+006   5.0515E+005   6.2956E+004   2.5386E+003   1.8912E+001   7.7708E-003
 1620802024.46255830    0.6000   1.0422E+008  999.0000   3.0414E+005   4.4260E+005   6.4622E+005   9.2879E+005   1.3260E+006   1.8767E+006   2.6159E+006   3.5482E+006   4.6436E+006   5.7605E+006   6.5992E+006   6.7378E+006   5.8019E+006   3.9008E+006   1.8196E+006   5.0515E+005   6.2956E+004   2.5386E+003   1.8912E+001   7.7708E-003
 1620802027.29418730    0.7800   1.3427E+008  999.0000   3.8482E+005   5.6004E+005   8.1778E+005   1.1755E+006   1.6786E+006   2.3766E+006   3.3143E+006   4.4987E+006   5.8937E+006   7.3224E+006   8.4072E+006   8.6119E+006   7.4516E+006   5.0453E+006   2.3779E+006   6.7009E+005   8.5384E+004   3.5556E+003   2.7767E+001   1.2269E-002
 1620802030.13519950    0.7800   1.3427E+008  999.0000   3.8482E+005   5.6004E+005   8.1778E+005   1.1755E+006   1.6786E+006   2.3766E+006   3.3143E+006   4.4987E+006   5.8937E+006   7.3224E+006   8.4072E+006   8.6119E+006   7.4516E+006   5.0453E+006   2.3779E+006   6.7009E+005   8.5384E+004   3.5556E+003   2.7767E+001   1.2269E-002
 1620802032.98755220    0.7800   1.3427E+008  999.0000   3.8482E+005   5.6004E+005   8.1778E+005   1.1755E+006   1.6786E+006   2.3766E+006   3.3143E+006   4.4987E+006   5.8937E+006   7.3224E+006   8.4072E+006   8.6119E+006   7.4516E+006   5.0453E+006   2.3779E+006   6.7009E+005   8.5384E+004   3.5556E+003   2.7767E+001   1.2269E-002
 1620802035.81918450    0.9700   1.4723E+008  999.0000   3.2874E+005   4.7887E+005   7.0022E+005   1.0085E+006   1.4443E+006   2.0535E+006   2.8818E+006   3.9476E+006   5.2418E+006   6.6427E+006   7.8508E+006   8.3894E+006   7.7283E+006   5.7325E+006   3.0891E+006   1.0568E+006   1.7953E+005   1.1352E+004   1.6344E+002   1.8559E-001
 1620802038.66020560    0.9700   1.4723E+008  999.0000   3.2874E+005   4.7887E+005   7.0022E+005   1.0085E+006   1.4443E+006   2.0535E+006   2.8818E+006   3.9476E+006   5.2418E+006   6.6427E+006   7.8508E+006   8.3894E+006   7.7283E+006   5.7325E+006   3.0891E+006   1.0568E+006   1.7953E+005   1.1352E+004   1.6344E+002   1.8559E-001
 1620802041.51254940    0.9700   1.4723E+008  999.0000   3.2874E+005   4.7887E+005   7.0022E+005   1.0085E+006   1.4443E+006   2.0535E+006   2.8818E+006   3.9476E+006   5.2418E+006   6.6427E+006   7.8508E+006   8.3894E+006   7.7283E+006   5.7325E+006   3.0891E+006   1.0568E+006   1.7953E+005   1.1352E+004   1.6344E+002   1.8559E-001
 1620802044.34419040    1.1800   1.6639E+008  999.0000   3.2099E+005   4.6780E+005   6.8453E+005   9.8695E+005   1.4156E+006   2.0172E+006   2.8402E+006   3.9096E+006   5.2285E+006   6.6956E+006   8.0356E+006   8.7814E+006   8.3621E+006   6.5096E+006   3.7659E+006   1.4278E+006   2.8249E+005   2.2290E+004   4.4404E+002   8.3265E-001
 1620802047.18168740    1.1800   1.6639E+008  999.0000   3.2099E+005   4.6780E+005   6.8453E+005   9.8695E+005   1.4156E+006   2.0172E+006   2.8402E+006   3.9096E+006   5.2285E+006   6.6956E+006   8.0356E+006   8.7814E+006   8.3621E+006   6.5096E+006   3.7659E+006   1.4278E+006   2.8249E+005   2.2290E+004   4.4404E+002   8.3265E-001
 1620802050.02270870    1.1800   1.6639E+008  999.0000   3.2099E+005   4.6780E+005   6.8453E+005   9.8695E+005   1.4156E+006   2.0172E+006   2.8402E+006   3.9096E+006   5.2285E+006   6.6956E+006   8.0356E+006   8.7814E+006   8.3621E+006   6.5096E+006   3.7659E+006   1.4278E+006   2.8249E+005   2.2290E+004   4.4404E+002   8.3265E-001
 1620802052.87504860    1.4000   1.8600E+008  999.0000   3.1878E+005   4.6475E+005   6.8043E+005   9.8182E+005   1.4098E+006   2.0125E+006   2.8406E+006   3.9246E+006   5.2769E+006   6.8115E+006   8.2699E+006   9.1920E+006   8.9757E+006   7.2474E+006   4.4241E+006   1.8131E+006   4.0259E+005   3.7570E+004   9.5721E+002   2.6257E+000
 1620802055.70668150    1.4000   1.8600E+008  999.0000   3.1878E+005   4.6475E+005   6.8043E+005   9.8182E+005   1.4098E+006   2.0125E+006   2.8406E+006   3.9246E+006   5.2769E+006   6.8115E+006   8.2699E+006   9.1920E+006   8.9757E+006   7.2474E+006   4.4241E+006   1.8131E+006   4.0259E+005   3.7570E+004   9.5721E+002   2.6257E+000
 1620802058.54770260    1.4000   1.8600E+008  999.0000   3.1878E+005   4.6475E+005   6.8043E+005   9.8182E+005   1.4098E+006   2.0125E+006   2.8406E+006   3.9246E+006   5.2769E+006   6.8115E+006   8.2699E+006   9.1920E+006   8.9757E+006   7.2474E+006   4.4241E+006   1.8131E+006   4.0259E+005   3.7570E+004   9.5721E+002   2.6257E+000
 1620802061.40004630    1.6300   2.3485E+008  999.0000   4.7287E+005   6.8906E+005   1.0081E+006   1.4530E+006   2.0831E+006   2.9666E+006   4.1729E+006   5.7362E+006   7.6557E+006   9.7747E+006   1.1680E+007   1.2683E+007   1.1963E+007   9.1856E+006   5.2076E+006   1.9174E+006   3.6321E+005   2.6906E+004   4.8857E+002   7.9399E-001
 1620802064.23168730    1.6300   2.3485E+008  999.0000   4.7287E+005   6.8906E+005   1.0081E+006   1.4530E+006   2.0831E+006   2.9666E+006   4.1729E+006   5.7362E+006   7.6557E+006   9.7747E+006   1.1680E+007   1.2683E+007   1.1963E+007   9.1856E+006   5.2076E+006   1.9174E+006   3.6321E+005   2.6906E+004   4.8857E+002   7.9399E-001
 1620802067.07269950    1.5900   2.3948E+008  999.0000   5.2657E+005   7.6709E+005   1.1217E+006   1.6158E+006   2.3144E+006   3.2915E+006   4.6206E+006   6.3329E+006   8.4157E+006   1.0677E+007   1.2640E+007   1.3540E+007   1.2518E+007   9.3338E+006   5.0687E+006   1.7535E+006   3.0284E+005   1.9614E+004   2.9251E+002   3.5072E-001
 1620802069.92505220    1.5900   2.3948E+008  999.0000   5.2657E+005   7.6709E+005   1.1217E+006   1.6158E+006   2.3144E+006   3.2915E+006   4.6206E+006   6.3329E+006   8.4157E+006   1.0677E+007   1.2640E+007   1.3540E+007   1.2518E+007   9.3338E+006   5.0687E+006   1.7535E+006   3.0284E+005   1.9614E+004   2.9251E+002   3.5072E-001
 1620802072.75668430    1.5900   2.3948E+008  999.0000   5.2657E+005   7.6709E+005   1.1217E+006   1.6158E+006   2.3144E+006   3.2915E+006   4.6206E+006   6.3329E+006   8.4157E+006   1.0677E+007   1.2640E+007   1.3540E+007   1.2518E+007   9.3338E+006   5.0687E+006   1.7535E+006   3.0284E+005   1.9614E+004   2.9251E+002   3.5072E-001
 1620802075.59770560    1.6000   2.5054E+008  999.0000   5.9511E+005   8.6670E+005   1.2669E+006   1.8239E+006   2.6102E+006   3.7075E+006   5.1950E+006   7.1011E+006   9.3992E+006   1.1856E+007   1.3916E+007   1.4723E+007   1.3364E+007   9.7016E+006   5.0652E+006   1.6553E+006   2.6274E+005   1.5052E+004   1.8754E+002   1.7036E-001
 1620802078.45004940    1.6000   2.5054E+008  999.0000   5.9511E+005   8.6670E+005   1.2669E+006   1.8239E+006   2.6102E+006   3.7075E+006   5.1950E+006   7.1011E+006   9.3992E+006   1.1856E+007   1.3916E+007   1.4723E+007   1.3364E+007   9.7016E+006   5.0652E+006   1.6553E+006   2.6274E+005   1.5052E+004   1.8754E+002   1.7036E-001
 1620802081.28169010    1.6000   2.5054E+008  999.0000   5.9511E+005   8.6670E+005   1.2669E+006   1.8239E+006   2.6102E+006   3.7075E+006   5.1950E+006   7.1011E+006   9.3992E+006   1.1856E+007   1.3916E+007   1.4723E+007   1.3364E+007   9.7016E+006   5.0652E+006   1.6553E+006   2.6274E+005   1.5052E+004   1.8754E+002   1.7036E-001
 1620802084.12270260    1.4700   2.5175E+008  999.0000   7.1426E+005   1.0395E+006   1.5180E+006   2.1823E+006   3.1167E+006   4.4134E+006   6.1563E+006   8.3597E+006   1.0958E+007   1.3626E+007   1.5665E+007   1.6075E+007   1.3947E+007   9.4805E+006   4.4941E+006   1.2771E+006   1.6475E+005   6.9852E+003   5.6004E+001   2.5771E-002
 1620802086.97505500    1.4700   2.5175E+008  999.0000   7.1426E+005   1.0395E+006   1.5180E+006   2.1823E+006   3.1167E+006   4.4134E+006   6.1563E+006   8.3597E+006   1.0958E+007   1.3626E+007   1.5665E+007   1.6075E+007   1.3947E+007   9.4805E+006   4.4941E+006   1.2771E+006   1.6475E+005   6.9852E+003   5.6004E+001   2.5771E-002
 1620802089.80668740    1.4700   2.5175E+008  999.0000   7.1426E+005   1.0395E+006   1.5180E+006   2.1823E+006   3.1167E+006   4.4134E+006   6.1563E+006   8.3597E+006   1.0958E+007   1.3626E+007   1.5665E+007   1.6075E+007   1.3947E+007   9.4805E+006   4.4941E+006   1.2771E+006   1.6475E+005   6.9852E+003   5.6004E+001   2.5771E-002
 1620802092.64770840    1.3750   2.4898E+008    8.7000   1.1648E+006   1.6884E+006   2.4509E+006   3.4935E+006   4.9279E+006   6.8535E+006   9.3138E+006   1.2189E+007   1.5170E+007   1.7563E+007   1.8375E+007   1.6763E+007   1.2713E+007   7.6474E+006   3.4555E+006   1.1391E+006   2.5967E+005   4.1952E+004   4.8239E+003   3.6388E+002
 1620802095.50005250    1.3700   2.4889E+008  999.0000   7.9386E+005   1.1549E+006   1.6852E+006   2.4203E+006   3.4514E+006   4.8768E+006   6.7809E+006   9.1648E+006   1.1931E+007   1.4686E+007   1.6635E+007   1.6706E+007   1.4037E+007   9.1064E+006   4.0308E+006   1.0373E+006   1.1552E+005   3.9566E+003   2.3211E+001   6.5996E-003
 1620802098.33169360    1.3756   2.4899E+008    8.3800   1.1845E+006   1.7168E+006   2.4913E+006   3.5499E+006   5.0047E+006   6.9550E+006   9.4413E+006   1.2337E+007   1.5321E+007   1.7688E+007   1.8440E+007   1.6754E+007   1.2655E+007   7.5914E+006   3.4331E+006   1.1402E+006   2.6455E+005   4.4085E+004   5.3098E+003   4.2764E+002
 1620802101.16918730    1.2233   2.4974E+008    8.1400   1.5281E+006   2.2110E+006   3.2005E+006   4.5441E+006   6.3733E+006   8.7899E+006   1.1801E+007   1.5181E+007   1.8438E+007   2.0637E+007   2.0626E+007   1.7728E+007   1.2471E+007   6.8733E+006   2.8258E+006   8.5155E+005   1.8028E+005   2.7883E+004   3.1906E+003   2.5063E+002
 1620802104.01019950    1.2254   2.4977E+008    7.2600   1.6210E+006   2.3437E+006   3.3890E+006   4.8045E+006   6.7238E+006   9.2444E+006   1.2357E+007   1.5798E+007   1.9029E+007   2.1068E+007   2.0781E+007   1.7605E+007   1.2223E+007   6.6941E+006   2.7754E+006   8.6403E+005   1.9565E+005   3.3709E+004   4.4908E+003   4.3283E+002
 1620802106.86255240    1.2250   2.4977E+008    7.4000   1.6040E+006   2.3194E+006   3.3546E+006   4.7570E+006   6.6600E+006   9.1618E+006   1.2256E+007   1.5687E+007   1.8923E+007   2.0992E+007   2.0755E+007   1.7627E+007   1.2267E+007   6.7256E+006   2.7844E+006   8.6206E+005   1.9301E+005   3.2663E+004   4.2440E+003   3.9563E+002
 1620802109.69418430    1.0939   2.4688E+008    6.9800   2.0046E+006   2.8930E+006   4.1717E+006   5.8912E+006   8.1982E+006   1.1179E+007   1.4767E+007   1.8568E+007   2.1849E+007   2.3430E+007   2.2158E+007   1.7796E+007   1.1582E+007   5.9036E+006   2.2744E+006   6.6292E+005   1.4261E+005   2.3865E+004   3.1659E+003   3.1192E+002
 1620802112.53520560    1.1400   2.4716E+008  999.0000   1.1189E+006   1.6251E+006   2.3659E+006   3.3863E+006   4.8051E+006   6.7399E+006   9.2703E+006   1.2333E+007   1.5687E+007   1.8661E+007   2.0107E+007   1.8770E+007   1.4156E+007   7.8471E+006   2.7570E+006   5.0791E+005   3.4480E+004   5.7593E+002   1.1826E+000   6.6857E-005
 1620802115.38754940    0.9723   2.4738E+008    6.9000   2.5598E+006   3.6863E+006   5.2987E+006   7.4487E+006   1.0298E+007   1.3908E+007   1.8120E+007   2.2346E+007   2.5593E+007   2.6450E+007   2.3826E+007   1.7994E+007   1.0866E+007   5.0918E+006   1.7954E+006   4.8079E+005   9.5859E+004   1.5099E+004   1.9172E+003   1.8366E+002
 1620802118.21919040    0.9725   2.4738E+008    6.7600   2.5923E+006   3.7324E+006   5.3635E+006   7.5366E+006   1.0413E+007   1.4052E+007   1.8286E+007   2.2515E+007   2.5731E+007   2.6523E+007   2.3820E+007   1.7936E+007   1.0808E+007   5.0653E+006   1.7932E+006   4.8468E+005   9.8201E+004   1.5829E+004   2.0710E+003   2.0606E+002
 1620802121.06020260    0.9733   2.4740E+008    6.4200   2.6795E+006   3.8559E+006   5.5366E+006   7.7714E+006   1.0720E+007   1.4435E+007   1.8725E+007   2.2958E+007   2.6091E+007   2.6707E+007   2.3798E+007   1.7782E+007   1.0659E+007   4.9975E+006   1.7875E+006   4.9477E+005   1.0440E+005   1.7826E+004   2.5123E+003   2.7444E+002
 1620802123.91255520    0.8108   2.4186E+008    7.2600   3.3143E+006   4.7605E+006   6.8165E+006   9.5300E+006   1.3071E+007   1.7451E+007   2.2360E+007   2.6932E+007   2.9841E+007   2.9464E+007   2.4971E+007   1.7426E+007   9.5262E+006   3.9670E+006   1.2227E+006   2.8326E+005   4.8441E+004   6.5365E+003   7.1106E+002   5.8047E+001
 1620802126.74418350    0.8118   2.4188E+008    6.2400   3.6473E+006   5.2297E+006   7.4687E+006   1.0404E+007   1.4195E+007   1.8812E+007   2.3856E+007   2.8342E+007   3.0848E+007   2.9808E+007   2.4680E+007   1.6869E+007   9.1256E+006   3.8417E+006   1.2380E+006   3.1316E+005   6.1597E+004   1.0054E+004   1.3881E+003   1.5196E+002
 1620802129.58519650    0.8114   2.4187E+008    6.4800   3.5546E+006   5.0993E+006   7.2877E+006   1.0162E+007   1.3884E+007   1.8438E+007   2.3448E+007   2.7961E+007   3.0581E+007   2.9722E+007   2.4762E+007   1.7018E+007   9.2308E+006   3.8749E+006   1.2345E+006   3.0548E+005   5.8040E+004   9.0428E+003   1.1785E+003   1.2025E+002
 1620802132.43754860    0.6808   2.2677E+008    6.5200   4.1216E+006   5.8978E+006   8.3978E+006   1.1648E+007   1.5796E+007   2.0748E+007   2.5976E+007   3.0311E+007   3.2177E+007   3.0052E+007   2.3792E+007   1.5361E+007   7.7439E+006   3.0030E+006   8.8217E+005   2.0212E+005   3.5783E+004   5.2463E+003   6.4951E+002   6.3384E+001
 1620802135.26918150    0.6800   2.2676E+008  999.0000   2.4015E+006   3.4697E+006   5.0117E+006   7.0930E+006   9.9001E+006   1.3552E+007   1.7981E+007   2.2700E+007   2.6728E+007   2.8385E+007   2.5913E+007   1.8986E+007   1.0007E+007   3.2926E+006   5.3827E+005   3.2826E+004   4.3458E+002   6.8195E-001   4.4693E-005   1.3001E-011
 1620802138.11020660    0.6800   2.2676E+008  999.0000   2.4015E+006   3.4697E+006   5.0117E+006   7.0930E+006   9.9001E+006   1.3552E+007   1.7981E+007   2.2700E+007   2.6728E+007   2.8385E+007   2.5913E+007   1.8986E+007   1.0007E+007   3.2926E+006   5.3827E+005   3.2826E+004   4.3458E+002   6.8195E-001   4.4693E-005   1.3001E-011
 1620802140.96255830    0.5741   2.2957E+008    4.4500   8.4577E+006   1.1928E+007   1.6625E+007   2.2384E+007   2.9100E+007   3.6030E+007   4.1604E+007   4.3673E+007   4.0575E+007   3.2384E+007   2.1675E+007   1.1969E+007   5.3808E+006   2.0120E+006   6.3371E+005   1.7550E+005   4.2620E+004   9.5757E+003   2.0028E+003   3.6795E+002
 1620802143.79418730    0.5756   2.2959E+008    4.2300   9.0019E+006   1.2671E+007   1.7610E+007   2.3617E+007   3.0538E+007   3.7531E+007   4.2920E+007   4.4520E+007   4.0800E+007   3.2111E+007   2.1242E+007   1.1658E+007   5.2558E+006   1.9938E+006   6.4530E+005   1.8585E+005   4.7484E+004   1.1322E+004   2.5319E+003   5.0185E+002
 1620802146.63519950    0.6750   2.3038E+008    2.6800   2.1540E+007   2.9216E+007   3.8499E+007   4.8076E+007   5.6495E+007   6.1320E+007   6.0163E+007   5.2443E+007   4.0093E+007   2.6768E+007   1.5737E+007   8.2613E+006   3.9115E+006   1.7233E+006   7.1411E+005   2.8580E+005   1.0936E+005   4.1140E+004   1.5156E+004   5.2423E+003
 1620802149.48755220    0.7296   2.2479E+008    2.3400   4.2933E+007   5.5702E+007   6.9016E+007   7.9650E+007   8.4731E+007   8.1594E+007   7.0009E+007   5.3249E+007   3.5879E+007   2.1612E+007   1.1853E+007   6.0229E+006   2.8610E+006   1.3050E+006   5.7456E+005   2.4899E+005   1.0482E+005   4.3833E+004   1.8097E+004   7.0965E+003
 1620802152.31918450    0.5288   2.2392E+008    2.8600   2.3685E+007   3.2049E+007   4.2085E+007   5.2297E+007   6.1024E+007   6.5575E+007   6.3443E+007   5.4267E+007   4.0469E+007   2.6179E+007   1.4813E+007   7.4371E+006   3.3467E+006   1.3952E+006   5.4493E+005   2.0509E+005   7.3577E+004   2.5923E+004   8.9309E+003   2.8766E+003
 1620802155.16020560    0.3833   2.0978E+008    3.9300   1.6679E+007   2.3023E+007   3.1095E+007   4.0095E+007   4.9091E+007   5.6001E+007   5.8031E+007   5.3211E+007   4.2080E+007   2.8092E+007   1.5703E+007   7.3655E+006   2.9082E+006   1.0025E+006   3.0675E+005   8.6797E+004   2.2523E+004   5.6037E+003   1.3354E+003   2.8772E+002
 1620802158.01254940    0.3938   2.0989E+008    3.2200   2.3602E+007   3.1999E+007   4.2125E+007   5.2496E+007   6.1432E+007   6.6141E+007   6.3936E+007   5.4341E+007   3.9899E+007   2.5087E+007   1.3586E+007   6.4193E+006   2.6727E+006   1.0165E+006   3.5774E+005   1.2031E+005   3.8228E+004   1.1876E+004   3.5915E+003   1.0058E+003
 1620802160.84419040    0.4211   2.1010E+008    2.7700   3.3771E+007   4.4738E+007   5.7015E+007   6.8126E+007   7.5544E+007   7.6160E+007   6.8336E+007   5.3853E+007   3.6956E+007   2.2133E+007   1.1741E+007   5.6154E+006   2.4473E+006   1.0038E+006   3.9084E+005   1.4816E+005   5.3970E+004   1.9417E+004   6.8607E+003   2.2763E+003
 1620802163.68520260    0.4006   2.0718E+008    2.4300   7.0165E+007   8.7518E+007   1.0277E+008   1.1091E+008   1.0863E+008   9.4944E+007   7.3204E+007   4.9909E+007   3.0230E+007   1.6500E+007   8.2913E+006   3.9042E+006   1.7350E+006   7.4703E+005   3.1243E+005   1.2931E+005   5.2144E+004   2.0944E+004   8.3185E+003   3.1362E+003
 1620802166.53755520    0.4088   2.0717E+008    2.4000   7.4125E+007   9.1900E+007   1.0707E+008   1.1445E+008   1.1088E+008   9.5782E+007   7.3017E+007   4.9303E+007   2.9653E+007   1.6122E+007   8.0963E+006   3.8209E+006   1.7060E+006   7.3940E+005   3.1173E+005   1.3019E+005   5.3018E+004   2.1516E+004   8.6383E+003   3.2948E+003
 1620802169.36918350    0.3396   2.0686E+008    2.7600   4.7888E+007   6.2077E+007   7.6756E+007   8.8208E+007   9.3070E+007   8.8298E+007   7.3884E+007   5.4070E+007   3.4471E+007   1.9289E+007   9.6551E+006   4.4067E+006   1.8527E+006   7.4052E+005   2.8321E+005   1.0612E+005   3.8378E+004   1.3755E+004   4.8529E+003   1.6106E+003
 1620802172.20668150    0.2661   1.9739E+008    3.2400   3.9672E+007   5.2319E+007   6.6220E+007   7.8334E+007   8.5568E+007   8.4353E+007   7.3246E+007   5.5127E+007   3.5539E+007   1.9628E+007   9.4271E+006   4.0116E+006   1.5301E+006   5.4286E+005   1.8098E+005   5.8403E+004   1.7971E+004   5.4459E+003   1.6149E+003   4.4477E+002
 1620802175.04770260    0.2653   1.9739E+008    3.3100   3.7960E+007   5.0232E+007   6.3878E+007   7.6021E+007   8.3677E+007   8.3244E+007   7.3008E+007   5.5481E+007   3.6051E+007   2.0004E+007   9.6091E+006   4.0698E+006   1.5375E+006   5.3801E+005   1.7629E+005   5.5773E+004   1.6786E+004   4.9689E+003   1.4376E+003   3.8551E+002
 1620802177.90004630    0.2623   1.9735E+008    3.6600   3.1725E+007   4.2529E+007   5.5073E+007   6.7103E+007   7.6114E+007   7.8533E+007   7.1746E+007   5.6764E+007   3.8154E+007   2.1602E+007   1.0382E+007   4.3008E+006   1.5522E+006   5.0826E+005   1.5309E+005   4.3949E+004   1.1860E+004   3.1256E+003   8.0015E+002   1.8788E+002
 1620802180.73168730    0.2313   2.0351E+008    3.7300   4.1946E+007   5.5566E+007   7.0744E+007   8.4261E+007   9.2716E+007   9.1957E+007   7.9983E+007   5.9762E+007   3.7700E+007   1.9978E+007   8.9989E+006   3.5078E+006   1.1973E+006   3.7313E+005   1.0753E+005   2.9683E+004   7.7254E+003   1.9692E+003   4.8847E+002   1.1112E+002
 1620802183.57269950    0.2750   2.0379E+008    2.4800   1.0797E+008   1.2917E+008   1.4351E+008   1.4483E+008   1.3106E+008   1.0484E+008   7.3683E+007   4.5924E+007   2.5605E+007   1.2993E+007   6.1381E+006   2.7449E+006   1.1679E+006   4.8480E+005   1.9646E+005   7.9096E+004   3.1097E+004   1.2202E+004   4.7403E+003   1.7477E+003
 1620802186.42505220    0.5783   2.0427E+008    2.1200   1.8937E+008   2.0460E+008   2.0084E+008   1.7728E+008   1.3988E+008   9.8522E+007   6.2444E+007   3.6341E+007   1.9653E+007   1.0040E+007   4.9324E+006   2.3549E+006   1.0926E+006   5.0194E+005   2.2766E+005   1.0328E+005   4.6084E+004   2.0587E+004   9.1360E+003   3.8818E+003
 1620802189.25668430    0.2012   1.9237E+008    3.6500   4.7588E+007   6.2333E+007   7.8105E+007   9.1106E+007   9.7561E+007   9.3526E+007   7.8151E+007   5.5914E+007   3.3771E+007   1.7205E+007   7.5103E+006   2.8655E+006   9.6736E+005   3.0112E+005   8.7396E+004   2.4452E+004   6.4834E+003   1.6897E+003   4.2969E+002   1.0054E+002
 1620802192.09770560    0.2009   1.9236E+008    3.8200   4.4354E+007   5.8445E+007   7.3844E+007   8.7057E+007   9.4479E+007   9.2018E+007   7.8217E+007   5.6857E+007   3.4749E+007   1.7784E+007   7.7227E+006   2.9000E+006   9.5318E+005   2.8623E+005   7.9513E+004   2.1175E+004   5.3162E+003   1.3080E+003   3.1318E+002   6.8660E+001
 1620802194.95004940    0.2119   1.9162E+008    2.4000   1.6538E+008   1.8477E+008   1.8830E+008   1.7225E+008   1.3997E+008   1.0033E+008   6.3620E+007   3.6341E+007   1.8926E+007   9.1538E+006   4.1996E+006   1.8525E+006   7.8710E+005   3.2934E+005   1.3545E+005   5.5602E+004   2.2372E+004   9.0047E+003   3.5947E+003   1.3655E+003
 1620802197.78169010    3.6860   1.9210E+008    2.0100   3.0587E+008   2.9016E+008   2.4627E+008   1.8827E+008   1.2978E+008   8.1310E+007   4.6993E+007   2.5634E+007   1.3320E+007   6.6782E+006   3.2748E+006   1.5804E+006   7.4835E+005   3.5314E+005   1.6532E+005   7.7638E+004   3.5964E+004   1.6702E+004   7.7149E+003   3.4218E+003
 1620802200.61918740    0.2259   1.9164E+008    2.3300   1.8450E+008   2.0156E+008   1.9998E+008   1.7780E+008   1.4045E+008   9.8136E+007   6.1011E+007   3.4425E+007   1.7848E+007   8.6563E+006   4.0072E+006   1.7922E+006   7.7511E+005   3.3099E+005   1.3920E+005   5.8506E+004   2.4133E+004   9.9631E+003   4.0821E+003   1.5942E+003
 1620802203.46020840    0.2187   1.9543E+008    2.2600   2.5416E+008   2.6072E+008   2.4025E+008   1.9777E+008   1.4472E+008   9.4295E+007   5.5318E+007   2.9902E+007   1.5073E+007   7.2032E+006   3.3222E+006   1.4931E+006   6.5314E+005   2.8340E+005   1.2152E+005   5.2180E+004   2.2034E+004   9.3211E+003   3.9169E+003   1.5718E+003
 1620802206.31255250    0.1838   1.9534E+008    2.4000   2.0967E+008   2.2590E+008   2.2020E+008   1.9180E+008   1.4798E+008   1.0075E+008   6.0932E+007   3.3429E+007   1.6848E+007   7.9439E+006   3.5762E+006   1.5559E+006   6.5458E+005   2.7201E+005   1.1133E+005   4.5550E+004   1.8285E+004   7.3480E+003   2.9302E+003   1.1122E+003
 1620802209.14419340    0.1560   1.9520E+008    2.8700   1.2879E+008   1.5258E+008   1.6706E+008   1.6509E+008   1.4495E+008   1.1115E+008   7.3808E+007   4.2816E+007   2.1875E+007   1.0027E+007   4.2293E+006   1.6728E+006   6.2409E+005   2.2611E+005   7.9624E+004   2.7815E+004   9.4502E+003   3.2026E+003   1.0727E+003   3.3816E+002
 1620802211.98168730    0.1420   1.8237E+008    3.1800   9.6881E+007   1.1859E+008   1.3544E+008   1.4059E+008   1.3038E+008   1.0565E+008   7.3623E+007   4.4144E+007   2.2835E+007   1.0351E+007   4.2185E+006   1.5797E+006   5.4825E+005   1.8245E+005   5.8418E+004   1.8441E+004   5.6244E+003   1.7059E+003   5.0981E+002   1.4229E+002
 1620802214.82269950    0.1422   1.8237E+008    3.1500   9.8682E+007   1.2048E+008   1.3714E+008   1.4178E+008   1.3089E+008   1.0556E+008   7.3249E+007   4.3788E+007   2.2623E+007   1.0264E+007   4.1961E+006   1.5793E+006   5.5184E+005   1.8513E+005   5.9817E+004   1.9067E+004   5.8759E+003   1.8014E+003   5.4429E+002   1.5371E+002
 1620802217.67505220    0.1414   1.8236E+008    3.3200   8.9220E+007   1.1043E+008   1.2798E+008   1.3519E+008   1.2791E+008   1.0586E+008   7.5208E+007   4.5738E+007   2.3809E+007   1.0756E+007   4.3251E+006   1.5833E+006   5.3281E+005   1.7088E+005   5.2470E+004   1.5835E+004   4.6024E+003   1.3283E+003   3.7714E+002   9.9651E+001
 1620802220.50668430    0.1208   1.8116E+008    3.3800   1.0914E+008   1.3249E+008   1.4953E+008   1.5278E+008   1.3871E+008   1.0934E+008   7.3577E+007   4.2301E+007   2.0832E+007   8.9318E+006   3.4257E+006   1.2022E+006   3.8951E+005   1.2077E+005   3.5957E+004   1.0549E+004   2.9842E+003   8.3943E+002   2.3245E+002   5.9865E+001
 1620802223.34770560    0.1210   1.8116E+008    3.3000   1.1391E+008   1.3739E+008   1.5376E+008   1.5556E+008   1.3968E+008   1.0886E+008   7.2529E+007   4.1425E+007   2.0362E+007   8.7626E+006   3.3921E+006   1.2076E+006   3.9865E+005   1.2635E+005   3.8553E+004   1.1610E+004   3.3771E+003   9.7750E+002   2.7877E+002   7.4083E+001
 1620802226.20004940    0.1207   1.8115E+008    3.4300   1.0653E+008   1.2978E+008   1.4717E+008   1.5121E+008   1.3816E+008   1.0961E+008   7.4177E+007   4.2805E+007   2.1100E+007   9.0245E+006   3.4410E+006   1.1968E+006   3.8326E+005   1.1722E+005   3.4369E+004   9.9199E+003   2.7579E+003   7.6203E+002   2.0718E+002   5.2318E+001
 1620802229.03169040    0.1008   1.6384E+008    3.3000   1.1702E+008   1.3910E+008   1.5268E+008   1.5083E+008   1.3163E+008   9.9340E+007   6.3988E+007   3.5371E+007   1.6877E+007   7.0813E+006   2.6861E+006   9.4145E+005   3.0717E+005   9.6537E+004   2.9279E+004   8.7804E+003   2.5465E+003   7.3558E+002   2.0948E+002   5.5615E+001
 1620802231.87270260    0.1006   1.6384E+008    3.3600   1.1353E+008   1.3564E+008   1.4985E+008   1.4915E+008   1.3124E+008   9.9857E+007   6.4756E+007   3.5938E+007   1.7152E+007   7.1683E+006   2.6974E+006   9.3443E+005   3.0041E+005   9.2818E+004   2.7627E+004   8.1217E+003   2.3063E+003   6.5196E+002   1.8160E+002   4.7086E+001
 1620802234.72505500    0.1007   1.6384E+008    3.3300   1.1524E+008   1.3734E+008   1.5124E+008   1.4998E+008   1.3144E+008   9.9605E+007   6.4377E+007   3.5657E+007   1.7016E+007   7.1252E+006   2.6919E+006   9.3797E+005   3.0378E+005   9.4659E+004   2.8441E+004   8.4445E+003   2.4233E+003   6.9249E+002   1.9504E+002   5.1171E+001
 1620802237.55668350    0.0904   1.5467E+008    3.4400   1.1112E+008   1.3244E+008   1.4581E+008   1.4445E+008   1.2628E+008   9.5232E+007   6.1039E+007   3.3384E+007   1.5654E+007   6.4090E+006   2.3569E+006   7.9639E+005   2.4928E+005   7.4912E+004   2.1667E+004   6.1873E+003   1.7053E+003   4.6781E+002   1.2640E+002   3.1739E+001
 1620802240.39418170    0.0904   1.5467E+008    3.4700   1.0963E+008   1.3097E+008   1.4461E+008   1.4375E+008   1.2613E+008   9.5471E+007   6.1378E+007   3.3627E+007   1.5767E+007   6.4418E+006   2.3593E+006   7.9254E+005   2.4624E+005   7.3372E+004   2.1023E+004   5.9440E+003   1.6210E+003   4.3991E+002   1.1756E+002   2.9171E+001
 1620802243.23520260    0.0806   1.5144E+008    3.2100   1.4133E+008   1.6181E+008   1.6909E+008   1.5761E+008   1.2868E+008   9.0428E+007   5.4312E+007   2.8230E+007   1.2823E+007   5.1989E+006   1.9342E+006   6.7373E+005   2.2085E+005   7.0320E+004   2.1745E+004   6.6776E+003   1.9903E+003   5.9211E+002   1.7397E+002   4.7784E+001
 1620802246.08754630    0.0807   1.5144E+008    3.2000   1.4208E+008   1.6250E+008   1.6958E+008   1.5783E+008   1.2866E+008   9.0283E+007   5.4168E+007   2.8141E+007   1.2786E+007   5.1888E+006   1.9336E+006   6.7500E+005   2.2185E+005   7.0852E+004   2.1981E+004   6.7730E+003   2.0259E+003   6.0492E+002   1.7840E+002   4.9194E+001
 1620802248.91918730    0.0804   1.5144E+008    3.3500   1.3151E+008   1.5270E+008   1.6244E+008   1.5445E+008   1.2877E+008   9.2278E+007   5.6249E+007   2.9441E+007   1.3339E+007   5.3395E+006   1.9432E+006   6.5682E+005   2.0753E+005   6.3397E+004   1.8739E+004   5.4884E+003   1.5563E+003   4.4003E+002   1.2273E+002   3.1895E+001
 1620802251.76019950    0.0806   1.4296E+008    3.2600   1.1913E+008   1.3875E+008   1.4825E+008   1.4181E+008   1.1922E+008   8.6394E+007   5.3430E+007   2.8468E+007   1.3174E+007   5.4034E+006   2.0199E+006   7.0268E+005   2.2894E+005   7.2184E+004   2.2043E+004   6.6718E+003   1.9568E+003   5.7236E+002   1.6521E+002   4.4514E+001
 1620802254.61255240    0.0803   1.4296E+008    3.4500   1.0870E+008   1.2872E+008   1.4047E+008   1.3765E+008   1.1877E+008   8.8240E+007   5.5658E+007   2.9961E+007   1.3840E+007   5.5907E+006   2.0323E+006   6.8001E+005   2.1108E+005   6.2985E+004   1.8105E+004   5.1422E+003   1.4101E+003   3.8506E+002   1.0359E+002   2.5895E+001
 1620802257.44418430    0.0803   1.4296E+008    3.4700   1.0774E+008   1.2778E+008   1.3972E+008   1.3723E+008   1.1871E+008   8.8407E+007   5.5873E+007   3.0109E+007   1.3906E+007   5.6088E+006   2.0331E+006   6.7756E+005   2.0926E+005   6.2086E+004   1.7734E+004   5.0035E+003   1.3625E+003   3.6936E+002   9.8633E+001   2.4463E+001
