          0.00000000    0.0000   0.0000E+000    0.0000   3.0000E-002   4.4000E-002   6.5000E-002   9.5000E-002   1.3900E-001   2.0400E-001   3.0000E-001   4.4000E-001   6.4600E-001   9.4900E-001   1.3920E+000   2.0400E+000   3.0000E+000   4.4000E+000   6.4600E+000   9.4500E+000   1.3900E+001   2.0400E+001   3.0000E+001   4.5000E+001
 1620905458.76177740    0.0117   6.9357E+006    2.5700   2.1070E+006   2.6649E+006   3.1871E+006   3.5148E+006   3.5289E+006   3.1652E+006   2.4993E+006   1.7348E+006   1.0604E+006   5.7798E+005   2.8694E+005   1.3219E+005   5.6988E+004   2.3653E+004   9.4886E+003   3.7549E+003   1.4431E+003   5.5154E+002   2.0813E+002   7.4288E+001
 1620905461.61178350    0.0129   6.9402E+006    2.4200   2.5778E+006   3.1878E+006   3.7010E+006   3.9390E+006   3.7955E+006   3.2576E+006   2.4652E+006   1.6515E+006   9.8513E+005   5.3114E+005   2.6452E+005   1.2382E+005   5.4835E+004   2.3576E+004   9.8614E+003   4.0864E+003   1.6512E+003   6.6491E+002   2.6488E+002   1.0021E+002
 1620905464.46178580    0.0109   6.9305E+006    2.7500   1.7436E+006   2.2472E+006   2.7565E+006   3.1358E+006   3.2669E+006   3.0529E+006   2.5119E+006   1.8069E+006   1.1333E+006   6.2516E+005   3.0938E+005   1.4003E+005   5.8549E+004   2.3329E+004   8.9116E+003   3.3400E+003   1.2095E+003   4.3442E+002   1.5367E+002   5.1163E+001
 1620905467.31178050    0.0105   6.6644E+006    3.0100   1.2398E+006   1.6363E+006   2.0740E+006   2.4591E+006   2.6969E+006   2.6766E+006   2.3499E+006   1.7989E+006   1.1888E+006   6.7937E+005   3.4086E+005   1.5295E+005   6.2060E+004   2.3578E+004   8.4647E+003   2.9516E+003   9.8541E+002   3.2457E+002   1.0481E+002   3.1611E+001
 1620905470.16178270    0.0125   6.6758E+006    2.4700   2.1549E+006   2.7029E+006   3.1975E+006   3.4809E+006   3.4438E+006   3.0423E+006   2.3696E+006   1.6289E+006   9.9192E+005   5.4241E+005   2.7210E+005   1.2749E+005   5.6224E+004   2.3972E+004   9.9119E+003   4.0515E+003   1.6118E+003   6.3838E+002   2.4990E+002   9.2763E+001
 1620905473.01177740    0.0173   6.6867E+006    2.2300   3.1438E+006   3.7616E+006   4.1867E+006   4.2446E+006   3.8774E+006   3.1538E+006   2.2755E+006   1.4716E+006   8.6114E+005   4.6357E+005   2.3441E+005   1.1302E+005   5.2180E+004   2.3593E+004   1.0448E+004   4.6034E+003   1.9862E+003   8.5579E+002   3.6551E+002   1.4897E+002
 1620905475.86177970    0.0877   6.5132E+006    2.0300   4.2875E+006   4.8469E+006   5.0312E+006   4.7263E+006   3.9894E+006   3.0122E+006   2.0435E+006   1.2671E+006   7.2636E+005   3.9130E+005   2.0175E+005   1.0070E+005   4.8723E+004   2.3285E+004   1.0971E+004   5.1627E+003   2.3891E+003   1.1061E+003   5.0859E+002   2.2425E+002
 1620905478.70825910    0.0119   6.4817E+006    2.5400   1.8140E+006   2.3066E+006   2.7791E+006   3.0937E+006   3.1428E+006   2.8588E+006   2.2937E+006   1.6194E+006   1.0073E+006   5.5849E+005   2.8182E+005   1.3184E+005   5.7673E+004   2.4268E+004   9.8641E+003   3.9528E+003   1.5381E+003   5.9498E+002   2.2723E+002   8.2120E+001
 1620905481.54341460    0.0123   6.4838E+006    2.5000   1.8966E+006   2.4003E+006   2.8739E+006   3.1751E+006   3.1968E+006   2.8799E+006   2.2888E+006   1.6031E+006   9.9164E+005   5.4858E+005   2.7715E+005   1.3023E+005   5.7383E+004   2.4375E+004   1.0018E+004   4.0642E+003   1.6027E+003   6.2866E+002   2.4358E+002   8.9406E+001
 1620905484.39927430    0.0198   7.0804E+006    2.1800   4.0317E+006   4.7023E+006   5.0674E+006   4.9525E+006   4.3469E+006   3.3959E+006   2.3610E+006   1.4812E+006   8.4769E+005   4.5010E+005   2.2625E+005   1.0915E+005   5.0690E+004   2.3142E+004   1.0378E+004   4.6388E+003   2.0339E+003   8.9136E+002   3.8753E+002   1.6100E+002
 1620905487.24928050    0.1290   7.1019E+006    2.0200   5.3527E+006   5.9248E+006   5.9953E+006   5.4789E+006   4.4944E+006   3.3012E+006   2.1853E+006   1.3282E+006   7.4981E+005   3.9956E+005   2.0456E+005   1.0169E+005   4.9114E+004   2.3469E+004   1.1070E+004   5.2194E+003   2.4215E+003   1.1244E+003   5.1868E+002   2.2953E+002
 1620905490.09928270    0.1290   7.1019E+006    2.0200   5.3527E+006   5.9248E+006   5.9953E+006   5.4789E+006   4.4944E+006   3.3012E+006   2.1853E+006   1.3282E+006   7.4981E+005   3.9956E+005   2.0456E+005   1.0169E+005   4.9114E+004   2.3469E+004   1.1070E+004   5.2194E+003   2.4215E+003   1.1244E+003   5.1868E+002   2.2953E+002
 1620905492.94927740    0.2626   6.0954E+006    2.0100   3.5652E+006   4.0889E+006   4.3215E+006   4.1426E+006   3.5746E+006   2.7610E+006   1.9149E+006   1.2115E+006   7.0711E+005   3.8699E+005   2.0229E+005   1.0219E+005   4.9990E+004   2.4128E+004   1.1474E+004   5.4466E+003   2.5419E+003   1.1865E+003   5.4998E+002   2.4454E+002
 1620905495.79928350    0.2626   6.0954E+006    2.0100   3.5652E+006   4.0889E+006   4.3215E+006   4.1426E+006   3.5746E+006   2.7610E+006   1.9149E+006   1.2115E+006   7.0711E+005   3.8699E+005   2.0229E+005   1.0219E+005   4.9990E+004   2.4128E+004   1.1474E+004   5.4466E+003   2.5419E+003   1.1865E+003   5.4998E+002   2.4454E+002
 1620905498.64928580    0.2626   6.0954E+006    2.0100   3.5652E+006   4.0889E+006   4.3215E+006   4.1426E+006   3.5746E+006   2.7610E+006   1.9149E+006   1.2115E+006   7.0711E+005   3.8699E+005   2.0229E+005   1.0219E+005   4.9990E+004   2.4128E+004   1.1474E+004   5.4466E+003   2.5419E+003   1.1865E+003   5.4998E+002   2.4454E+002
 1620905501.49928050    0.0128   6.8693E+006    2.4300   2.4794E+006   3.0753E+006   3.5845E+006   3.8331E+006   3.7138E+006   3.2065E+006   2.4408E+006   1.6437E+006   9.8451E+005   5.3228E+005   2.6545E+005   1.2427E+005   5.4985E+004   2.3600E+004   9.8482E+003   4.0697E+003   1.6393E+003   6.5792E+002   2.6118E+002   9.8433E+001
 1620905504.34928270    0.0670   6.8983E+006    2.0400   4.8501E+006   5.4358E+006   5.5828E+006   5.1828E+006   4.3193E+006   3.2192E+006   2.1570E+006   1.3225E+006   7.5069E+005   4.0096E+005   2.0522E+005   1.0178E+005   4.8967E+004   2.3282E+004   1.0918E+004   5.1150E+003   2.3569E+003   1.0867E+003   4.9764E+002   2.1850E+002
 1620905507.19927740    0.0121   6.8667E+006    2.5100   2.2204E+006   2.7886E+006   3.3041E+006   3.6032E+006   3.5708E+006   3.1583E+006   2.4604E+006   1.6890E+006   1.0250E+006   5.5741E+005   2.7749E+005   1.2879E+005   5.6167E+004   2.3656E+004   9.6530E+003   3.8920E+003   1.5263E+003   5.9572E+002   2.2975E+002   8.3940E+001
 1620905510.04927970    0.0225   5.9011E+006    2.9900   2.1870E+005   3.0634E+005   4.2280E+005   5.6183E+005   7.1779E+005   8.6917E+005   9.7766E+005   9.9920E+005   9.0932E+005   7.2342E+005   4.9873E+005   2.9797E+005   1.5460E+005   7.1567E+004   2.9979E+004   1.1737E+004   4.2762E+003   1.5016E+003   5.0848E+002   1.5912E+002
 1620905512.89927430    0.0222   5.8990E+006    3.0700   2.0642E+005   2.8969E+005   4.0091E+005   5.3473E+005   6.8666E+005   8.3715E+005   9.4987E+005   9.8091E+005   9.0299E+005   7.2664E+005   5.0579E+005   3.0402E+005   1.5793E+005   7.2782E+004   3.0183E+004   1.1641E+004   4.1605E+003   1.4286E+003   4.7184E+002   1.4355E+002
 1620905515.74928050    0.0207   7.2721E+006    3.5700   2.9791E+005   4.1782E+005   5.7763E+005   7.6919E+005   9.8511E+005   1.1957E+006   1.3466E+006   1.3737E+006   1.2396E+006   9.6677E+005   6.4246E+005   3.6195E+005   1.7248E+005   7.1452E+004   2.6118E+004   8.7462E+003   2.6724E+003   7.7720E+002   2.1558E+002   5.4267E+001
 1620905518.59928270    0.2423   7.4124E+006    2.0100   6.3558E+006   6.8823E+006   6.7847E+006   6.0308E+006   4.8100E+006   3.4405E+006   2.2255E+006   1.3278E+006   7.3929E+005   3.9019E+005   1.9855E+005   9.8378E+004   4.7459E+004   2.2685E+004   1.0715E+004   5.0627E+003   2.3552E+003   1.0969E+003   5.0768E+002   2.2549E+002
 1620905521.44927740    0.0139   7.3867E+006    2.3500   3.3724E+006   4.0742E+006   4.5884E+006   4.7112E+006   4.3576E+006   3.5809E+006   2.5982E+006   1.6786E+006   9.7371E+005   5.1558E+005   2.5465E+005   1.1924E+005   5.3203E+004   2.3172E+004   9.8586E+003   4.1670E+003   1.7215E+003   7.0978E+002   2.8984E+002   1.1263E+002
 1620905524.29928350    0.2423   7.4124E+006    2.0100   6.3558E+006   6.8823E+006   6.7847E+006   6.0308E+006   4.8100E+006   3.4405E+006   2.2255E+006   1.3278E+006   7.3929E+005   3.9019E+005   1.9855E+005   9.8378E+004   4.7459E+004   2.2685E+004   1.0715E+004   5.0627E+003   2.3552E+003   1.0969E+003   5.0768E+002   2.2549E+002
 1620905527.14577050    0.0259   5.8839E+006    2.1300   2.6153E+006   3.1291E+006   3.4847E+006   3.5391E+006   3.2452E+006   2.6577E+006   1.9384E+006   1.2728E+006   7.5966E+005   4.1889E+005   2.1773E+005   1.0821E+005   5.1634E+004   2.4162E+004   1.1089E+004   5.0652E+003   2.2684E+003   1.0147E+003   4.5014E+002   1.9097E+002
 1620905529.98091480    0.2626   5.9002E+006    2.0100   3.2911E+006   3.7981E+006   4.0453E+006   3.9113E+006   3.4063E+006   2.6555E+006   1.8576E+006   1.1841E+006   6.9534E+005   3.8237E+005   2.0059E+005   1.0160E+005   4.9793E+004   2.4065E+004   1.1454E+004   5.4407E+003   2.5403E+003   1.1861E+003   5.4992E+002   2.4455E+002
 1620905532.83677430    0.0152   5.8736E+006    2.3100   1.8601E+006   2.3220E+006   2.7309E+006   2.9549E+006   2.9074E+006   2.5602E+006   1.9966E+006   1.3832E+006   8.5579E+005   4.7957E+005   2.4854E+005   1.2115E+005   5.5929E+004   2.5067E+004   1.0933E+004   4.7230E+003   1.9908E+003   8.3615E+002   3.4751E+002   1.3746E+002
 1620905535.68678050    0.0420   6.1492E+006    2.0700   3.3332E+006   3.8800E+006   4.1748E+006   4.0793E+006   3.5883E+006   2.8199E+006   1.9818E+006   1.2635E+006   7.3883E+005   4.0280E+005   2.0873E+005   1.0413E+005   5.0149E+004   2.3779E+004   1.1091E+004   5.1588E+003   2.3567E+003   1.0763E+003   4.8788E+002   2.1184E+002
 1620905538.53678270    0.0374   6.1474E+006    2.0800   3.2814E+006   3.8299E+006   4.1345E+006   4.0544E+006   3.5796E+006   2.8227E+006   1.9893E+006   1.2706E+006   7.4354E+005   4.0527E+005   2.0977E+005   1.0446E+005   5.0183E+004   2.3728E+004   1.1032E+004   5.1145E+003   2.3282E+003   1.0594E+003   4.7848E+002   2.0694E+002
 1620905541.38677740    0.2626   6.1618E+006    2.0100   3.6611E+006   4.1901E+006   4.4170E+006   4.2219E+006   3.6319E+006   2.7966E+006   1.9340E+006   1.2206E+006   7.1100E+005   3.8851E+005   2.0284E+005   1.0239E+005   5.0054E+004   2.4149E+004   1.1480E+004   5.4485E+003   2.5425E+003   1.1866E+003   5.5000E+002   2.4454E+002
 1620905544.23678350    0.0345   6.9085E+006    3.0600   1.4161E+005   2.0083E+005   2.8222E+005   3.8446E+005   5.0850E+005   6.4574E+005   7.7381E+005   8.5673E+005   8.5908E+005   7.6330E+005   5.9125E+005   3.9581E+005   2.2775E+005   1.1479E+005   5.1304E+004   2.0994E+004   7.8589E+003   2.7941E+003   9.4733E+002   2.9418E+002
 1620905547.08678580    0.0400   6.9414E+006    2.6500   1.9299E+005   2.7131E+005   3.7649E+005   5.0410E+005   6.5105E+005   8.0061E+005   9.2017E+005   9.6830E+005   9.1611E+005   7.6630E+005   5.6215E+005   3.6177E+005   2.0474E+005   1.0439E+005   4.8598E+004   2.1266E+004   8.7200E+003   3.4570E+003   1.3262E+003   4.7416E+002
 1620905549.93678050    0.0223   1.5242E+007    2.6800   4.8571E+006   6.1404E+006   7.3371E+006   8.0779E+006   8.0856E+006   7.2143E+006   5.6488E+006   3.8728E+006   2.3275E+006   1.2413E+006   6.0029E+005   2.6836E+005   1.1188E+005   4.4804E+004   1.7308E+004   6.5890E+003   2.4323E+003   8.9256E+002   3.2317E+002   1.1040E+002
 1620905552.78678270    0.0260   1.5258E+007    2.4000   6.8939E+006   8.3578E+006   9.4531E+006   9.7514E+006   9.0613E+006   7.4747E+006   5.4344E+006   3.5090E+006   2.0281E+006   1.0666E+006   5.2176E+005   2.4137E+005   1.0619E+005   4.5537E+004   1.9054E+004   7.9160E+003   3.2119E+003   1.3002E+003   5.2109E+002   1.9850E+002
 1620905555.63677740    0.0243   1.5252E+007    2.4900   6.0860E+006   7.4978E+006   8.6585E+006   9.1513E+006   8.7381E+006   7.4130E+006   5.5304E+006   3.6437E+006   2.1326E+006   1.1259E+006   5.4827E+005   2.5063E+005   1.0828E+005   4.5394E+004   1.8503E+004   7.4715E+003   2.9400E+003   1.1529E+003   4.4718E+002   1.6447E+002
 1620905558.48677970    0.0263   5.2043E+006    2.6300   1.9342E+005   2.7004E+005   3.7096E+005   4.8990E+005   6.2084E+005   7.4419E+005   8.2735E+005   8.3583E+005   7.5395E+005   5.9864E+005   4.1669E+005   2.5532E+005   1.3843E+005   6.8215E+004   3.0957E+004   1.3313E+004   5.3991E+003   2.1282E+003   8.1497E+002   2.9172E+002
 1620905561.33677430    0.0294   5.2164E+006    2.4800   2.2677E+005   3.1472E+005   4.2865E+005   5.5962E+005   6.9831E+005   8.2033E+005   8.8949E+005   8.7325E+005   7.6419E+005   5.8972E+005   4.0132E+005   2.4267E+005   1.3133E+005   6.5379E+004   3.0306E+004   1.3434E+004   5.6602E+003   2.3307E+003   9.3641E+002   3.5369E+002
 1620905564.18678050    0.0284   5.2126E+006    2.5200   2.1697E+005   3.0165E+005   4.1186E+005   5.3948E+005   6.7617E+005   7.9891E+005   8.7240E+005   8.6336E+005   7.6189E+005   5.9251E+005   4.0564E+005   2.4611E+005   1.3323E+005   6.6123E+004   3.0470E+004   1.3394E+004   5.5855E+003   2.2730E+003   9.0151E+002   3.3564E+002
 1620905567.03678270    0.0295   9.1233E+006    2.3600   1.6265E+006   2.1207E+006   2.6454E+006   3.0790E+006   3.3098E+006   3.2261E+006   2.8045E+006   2.1606E+006   1.4725E+006   8.9505E+005   4.9392E+005   2.5180E+005   1.1968E+005   5.4509E+004   2.3920E+004   1.0319E+004   4.3205E+003   1.7955E+003   7.3637E+002   2.8665E+002
 1620905569.88677740    0.0304   9.1269E+006    2.3400   1.6665E+006   2.1684E+006   2.6971E+006   3.1281E+006   3.3481E+006   3.2477E+006   2.8091E+006   2.1543E+006   1.4631E+006   8.8759E+005   4.8968E+005   2.4999E+005   1.1918E+005   5.4510E+004   2.4045E+004   1.0434E+004   4.3970E+003   1.8398E+003   7.5994E+002   2.9810E+002
 1620905572.73326440    0.0282   9.1209E+006    2.4000   1.5250E+006   1.9984E+006   2.5101E+006   2.9467E+006   3.2011E+006   3.1584E+006   2.7813E+006   2.1689E+006   1.4932E+006   9.1397E+005   5.0593E+005   2.5772E+005   1.2198E+005   5.5157E+004   2.3976E+004   1.0229E+004   4.2297E+003   1.7346E+003   7.0146E+002   2.6893E+002
 1620905575.56841230    0.0244   6.2024E+006    2.7100   3.1946E+005   4.4247E+005   6.0085E+005   7.8111E+005   9.6872E+005   1.1279E+006   1.2074E+006   1.1646E+006   9.9471E+005   7.4340E+005   4.8583E+005   2.7969E+005   1.4284E+005   6.6639E+004   2.8769E+004   1.1829E+004   4.6015E+003   1.7455E+003   6.4454E+002   2.2246E+002
 1620905578.42428350    0.0258   6.2100E+006    2.6000   3.5561E+005   4.9029E+005   6.6142E+005   8.5235E+005   1.0448E+006   1.1984E+006   1.2597E+006   1.1904E+006   9.9584E+005   7.3050E+005   4.7098E+005   2.6945E+005   1.3792E+005   6.5030E+004   2.8593E+004   1.2046E+004   4.8269E+003   1.8928E+003   7.2463E+002   2.6032E+002
 1620905581.27428580    0.0238   6.1988E+006    2.7700   3.0281E+005   4.2033E+005   5.7256E+005   7.4746E+005   9.3220E+005   1.0933E+006   1.1809E+006   1.1506E+006   9.9320E+005   7.4945E+005   4.9331E+005   2.8499E+005   1.4542E+005   6.7474E+004   2.8852E+004   1.1710E+004   4.4834E+003   1.6705E+003   6.0493E+002   2.0431E+002
 1620905584.12428050    0.0261   4.5734E+006    2.7000   1.1853E+005   1.6695E+005   2.3231E+005   3.1224E+005   4.0536E+005   5.0197E+005   5.8216E+005   6.1935E+005   5.9336E+005   5.0288E+005   3.7345E+005   2.4271E+005   1.3821E+005   7.0600E+004   3.2782E+004   1.4253E+004   5.7866E+003   2.2656E+003   8.5665E+002   3.0118E+002
 1620905586.97428270    0.0257   4.5718E+006    2.7300   1.1538E+005   1.6264E+005   2.2658E+005   3.0500E+005   3.9680E+005   4.9277E+005   5.7361E+005   6.1298E+005   5.9021E+005   5.0280E+005   3.7510E+005   2.4459E+005   1.3948E+005   7.1194E+004   3.2958E+004   1.4258E+004   5.7495E+003   2.2331E+003   8.3667E+002   2.9112E+002
 1620905589.82427740    0.0223   4.5487E+006    3.2500   8.1549E+004   1.1600E+005   1.6375E+005   2.2448E+005   2.9949E+005   3.8488E+005   4.6862E+005   5.2935E+005   5.4373E+005   4.9611E+005   3.9445E+005   2.6989E+005   1.5742E+005   7.9486E+004   3.5120E+004   1.4026E+004   5.0627E+003   1.7191E+003   5.5235E+002   1.6110E+002
 1620905592.67427970    0.0248   7.9032E+006    2.6000   7.6051E+005   1.0289E+006   1.3511E+006   1.6796E+006   1.9625E+006   2.1156E+006   2.0603E+006   1.7833E+006   1.3561E+006   9.0342E+005   5.3231E+005   2.8144E+005   1.3488E+005   6.0416E+004   2.5549E+004   1.0463E+004   4.1068E+003   1.5872E+003   6.0148E+002   2.1450E+002
 1620905595.52427430    0.0267   7.9095E+006    2.4800   8.8601E+005   1.1880E+006   1.5404E+006   1.8839E+006   2.1556E+006   2.2651E+006   2.1425E+006   1.7997E+006   1.3312E+006   8.6769E+005   5.0470E+005   2.6614E+005   1.2854E+005   5.8560E+004   2.5382E+004   1.0715E+004   4.3568E+003   1.7497E+003   6.9079E+002   2.5765E+002
 1620905598.37428050    0.0294   7.9200E+006    2.3900   9.9055E+005   1.3183E+006   1.6919E+006   2.0422E+006   2.2983E+006   2.3676E+006   2.1908E+006   1.8008E+006   1.3068E+006   8.4016E+005   4.8544E+005   2.5626E+005   1.2484E+005   5.7732E+004   2.5538E+004   1.1044E+004   4.6158E+003   1.9093E+003   7.7769E+002   3.0008E+002
 1620905601.22428270    0.0263   7.3806E+006    2.5200   6.7423E+005   9.1283E+005   1.2000E+006   1.4941E+006   1.7497E+006   1.8928E+006   1.8526E+006   1.6149E+006   1.2401E+006   8.3675E+005   5.0093E+005   2.6991E+005   1.3222E+005   6.0662E+004   2.6326E+004   1.1076E+004   4.4731E+003   1.7797E+003   6.9473E+002   2.5571E+002
 1620905604.07427740    0.0315   7.3980E+006    2.3500   8.3963E+005   1.1217E+006   1.4472E+006   1.7591E+006   1.9980E+006   2.0825E+006   1.9547E+006   1.6330E+006   1.2064E+006   7.9024E+005   4.6526E+005   2.5019E+005   1.2411E+005   5.8406E+004   2.6278E+004   1.1551E+004   4.9072E+003   2.0624E+003   8.5349E+002   3.3482E+002
 1620905606.92428350    0.0329   7.3998E+006    2.3200   8.8342E+005   1.1763E+006   1.5109E+006   1.8260E+006   2.0589E+006   2.1274E+006   1.9777E+006   1.6364E+006   1.1985E+006   7.7989E+005   4.5738E+005   2.4571E+005   1.2212E+005   5.7714E+004   2.6129E+004   1.1575E+004   4.9611E+003   2.1054E+003   8.8025E+002   3.4922E+002
 1620905609.77428580    0.0215   5.8416E+006    3.3000   1.7503E+005   2.4678E+005   3.4386E+005   4.6293E+005   6.0210E+005   7.4683E+005   8.6652E+005   9.1936E+005   8.7274E+005   7.2477E+005   5.1869E+005   3.1781E+005   1.6613E+005   7.5847E+004   3.0665E+004   1.1367E+004   3.8538E+003   1.2433E+003   3.8281E+002   1.0754E+002
 1620905612.62428050    0.0209   5.8357E+006    3.6400   1.4845E+005   2.1028E+005   2.9497E+005   4.0079E+005   5.2802E+005   6.6647E+005   7.9121E+005   8.6354E+005   8.4712E+005   7.2819E+005   5.3760E+005   3.3656E+005   1.7697E+005   7.9659E+004   3.1064E+004   1.0884E+004   3.4213E+003   1.0088E+003   2.8048E+002   7.0129E+001
 1620905615.47076750    0.0210   5.8371E+006    3.5500   1.5436E+005   2.1842E+005   3.0593E+005   4.1480E+005   5.4485E+005   6.8495E+005   8.0882E+005   8.7693E+005   8.5358E+005   7.2769E+005   5.3317E+005   3.3201E+005   1.7431E+005   7.8740E+004   3.0989E+004   1.1016E+004   3.5314E+003   1.0660E+003   3.0441E+002   7.8480E+001
 1620905618.30591540    0.0324   7.8353E+006    3.3400   1.8124E+005   2.5684E+005   3.6053E+005   4.9037E+005   6.4702E+005   8.1868E+005   9.7570E+005   1.0715E+006   1.0613E+006   9.2619E+005   6.9934E+005   4.5211E+005   2.4843E+005   1.1828E+005   4.9391E+004   1.8719E+004   6.4321E+003   2.0871E+003   6.4252E+002   1.7961E+002
 1620905621.16178270    0.0332   7.8421E+006    3.1700   1.9907E+005   2.8139E+005   3.9355E+005   5.3257E+005   6.9781E+005   8.7455E+005   1.0293E+006   1.1128E+006   1.0825E+006   9.2668E+005   6.8747E+005   4.3876E+005   2.3992E+005   1.1486E+005   4.8771E+004   1.8994E+004   6.7727E+003   2.2976E+003   7.4405E+002   2.2040E+002
 1620905624.01177740    0.0322   7.8331E+006    3.3800   1.7795E+005   2.5230E+005   3.5442E+005   4.8253E+005   6.3755E+005   8.0820E+005   9.6559E+005   1.0636E+006   1.0573E+006   9.2624E+005   7.0181E+005   4.5483E+005   2.5011E+005   1.1889E+005   4.9444E+004   1.8619E+004   6.3419E+003   2.0364E+003   6.1951E+002   1.7083E+002
 1620905626.86177970    0.0324   8.0389E+006    3.3200   1.9856E+005   2.8103E+005   3.9376E+005   5.3419E+005   7.0232E+005   8.8422E+005   1.0467E+006   1.1396E+006   1.1168E+006   9.6250E+005   7.1706E+005   4.5744E+005   2.4834E+005   1.1710E+005   4.8566E+004   1.8337E+004   6.2941E+003   2.0448E+003   6.3143E+002   1.7733E+002
 1620905629.71177430    0.0321   8.0364E+006    3.3900   1.9162E+005   2.7146E+005   3.8089E+005   5.1771E+005   6.8246E+005   8.6234E+005   1.0257E+006   1.1233E+006   1.1085E+006   9.6243E+005   7.2188E+005   4.6278E+005   2.5168E+005   1.1839E+005   4.8765E+004   1.8208E+004   6.1554E+003   1.9636E+003   5.9386E+002   1.6285E+002
 1620905632.56178050    0.0311   8.0255E+006    3.8900   1.5499E+005   2.2072E+005   3.1205E+005   4.2862E+005   5.7338E+005   7.3932E+005   9.0346E+005   1.0237E+006   1.0522E+006   9.5529E+005   7.4777E+005   4.9537E+005   2.7327E+005   1.2698E+005   5.0115E+004   1.7399E+004   5.3118E+003   1.4956E+003   3.9157E+002   9.0885E+001
 1620905635.41178270    0.0322   9.2292E+006    3.2500   3.1655E+005   4.4495E+005   6.1718E+005   8.2572E+005   1.0647E+006   1.3050E+006   1.4904E+006   1.5502E+006   1.4368E+006   1.1616E+006   8.0870E+005   4.8283E+005   2.4690E+005   1.1095E+005   4.4439E+004   1.6424E+004   5.5825E+003   1.8138E+003   5.6440E+002   1.6077E+002
 1620905638.26177740    0.0316   9.2228E+006    3.4600   2.8316E+005   3.9937E+005   5.5672E+005   7.4989E+005   9.7599E+005   1.2115E+006   1.4065E+006   1.4923E+006   1.4148E+006   1.1705E+006   8.3122E+005   5.0262E+005   2.5751E+005   1.1440E+005   4.4684E+004   1.5906E+004   5.1476E+003   1.5790E+003   4.6068E+002   1.2198E+002
 1620905641.11178350    0.0336   9.2403E+006    3.0000   3.7140E+005   5.1927E+005   7.1472E+005   9.4620E+005   1.2026E+006   1.4460E+006   1.6115E+006   1.6279E+006   1.4610E+006   1.1441E+006   7.7581E+005   4.5596E+005   2.3295E+005   1.0637E+005   4.4036E+004   1.7070E+004   6.1670E+003   2.1501E+003   7.2358E+002   2.2512E+002
 1620905643.96178580    0.0416   5.8805E+006    5.2800   2.3603E+004   3.4202E+004   4.9621E+004   7.0679E+004   9.9602E+004   1.3834E+005   1.8771E+005   2.4526E+005   3.0493E+005   3.5348E+005   3.7241E+005   3.4637E+005   2.7446E+005   1.7999E+005   9.4956E+004   4.0199E+004   1.3400E+004   3.6512E+003   8.2564E+002   1.4781E+002
 1620905646.81178050    0.0417   5.8820E+006    5.1800   2.3947E+004   3.4695E+004   5.0324E+004   7.1658E+004   1.0093E+005   1.4010E+005   1.8992E+005   2.4782E+005   3.0757E+005   3.5572E+005   3.7370E+005   3.4645E+005   2.7365E+005   1.7904E+005   9.4430E+004   4.0097E+004   1.3467E+004   3.7161E+003   8.5555E+002   1.5690E+002
 1620905649.66178270    0.0414   5.8783E+006    5.4600   2.3024E+004   3.3372E+004   4.8434E+004   6.9026E+004   9.7348E+004   1.3536E+005   1.8396E+005   2.4089E+005   3.0039E+005   3.4960E+005   3.7012E+005   3.4615E+005   2.7582E+005   1.8162E+005   9.5882E+004   4.0388E+004   1.3289E+004   3.5420E+003   7.7602E+002   1.3313E+002
 1620905652.51177740    0.0421   6.6016E+006    4.4800   3.9092E+004   5.6456E+004   8.1498E+004   1.1527E+005   1.6079E+005   2.2007E+005   2.9240E+005   3.7107E+005   4.4327E+005   4.8731E+005   4.8008E+005   4.1222E+005   2.9894E+005   1.7991E+005   8.8531E+004   3.6107E+004   1.2122E+004   3.5035E+003   8.8556E+002   1.8752E+002
 1620905655.35826440    0.0424   6.6051E+006    4.3100   4.0667E+004   5.8701E+004   8.4675E+004   1.1964E+005   1.6663E+005   2.2756E+005   3.0143E+005   3.8095E+005   4.5257E+005   4.9408E+005   4.8281E+005   4.1101E+005   2.9578E+005   1.7722E+005   8.7321E+004   3.5938E+004   1.2290E+004   3.6522E+003   9.5769E+002   2.1246E+002
 1620905658.19341230    0.0419   6.6001E+006    4.5800   3.8239E+004   5.5239E+004   7.9774E+004   1.1290E+005   1.5761E+005   2.1597E+005   2.8743E+005   3.6560E+005   4.3806E+005   4.8344E+005   4.7844E+005   4.1280E+005   3.0068E+005   1.8143E+005   8.9237E+004   3.6215E+004   1.2033E+004   3.4230E+003   8.4713E+002   1.7461E+002
 1620905661.04927970    0.0534   5.3147E+006    6.1800   9.3150E+003   1.3558E+004   1.9800E+004   2.8470E+004   4.0672E+004   5.7628E+004   8.0483E+004   1.0955E+005   1.4432E+005   1.8128E+005   2.1277E+005   2.2776E+005   2.1540E+005   1.7360E+005   1.1463E+005   6.0381E+004   2.4370E+004   7.5999E+003   1.8304E+003   3.2164E+002
 1620905663.89927430    0.0525   5.3029E+006    7.1200   8.6819E+003   1.2643E+004   1.8477E+004   2.6594E+004   3.8049E+004   5.4029E+004   7.5692E+004   1.0349E+005   1.3717E+005   1.7378E+005   2.0626E+005   2.2392E+005   2.1525E+005   1.7630E+005   1.1773E+005   6.1946E+004   2.4411E+004   7.1896E+003   1.5671E+003   2.3577E+002
 1620905666.74928050    0.0521   5.2970E+006    7.8000   8.3423E+003   1.2151E+004   1.7766E+004   2.5585E+004   3.6634E+004   5.2081E+004   7.3088E+004   1.0017E+005   1.3323E+005   1.6958E+005   2.0253E+005   2.2160E+005   2.1502E+005   1.7778E+005   1.1955E+005   6.2889E+004   2.4439E+004   6.9483E+003   1.4210E+003   1.9303E+002
 1620905669.59928270    0.0500   1.7882E+006  999.0000   2.2417E+002   3.2826E+002   4.8376E+002   7.0460E+002   1.0257E+003   1.4942E+003   2.1732E+003   3.1365E+003   4.4972E+003   6.3805E+003   8.8944E+003   1.2099E+004   1.5935E+004   1.9898E+004   2.3058E+004   2.3928E+004   2.1117E+004   1.4703E+004   7.1951E+003   1.9388E+003
 1620905672.44927740    0.0500   1.7882E+006  999.0000   2.2417E+002   3.2826E+002   4.8376E+002   7.0460E+002   1.0257E+003   1.4942E+003   2.1732E+003   3.1365E+003   4.4972E+003   6.3805E+003   8.8944E+003   1.2099E+004   1.5935E+004   1.9898E+004   2.3058E+004   2.3928E+004   2.1117E+004   1.4703E+004   7.1951E+003   1.9388E+003
 1620905675.29928350    0.0500   1.7882E+006  999.0000   2.2417E+002   3.2826E+002   4.8376E+002   7.0460E+002   1.0257E+003   1.4942E+003   2.1732E+003   3.1365E+003   4.4972E+003   6.3805E+003   8.8944E+003   1.2099E+004   1.5935E+004   1.9898E+004   2.3058E+004   2.3928E+004   2.1117E+004   1.4703E+004   7.1951E+003   1.9388E+003
 1620905678.14928580    0.5309   0.0000E+000    2.0100   0.0000E+000   0.0000E+000   0.0000E+000   0.0000E+000   0.0000E+000   0.0000E+000   0.0000E+000   0.0000E+000   0.0000E+000   0.0000E+000   0.0000E+000   0.0000E+000   0.0000E+000   0.0000E+000   0.0000E+000   0.0000E+000   0.0000E+000   0.0000E+000   0.0000E+000   0.0000E+000
 1620905680.99928050    0.5309   0.0000E+000    2.0100   0.0000E+000   0.0000E+000   0.0000E+000   0.0000E+000   0.0000E+000   0.0000E+000   0.0000E+000   0.0000E+000   0.0000E+000   0.0000E+000   0.0000E+000   0.0000E+000   0.0000E+000   0.0000E+000   0.0000E+000   0.0000E+000   0.0000E+000   0.0000E+000   0.0000E+000   0.0000E+000
 1620905683.84928270    0.5309   0.0000E+000    2.0100   0.0000E+000   0.0000E+000   0.0000E+000   0.0000E+000   0.0000E+000   0.0000E+000   0.0000E+000   0.0000E+000   0.0000E+000   0.0000E+000   0.0000E+000   0.0000E+000   0.0000E+000   0.0000E+000   0.0000E+000   0.0000E+000   0.0000E+000   0.0000E+000   0.0000E+000   0.0000E+000
 1620905686.69927740    0.0580   3.9491E+006    6.6600   3.0817E+003   4.4973E+003   6.5940E+003   9.5346E+003   1.3733E+004   1.9695E+004   2.7994E+004   3.9081E+004   5.3391E+004   7.0633E+004   8.9121E+004   1.0533E+005   1.1384E+005   1.0883E+005   8.8640E+004   5.9328E+004   3.1051E+004   1.2470E+004   3.7588E+003   7.9206E+002
 1620905689.54927970    0.0664   5.1153E+006    7.2000   4.8549E+003   7.0820E+003   1.0377E+004   1.4991E+004   2.1564E+004   3.0864E+004   4.3742E+004   6.0811E+004   8.2569E+004   1.0827E+005   1.3488E+005   1.5655E+005   1.6489E+005   1.5212E+005   1.1803E+005   7.4131E+004   3.5716E+004   1.2953E+004   3.4539E+003   6.2707E+002
 1620905692.39575910    0.0677   5.1323E+006    6.3800   5.1039E+003   7.4431E+003   1.0902E+004   1.5740E+004   2.2622E+004   3.2337E+004   4.5749E+004   6.3437E+004   8.5822E+004   1.1197E+005   1.3854E+005   1.5938E+005   1.6606E+005   1.5141E+005   1.1628E+005   7.2725E+004   3.5355E+004   1.3226E+004   3.7535E+003   7.5797E+002
 1620905695.23091480    1.0618   0.0000E+000    2.0100   0.0000E+000   0.0000E+000   0.0000E+000   0.0000E+000   0.0000E+000   0.0000E+000   0.0000E+000   0.0000E+000   0.0000E+000   0.0000E+000   0.0000E+000   0.0000E+000   0.0000E+000   0.0000E+000   0.0000E+000   0.0000E+000   0.0000E+000   0.0000E+000   0.0000E+000   0.0000E+000
 1620905698.08677430    1.0618   0.0000E+000    2.0100   0.0000E+000   0.0000E+000   0.0000E+000   0.0000E+000   0.0000E+000   0.0000E+000   0.0000E+000   0.0000E+000   0.0000E+000   0.0000E+000   0.0000E+000   0.0000E+000   0.0000E+000   0.0000E+000   0.0000E+000   0.0000E+000   0.0000E+000   0.0000E+000   0.0000E+000   0.0000E+000
 1620905700.93678050    1.0618   0.0000E+000    2.0100   0.0000E+000   0.0000E+000   0.0000E+000   0.0000E+000   0.0000E+000   0.0000E+000   0.0000E+000   0.0000E+000   0.0000E+000   0.0000E+000   0.0000E+000   0.0000E+000   0.0000E+000   0.0000E+000   0.0000E+000   0.0000E+000   0.0000E+000   0.0000E+000   0.0000E+000   0.0000E+000
 1620905703.78678270    0.0792   6.9632E+006    5.0000   1.1521E+004   1.6765E+004   2.4477E+004   3.5180E+004   5.0227E+004   7.1106E+004   9.9188E+004   1.3480E+005   1.7723E+005   2.2213E+005   2.6022E+005   2.7848E+005   2.6443E+005   2.1592E+005   1.4684E+005   8.1745E+004   3.6224E+004   1.2991E+004   3.7949E+003   8.6481E+002
 1620905706.63677740    0.1416   7.3326E+006    2.5900   2.2143E+004   3.2025E+004   4.6331E+004   6.5738E+004   9.2135E+004   1.2701E+005   1.7061E+005   2.2015E+005   2.6984E+005   3.0870E+005   3.2332E+005   3.0458E+005   2.5368E+005   1.8569E+005   1.1927E+005   6.8294E+004   3.4924E+004   1.6451E+004   7.2150E+003   2.8722E+003
 1620905709.48677970    0.0835   7.0084E+006    4.2600   1.2927E+004   1.8795E+004   2.7406E+004   3.9316E+004   5.5983E+004   7.8950E+004   1.0952E+005   1.4769E+005   1.9209E+005   2.3729E+005   2.7284E+005   2.8544E+005   2.6427E+005   2.1075E+005   1.4114E+005   7.8716E+004   3.5907E+004   1.3724E+004   4.4442E+003   1.1765E+003
 1620905712.33677430    0.0896   1.5524E+007    2.7500   3.5985E+005   5.0820E+005   7.0985E+005   9.5904E+005   1.2541E+006   1.5682E+006   1.8422E+006   1.9913E+006   1.9437E+006   1.6812E+006   1.2739E+006   8.4290E+005   4.8676E+005   2.5080E+005   1.1682E+005   5.0686E+004   2.0446E+004   7.9258E+003   2.9590E+003   1.0244E+003
 1620905715.18678050    2.7572   1.5895E+007    2.0100   8.9401E+005   1.2191E+006   1.6196E+006   2.0469E+006   2.4489E+006   2.7309E+006   2.7888E+006   2.5736E+006   2.1292E+006   1.5781E+006   1.0575E+006   6.4926E+005   3.6861E+005   1.9834E+005   1.0202E+005   5.1168E+004   2.4833E+004   1.1908E+004   5.6239E+003   2.5342E+003
 1620905718.03678270    0.0996   1.5570E+007    2.5700   4.2252E+005   5.9388E+005   8.2384E+005   1.1027E+006   1.4235E+006   1.7497E+006   2.0104E+006   2.1160E+006   2.0045E+006   1.6817E+006   1.2406E+006   8.0536E+005   4.6150E+005   2.3912E+005   1.1351E+005   5.0783E+004   2.1345E+004   8.6880E+003   3.4268E+003   1.2628E+003
 1620905720.88677740    2.7917   2.2924E+007    2.0100   2.4480E+006   3.2453E+006   4.1450E+006   4.9780E+006   5.5790E+006   5.7403E+006   5.3393E+006   4.4576E+006   3.3337E+006   2.2476E+006   1.3868E+006   7.9546E+005   4.2792E+005   2.2114E+005   1.1041E+005   5.4217E+004   2.5916E+004   1.2297E+004   5.7653E+003   2.5843E+003
 1620905723.73677970    2.7917   2.2924E+007    2.0100   2.4480E+006   3.2453E+006   4.1450E+006   4.9780E+006   5.5790E+006   5.7403E+006   5.3393E+006   4.4576E+006   3.3337E+006   2.2476E+006   1.3868E+006   7.9546E+005   4.2792E+005   2.2114E+005   1.1041E+005   5.4217E+004   2.5916E+004   1.2297E+004   5.7653E+003   2.5843E+003
 1620905726.58677430    2.7917   2.2924E+007    2.0100   2.4480E+006   3.2453E+006   4.1450E+006   4.9780E+006   5.5790E+006   5.7403E+006   5.3393E+006   4.4576E+006   3.3337E+006   2.2476E+006   1.3868E+006   7.9546E+005   4.2792E+005   2.2114E+005   1.1041E+005   5.4217E+004   2.5916E+004   1.2297E+004   5.7653E+003   2.5843E+003
 1620905729.43326140    0.1346   3.7613E+007    2.2800   7.9330E+006   1.0204E+007   1.2495E+007   1.4214E+007   1.4861E+007   1.4034E+007   1.1803E+007   8.8148E+006   5.8538E+006   3.4938E+006   1.9100E+006   9.7300E+005   4.6576E+005   2.1497E+005   9.6072E+004   4.2356E+004   1.8177E+004   7.7563E+003   3.2710E+003   1.3125E+003
 1620905732.26840930    0.1760   3.7662E+007    2.1800   9.5161E+006   1.2029E+007   1.4394E+007   1.5920E+007   1.6104E+007   1.4667E+007   1.1896E+007   8.6057E+006   5.5775E+006   3.2808E+006   1.7864E+006   9.1523E+005   4.4435E+005   2.0938E+005   9.6025E+004   4.3593E+004   1.9324E+004   8.5320E+003   3.7286E+003   1.5548E+003
 1620905735.12428050    0.1291   3.7595E+007    2.3000   7.7335E+006   9.9712E+006   1.2251E+007   1.3991E+007   1.4697E+007   1.3953E+007   1.1795E+007   8.8496E+006   5.8965E+006   3.5252E+006   1.9270E+006   9.7992E+005   4.6753E+005   2.1483E+005   9.5492E+004   4.1848E+004   1.7841E+004   7.5607E+003   3.1657E+003   1.2605E+003
 1620905737.97428270    2.1008   4.8902E+007    2.0100   2.8721E+007   3.2922E+007   3.4771E+007   3.3306E+007   2.8716E+007   2.2162E+007   1.5359E+007   9.7109E+006   5.6650E+006   3.0991E+006   1.6195E+006   8.1795E+005   4.0006E+005   1.9307E+005   9.1805E+004   4.3577E+004   2.0337E+004   9.4922E+003   4.3999E+003   1.9563E+003
 1620905740.82427740    0.1217   4.3199E+007    2.6000   5.0528E+006   6.7778E+006   8.7930E+006   1.0758E+007   1.2310E+007   1.2924E+007   1.2193E+007   1.0187E+007   7.4656E+006   4.7975E+006   2.7363E+006   1.4074E+006   6.5957E+005   2.9042E+005   1.2126E+005   4.9203E+004   1.9185E+004   7.3805E+003   2.7879E+003   9.9190E+002
 1620905743.67427970    0.1135   4.3155E+007    2.7800   4.1863E+006   5.6782E+006   7.4823E+006   9.3420E+006   1.0972E+007   1.1895E+007   1.1642E+007   1.0103E+007   7.6674E+006   5.0627E+006   2.9313E+006   1.5089E+006   6.9752E+005   2.9900E+005   1.2020E+005   4.6574E+004   1.7216E+004   6.2509E+003   2.2201E+003   7.3844E+002
 1620905746.52427430    0.1110   5.9580E+007    2.7500   1.1221E+007   1.4728E+007   1.8530E+007   2.1776E+007   2.3639E+007   2.3219E+007   2.0218E+007   1.5434E+007   1.0264E+007   5.9741E+006   3.0952E+006   1.4539E+006   6.2575E+005   2.5475E+005   9.8851E+004   3.7463E+004   1.3674E+004   4.9383E+003   1.7535E+003   5.8541E+002
 1620905749.37428050    2.6260   6.0015E+007    2.0100   3.4319E+007   3.9478E+007   4.1878E+007   4.0309E+007   3.4936E+007   2.7104E+007   1.8875E+007   1.1984E+007   7.0151E+006   3.8480E+006   2.0148E+006   1.0191E+006   4.9897E+005   2.4098E+005   1.1465E+005   5.4438E+004   2.5412E+004   1.1863E+004   5.4995E+003   2.4454E+003
 1620905752.22428270    0.1744   5.9787E+007    2.2400   2.1888E+007   2.6879E+007   3.0946E+007   3.2650E+007   3.1217E+007   2.6666E+007   2.0201E+007   1.3658E+007   8.3020E+006   4.6072E+006   2.3833E+006   1.1678E+006   5.4505E+005   2.4808E+005   1.1025E+005   4.8640E+004   2.0981E+004   9.0274E+003   3.8474E+003   1.5636E+003
 1620905755.07427740    0.1136   7.1051E+007    2.6300   2.1138E+007   2.6827E+007   3.2231E+007   3.5736E+007   3.6096E+007   3.2574E+007   2.5853E+007   1.7998E+007   1.1000E+007   5.9721E+006   2.9419E+006   1.3401E+006   5.6950E+005   2.3246E+005   9.1540E+004   3.5519E+004   1.3368E+004   5.0004E+003   1.8458E+003   6.4345E+002
 1620905757.92427970    0.1141   7.1055E+007    2.6200   2.1355E+007   2.7073E+007   3.2479E+007   3.5948E+007   3.6236E+007   3.2626E+007   2.5837E+007   1.7953E+007   1.0959E+007   5.9467E+006   2.9305E+006   1.3364E+006   5.6896E+005   2.3280E+005   9.1927E+004   3.5779E+004   1.3510E+004   5.0714E+003   1.8788E+003   6.5750E+002
 1620905760.77427430    0.1087   7.1018E+007    2.7700   1.8297E+007   2.3555E+007   2.8846E+007   3.2744E+007   3.4017E+007   3.1674E+007   2.5944E+007   1.8566E+007   1.1576E+007   6.3445E+006   3.1184E+006   1.4015E+006   5.8167E+005   2.3005E+005   8.7221E+004   3.2446E+004   1.1660E+004   4.1560E+003   1.4589E+003   4.8182E+002
 1620905763.62428050    0.1038   9.4761E+007    2.9600   3.4455E+007   4.3417E+007   5.1612E+007   5.6381E+007   5.5763E+007   4.8863E+007   3.7265E+007   2.4641E+007   1.4123E+007   7.0998E+006   3.2029E+006   1.3236E+006   5.0583E+005   1.8472E+005   6.4765E+004   2.2329E+004   7.4372E+003   2.4599E+003   8.0146E+002   2.4483E+002
 1620905766.47076750    2.3046   9.5206E+007    2.0100   1.1820E+008   1.1916E+008   1.0815E+008   8.8290E+007   6.4739E+007   4.2838E+007   2.5906E+007   1.4640E+007   7.8139E+006   3.9955E+006   1.9870E+006   9.6853E+005   4.6183E+005   2.1898E+005   1.0286E+005   4.8414E+004   2.2462E+004   1.0443E+004   4.8273E+003   2.1422E+003
 1620905769.30591540    2.3046   9.5206E+007    2.0100   1.1820E+008   1.1916E+008   1.0815E+008   8.8290E+007   6.4739E+007   4.2838E+007   2.5906E+007   1.4640E+007   7.8139E+006   3.9955E+006   1.9870E+006   9.6853E+005   4.6183E+005   2.1898E+005   1.0286E+005   4.8414E+004   2.2462E+004   1.0443E+004   4.8273E+003   2.1422E+003
 1620905772.16178270    2.0015   1.4073E+008    2.0100   2.9268E+008   2.5545E+008   1.9866E+008   1.3999E+008   8.9690E+007   5.2815E+007   2.9045E+007   1.5258E+007   7.7095E+006   3.7879E+006   1.8311E+006   8.7492E+005   4.1139E+005   1.9320E+005   9.0145E+004   4.2239E+004   1.9536E+004   9.0628E+003   4.1833E+003   1.8545E+003
 1620905775.01177740    0.1458   1.4057E+008    2.2600   1.9976E+008   2.0093E+008   1.8100E+008   1.4555E+008   1.0408E+008   6.6387E+007   3.8236E+007   2.0364E+007   1.0147E+007   4.8076E+006   2.2035E+006   9.8594E+005   4.2992E+005   1.8613E+005   7.9689E+004   3.4184E+004   1.4424E+004   6.0990E+003   2.5621E+003   1.0279E+003
 1620905777.86177970    0.1193   1.4049E+008    2.4300   1.6102E+008   1.7178E+008   1.6539E+008   1.4206E+008   1.0793E+008   7.2293E+007   4.3010E+007   2.3225E+007   1.1528E+007   5.3574E+006   2.3790E+006   1.0216E+006   4.2434E+005   1.7417E+005   7.0428E+004   2.8478E+004   1.1297E+004   4.4870E+003   1.7685E+003   6.6311E+002
 1620905780.71177430    0.1131   1.4045E+008    2.5100   1.4799E+008   1.6115E+008   1.5893E+008   1.3992E+008   1.0884E+008   7.4371E+007   4.4858E+007   2.4371E+007   1.2079E+007   5.5657E+006   2.4364E+006   1.0268E+006   4.1703E+005   1.6698E+005   6.5746E+004   2.5860E+004   9.9663E+003   3.8439E+003   1.4703E+003   5.3406E+002
 1620905783.56177660    0.1559   1.9877E+008    2.3100   3.3128E+008   3.2209E+008   2.7883E+008   2.1508E+008   1.4739E+008   9.0187E+007   4.9965E+007   2.5695E+007   1.2406E+007   5.7126E+006   2.5514E+006   1.1146E+006   4.7513E+005   2.0133E+005   8.4418E+004   3.5491E+004   1.4678E+004   6.0852E+003   2.5065E+003   9.8517E+002
 1620905786.41177130    0.5304   1.9902E+008    2.0500   4.5131E+008   3.8389E+008   2.9041E+008   1.9922E+008   1.2437E+008   7.1466E+007   3.8418E+007   1.9765E+007   9.7944E+006   4.7249E+006   2.2446E+006   1.0547E+006   4.8782E+005   2.2545E+005   1.0354E+005   4.7769E+004   2.1750E+004   9.9347E+003   4.5150E+003   1.9692E+003
 1620905789.26177740    2.4018   1.9912E+008    2.0100   4.6674E+008   3.8860E+008   2.8823E+008   1.9470E+008   1.2028E+008   6.8739E+007   3.6931E+007   1.9067E+007   9.5131E+006   4.6320E+006   2.2250E+006   1.0584E+006   4.9615E+005   2.3252E+005   1.0833E+005   5.0712E+004   2.3439E+004   1.0868E+004   5.0150E+003   2.2227E+003
 1620905792.11177970    2.0015   2.0042E+008    2.0100   5.2558E+008   4.1452E+008   2.9170E+008   1.8828E+008   1.1195E+008   6.2046E+007   3.2562E+007   1.6524E+007   8.1426E+006   3.9299E+006   1.8761E+006   8.8869E+005   4.1534E+005   1.9425E+005   9.0379E+004   4.2267E+004   1.9523E+004   9.0484E+003   4.1740E+003   1.8495E+003
 1620905794.96177430    2.0015   2.0042E+008    2.0100   5.2558E+008   4.1452E+008   2.9170E+008   1.8828E+008   1.1195E+008   6.2046E+007   3.2562E+007   1.6524E+007   8.1426E+006   3.9299E+006   1.8761E+006   8.8869E+005   4.1534E+005   1.9425E+005   9.0379E+004   4.2267E+004   1.9523E+004   9.0484E+003   4.1740E+003   1.8495E+003
 1620905797.81178050    2.0015   2.0042E+008    2.0100   5.2558E+008   4.1452E+008   2.9170E+008   1.8828E+008   1.1195E+008   6.2046E+007   3.2562E+007   1.6524E+007   8.1426E+006   3.9299E+006   1.8761E+006   8.8869E+005   4.1534E+005   1.9425E+005   9.0379E+004   4.2267E+004   1.9523E+004   9.0484E+003   4.1740E+003   1.8495E+003
 1620905800.65826750    0.1209   2.0588E+008    2.3700   4.0389E+008   3.7742E+008   3.1218E+008   2.2970E+008   1.5009E+008   8.7700E+007   4.6540E+007   2.3020E+007   1.0729E+007   4.7836E+006   2.0742E+006   8.8148E+005   3.6594E+005   1.5119E+005   6.1854E+004   2.5390E+004   1.0253E+004   4.1517E+003   1.6704E+003   6.4060E+002
 1620905803.49341540    0.1044   2.0579E+008    2.7100   2.9950E+008   3.1023E+008   2.8722E+008   2.3515E+008   1.6855E+008   1.0541E+008   5.8007E+007   2.8769E+007   1.3034E+007   5.5026E+006   2.2129E+006   8.5870E+005   3.2144E+005   1.1884E+005   4.3237E+004   1.5737E+004   5.6084E+003   2.0019E+003   7.0854E+002   2.3723E+002
 1620905806.34928270    0.1037   2.0578E+008    2.7500   2.9062E+008   3.0367E+008   2.8398E+008   2.3485E+008   1.6990E+008   1.0703E+008   5.9155E+007   2.9363E+007   1.3268E+007   5.5692E+006   2.2212E+006   8.5318E+005   3.1563E+005   1.1521E+005   4.1348E+004   1.4840E+004   5.2121E+003   1.8331E+003   6.3913E+002   2.1060E+002
 1620905809.19927740    0.1384   2.8820E+008    2.6300   4.8620E+008   4.8420E+008   4.2833E+008   3.3476E+008   2.2946E+008   1.3804E+008   7.3752E+007   3.5909E+007   1.6143E+007   6.8265E+006   2.7714E+006   1.0921E+006   4.1710E+005   1.5782E+005   5.8901E+004   2.2022E+004   8.0744E+003   2.9669E+003   1.0817E+003   3.7381E+002
 1620905812.04927970    0.1331   2.8816E+008    2.8500   4.1606E+008   4.3513E+008   4.0686E+008   3.3579E+008   2.4171E+008   1.5091E+008   8.2261E+007   4.0084E+007   1.7700E+007   7.2320E+006   2.7994E+006   1.0411E+006   3.7216E+005   1.3113E+005   4.5381E+004   1.5701E+004   5.3110E+003   1.7988E+003   6.0371E+002   1.9109E+002
 1620905814.89927430    0.1213   2.8832E+008    3.0700   4.0304E+008   4.2878E+008   4.0850E+008   3.4292E+008   2.4990E+008   1.5662E+008   8.4700E+007   4.0406E+007   1.7236E+007   6.7216E+006   2.4593E+006   8.5796E+005   2.8583E+005   9.3501E+004   2.9946E+004   9.5747E+003   2.9851E+003   9.3131E+002   2.8759E+002   8.3353E+001
 1620905817.74928050    0.1487   2.8846E+008    2.3200   6.9324E+008   6.0056E+008   4.5850E+008   3.1310E+008   1.9152E+008   1.0604E+008   5.4075E+007   2.6056E+007   1.1966E+007   5.3064E+006   2.3047E+006   9.8614E+005   4.1377E+005   1.7323E+005   7.1949E+004   3.0017E+004   1.2333E+004   5.0843E+003   2.0836E+003   8.1490E+002
