          0.00000000    0.0000   0.0000E+000    0.0000   3.0000E-002   4.4000E-002   6.5000E-002   9.5000E-002   1.3900E-001   2.0400E-001   3.0000E-001   4.4000E-001   6.4600E-001   9.4900E-001   1.3920E+000   2.0400E+000   3.0000E+000   4.4000E+000   6.4600E+000   9.4500E+000   1.3900E+001   2.0400E+001   3.0000E+001   4.5000E+001
 1620880329.04899930    0.0500   2.6123E+007  999.0000   6.6682E+005   9.5528E+005   1.3623E+006   1.8933E+006   2.5729E+006   3.3857E+006   4.2380E+006   4.9143E+006   5.1068E+006   4.5135E+006   3.1511E+006   1.5604E+006   4.6089E+005   6.5354E+004   3.1142E+003   3.2122E+001   3.1015E-002   1.1237E-006   3.1720E-013   2.4326E-023
 1620880331.88414760    0.0500   2.6123E+007  999.0000   6.6682E+005   9.5528E+005   1.3623E+006   1.8933E+006   2.5729E+006   3.3857E+006   4.2380E+006   4.9143E+006   5.1068E+006   4.5135E+006   3.1511E+006   1.5604E+006   4.6089E+005   6.5354E+004   3.1142E+003   3.2122E+001   3.1015E-002   1.1237E-006   3.1720E-013   2.4326E-023
 1620880334.74001430    0.0600   3.2456E+007  999.0000   8.8649E+005   1.2689E+006   1.8074E+006   2.5073E+006   3.3985E+006   4.4549E+006   5.5446E+006   6.3763E+006   6.5457E+006   5.6824E+006   3.8646E+006   1.8420E+006   5.1416E+005   6.7163E+004   2.8384E+003   2.4632E+001   1.8450E-002   4.6442E-007   7.7646E-014   2.7120E-024
 1620880337.59000870    0.0600   3.2456E+007  999.0000   8.8649E+005   1.2689E+006   1.8074E+006   2.5073E+006   3.3985E+006   4.4549E+006   5.5446E+006   6.3763E+006   6.5457E+006   5.6824E+006   3.8646E+006   1.8420E+006   5.1416E+005   6.7163E+004   2.8384E+003   2.4632E+001   1.8450E-002   4.6442E-007   7.7646E-014   2.7120E-024
 1620880340.44001530    0.0600   3.2456E+007  999.0000   8.8649E+005   1.2689E+006   1.8074E+006   2.5073E+006   3.3985E+006   4.4549E+006   5.5446E+006   6.3763E+006   6.5457E+006   5.6824E+006   3.8646E+006   1.8420E+006   5.1416E+005   6.7163E+004   2.8384E+003   2.4632E+001   1.8450E-002   4.6442E-007   7.7646E-014   2.7120E-024
 1620880343.28650240    0.0600   4.5127E+007  999.0000   2.3349E+006   3.3105E+006   4.6485E+006   6.3188E+006   8.3128E+006   1.0427E+007   1.2160E+007   1.2718E+007   1.1356E+007   8.0310E+006   4.0494E+006   1.2471E+006   1.8268E+005   9.3606E+003   1.0081E+002   1.2273E-001   5.1648E-006   2.1251E-012   9.8847E-022   5.3870E-036
 1620880346.12165070    0.0600   4.5127E+007  999.0000   2.3349E+006   3.3105E+006   4.6485E+006   6.3188E+006   8.3128E+006   1.0427E+007   1.2160E+007   1.2718E+007   1.1356E+007   8.0310E+006   4.0494E+006   1.2471E+006   1.8268E+005   9.3606E+003   1.0081E+002   1.2273E-001   5.1648E-006   2.1251E-012   9.8847E-022   5.3870E-036
 1620880348.97751760    0.0600   4.5127E+007  999.0000   2.3349E+006   3.3105E+006   4.6485E+006   6.3188E+006   8.3128E+006   1.0427E+007   1.2160E+007   1.2718E+007   1.1356E+007   8.0310E+006   4.0494E+006   1.2471E+006   1.8268E+005   9.3606E+003   1.0081E+002   1.2273E-001   5.1648E-006   2.1251E-012   9.8847E-022   5.3870E-036
 1620880351.82751230    0.0700   4.1903E+007  999.0000   1.3939E+006   1.9900E+006   2.8234E+006   3.8951E+006   5.2367E+006   6.7824E+006   8.2927E+006   9.2925E+006   9.1827E+006   7.5373E+006   4.7236E+006   1.9980E+006   4.6756E+005   4.7278E+004   1.3740E+003   6.9587E+000   2.3635E-003   1.9164E-008   6.3002E-016   1.9267E-027
 1620880354.67399930    0.0700   4.1903E+007  999.0000   1.3939E+006   1.9900E+006   2.8234E+006   3.8951E+006   5.2367E+006   6.7824E+006   8.2927E+006   9.2925E+006   9.1827E+006   7.5373E+006   4.7236E+006   1.9980E+006   4.6756E+005   4.7278E+004   1.3740E+003   6.9587E+000   2.3635E-003   1.9164E-008   6.3002E-016   1.9267E-027
 1620880357.50914760    0.0700   4.1903E+007  999.0000   1.3939E+006   1.9900E+006   2.8234E+006   3.8951E+006   5.2367E+006   6.7824E+006   8.2927E+006   9.2925E+006   9.1827E+006   7.5373E+006   4.7236E+006   1.9980E+006   4.6756E+005   4.7278E+004   1.3740E+003   6.9587E+000   2.3635E-003   1.9164E-008   6.3002E-016   1.9267E-027
 1620880360.36501840    0.1100   6.0494E+007  999.0000   1.7064E+006   2.4416E+006   3.4754E+006   4.8172E+006   6.5210E+006   8.5320E+006   1.0590E+007   1.2129E+007   1.2377E+007   1.0651E+007   7.1516E+006   3.3456E+006   9.0848E+005   1.1401E+005   4.5442E+003   3.6247E+001   2.3987E-002   5.0557E-007   6.5486E-014   1.5598E-024
 1620880363.21502070    0.1100   6.0494E+007  999.0000   1.7064E+006   2.4416E+006   3.4754E+006   4.8172E+006   6.5210E+006   8.5320E+006   1.0590E+007   1.2129E+007   1.2377E+007   1.0651E+007   7.1516E+006   3.3456E+006   9.0848E+005   1.1401E+005   4.5442E+003   3.6247E+001   2.3987E-002   5.0557E-007   6.5486E-014   1.5598E-024
 1620880366.06501560    0.1700   1.0136E+008  999.0000   3.3457E+006   4.7772E+006   6.7788E+006   9.3541E+006   1.2580E+007   1.6301E+007   1.9946E+007   2.2375E+007   2.2145E+007   1.8219E+007   1.1456E+007   4.8698E+006   1.1479E+006   1.1730E+005   3.4620E+003   1.7927E+001   6.2902E-003   5.3433E-008   1.8780E-015   6.3459E-027
 1620880368.91150240    0.1700   1.0136E+008  999.0000   3.3457E+006   4.7772E+006   6.7788E+006   9.3541E+006   1.2580E+007   1.6301E+007   1.9946E+007   2.2375E+007   2.2145E+007   1.8219E+007   1.1456E+007   4.8698E+006   1.1479E+006   1.1730E+005   3.4620E+003   1.7927E+001   6.2902E-003   5.3433E-008   1.8780E-015   6.3459E-027
 1620880371.74665070    0.1700   1.0136E+008  999.0000   3.3457E+006   4.7772E+006   6.7788E+006   9.3541E+006   1.2580E+007   1.6301E+007   1.9946E+007   2.2375E+007   2.2145E+007   1.8219E+007   1.1456E+007   4.8698E+006   1.1479E+006   1.1730E+005   3.4620E+003   1.7927E+001   6.2902E-003   5.3433E-008   1.8780E-015   6.3459E-027
 1620880374.60251760    0.1900   7.5241E+007  999.0000   1.1169E+006   1.6092E+006   2.3146E+006   3.2561E+006   4.5048E+006   6.0866E+006   7.9217E+006   9.7230E+006   1.0985E+007   1.0978E+007   9.1702E+006   5.9016E+006   2.5675E+006   6.3918E+005   6.9431E+004   2.3474E+003   1.3015E+001   5.8198E-003   6.1779E-008   1.1302E-015
 1620880377.45251250    0.1900   7.5241E+007  999.0000   1.1169E+006   1.6092E+006   2.3146E+006   3.2561E+006   4.5048E+006   6.0866E+006   7.9217E+006   9.7230E+006   1.0985E+007   1.0978E+007   9.1702E+006   5.9016E+006   2.5675E+006   6.3918E+005   6.9431E+004   2.3474E+003   1.3015E+001   5.8198E-003   6.1779E-008   1.1302E-015
 1620880380.29899930    0.1900   7.5241E+007  999.0000   1.1169E+006   1.6092E+006   2.3146E+006   3.2561E+006   4.5048E+006   6.0866E+006   7.9217E+006   9.7230E+006   1.0985E+007   1.0978E+007   9.1702E+006   5.9016E+006   2.5675E+006   6.3918E+005   6.9431E+004   2.3474E+003   1.3015E+001   5.8198E-003   6.1779E-008   1.1302E-015
 1620880383.13414760    0.3000   9.9409E+007  999.0000   1.0397E+006   1.5023E+006   2.1703E+006   3.0722E+006   4.2894E+006   5.8743E+006   7.7993E+006   9.8550E+006   1.1620E+007   1.2366E+007   1.1323E+007   8.3325E+006   4.4201E+006   1.4682E+006   2.4335E+005   1.5139E+004   2.0641E+002   3.3796E-001   2.3559E-005   7.5285E-012
 1620880385.99001840    0.3000   9.9409E+007  999.0000   1.0397E+006   1.5023E+006   2.1703E+006   3.0722E+006   4.2894E+006   5.8743E+006   7.7993E+006   9.8550E+006   1.1620E+007   1.2366E+007   1.1323E+007   8.3325E+006   4.4201E+006   1.4682E+006   2.4335E+005   1.5139E+004   2.0641E+002   3.3796E-001   2.3559E-005   7.5285E-012
 1620880388.84002070    0.3000   9.9409E+007  999.0000   1.0397E+006   1.5023E+006   2.1703E+006   3.0722E+006   4.2894E+006   5.8743E+006   7.7993E+006   9.8550E+006   1.1620E+007   1.2366E+007   1.1323E+007   8.3325E+006   4.4201E+006   1.4682E+006   2.4335E+005   1.5139E+004   2.0641E+002   3.3796E-001   2.3559E-005   7.5285E-012
 1620880391.69001530    0.3800   1.1812E+008  999.0000   1.0893E+006   1.5755E+006   2.2791E+006   3.2326E+006   4.5264E+006   6.2254E+006   8.3180E+006   1.0608E+007   1.2679E+007   1.3764E+007   1.2976E+007   9.9645E+006   5.6295E+006   2.0493E+006   3.8852E+005   2.9345E+004   5.3285E+002   1.3197E+000   1.6787E-004   1.3420E-010
 1620880394.53650240    0.3800   1.1812E+008  999.0000   1.0893E+006   1.5755E+006   2.2791E+006   3.2326E+006   4.5264E+006   6.2254E+006   8.3180E+006   1.0608E+007   1.2679E+007   1.3764E+007   1.2976E+007   9.9645E+006   5.6295E+006   2.0493E+006   3.8852E+005   2.9345E+004   5.3285E+002   1.3197E+000   1.6787E-004   1.3420E-010
 1620880397.37165070    0.3800   1.1812E+008  999.0000   1.0893E+006   1.5755E+006   2.2791E+006   3.2326E+006   4.5264E+006   6.2254E+006   8.3180E+006   1.0608E+007   1.2679E+007   1.3764E+007   1.2976E+007   9.9645E+006   5.6295E+006   2.0493E+006   3.8852E+005   2.9345E+004   5.3285E+002   1.3197E+000   1.6787E-004   1.3420E-010
 1620880400.22751760    0.4500   1.5038E+008  999.0000   1.5993E+006   2.3107E+006   3.3374E+006   4.7231E+006   6.5916E+006   9.0218E+006   1.1968E+007   1.5103E+007   1.7775E+007   1.8864E+007   1.7204E+007   1.2586E+007   6.6190E+006   2.1710E+006   3.5326E+005   2.1399E+004   2.8049E+002   4.3385E-001   2.7846E-005   7.8465E-012
 1620880403.07751230    0.4500   1.5038E+008  999.0000   1.5993E+006   2.3107E+006   3.3374E+006   4.7231E+006   6.5916E+006   9.0218E+006   1.1968E+007   1.5103E+007   1.7775E+007   1.8864E+007   1.7204E+007   1.2586E+007   6.6190E+006   2.1710E+006   3.5326E+005   2.1399E+004   2.8049E+002   4.3385E-001   2.7846E-005   7.8465E-012
 1620880405.92399930    0.4500   1.5038E+008  999.0000   1.5993E+006   2.3107E+006   3.3374E+006   4.7231E+006   6.5916E+006   9.0218E+006   1.1968E+007   1.5103E+007   1.7775E+007   1.8864E+007   1.7204E+007   1.2586E+007   6.6190E+006   2.1710E+006   3.5326E+005   2.1399E+004   2.8049E+002   4.3385E-001   2.7846E-005   7.8465E-012
 1620880408.75914760    0.5100   1.4712E+008  999.0000   1.1709E+006   1.6952E+006   2.4560E+006   3.4911E+006   4.9039E+006   6.7762E+006   9.1166E+006   1.1744E+007   1.4246E+007   1.5806E+007   1.5382E+007   1.2374E+007   7.4877E+006   3.0123E+006   6.6128E+005   6.1728E+004   1.5328E+003   5.9682E+000   1.4661E-003   3.2018E-009
 1620880411.61501430    0.5100   1.4712E+008  999.0000   1.1709E+006   1.6952E+006   2.4560E+006   3.4911E+006   4.9039E+006   6.7762E+006   9.1166E+006   1.1744E+007   1.4246E+007   1.5806E+007   1.5382E+007   1.2374E+007   7.4877E+006   3.0123E+006   6.6128E+005   6.1728E+004   1.5328E+003   5.9682E+000   1.4661E-003   3.2018E-009
 1620880414.46500870    0.5100   1.4712E+008  999.0000   1.1709E+006   1.6952E+006   2.4560E+006   3.4911E+006   4.9039E+006   6.7762E+006   9.1166E+006   1.1744E+007   1.4246E+007   1.5806E+007   1.5382E+007   1.2374E+007   7.4877E+006   3.0123E+006   6.6128E+005   6.1728E+004   1.5328E+003   5.9682E+000   1.4661E-003   3.2018E-009
 1620880417.31149630    0.6700   1.5627E+008  999.0000   8.1750E+005   1.1865E+006   1.7254E+006   2.4656E+006   3.4906E+006   4.8793E+006   6.6773E+006   8.8178E+006   1.1094E+007   1.2988E+007   1.3672E+007   1.2334E+007   8.8442E+006   4.5547E+006   1.4365E+006   2.2637E+005   1.2196E+004   1.4572E+002   1.8345E-001   4.8934E-006
 1620880420.14664360    0.6700   1.5627E+008  999.0000   8.1750E+005   1.1865E+006   1.7254E+006   2.4656E+006   3.4906E+006   4.8793E+006   6.6773E+006   8.8178E+006   1.1094E+007   1.2988E+007   1.3672E+007   1.2334E+007   8.8442E+006   4.5547E+006   1.4365E+006   2.2637E+005   1.2196E+004   1.4572E+002   1.8345E-001   4.8934E-006
 1620880423.00251530    0.6700   1.5627E+008  999.0000   8.1750E+005   1.1865E+006   1.7254E+006   2.4656E+006   3.4906E+006   4.8793E+006   6.6773E+006   8.8178E+006   1.1094E+007   1.2988E+007   1.3672E+007   1.2334E+007   8.8442E+006   4.5547E+006   1.4365E+006   2.2637E+005   1.2196E+004   1.4572E+002   1.8345E-001   4.8934E-006
 1620880425.85251760    0.8400   1.6984E+008  999.0000   6.6965E+005   9.7325E+005   1.4183E+006   2.0328E+006   2.8905E+006   4.0668E+006   5.6189E+006   7.5246E+006   9.6638E+006   1.1660E+007   1.2828E+007   1.2344E+007   9.7381E+006   5.7630E+006   2.2289E+006   4.7184E+005   3.9351E+004   8.8584E+002   2.8130E+000   3.1091E-004
 1620880428.70251250    0.8400   1.6984E+008  999.0000   6.6965E+005   9.7325E+005   1.4183E+006   2.0328E+006   2.8905E+006   4.0668E+006   5.6189E+006   7.5246E+006   9.6638E+006   1.1660E+007   1.2828E+007   1.2344E+007   9.7381E+006   5.7630E+006   2.2289E+006   4.7184E+005   3.9351E+004   8.8584E+002   2.8130E+000   3.1091E-004
 1620880431.54899930    0.8400   1.6984E+008  999.0000   6.6965E+005   9.7325E+005   1.4183E+006   2.0328E+006   2.8905E+006   4.0668E+006   5.6189E+006   7.5246E+006   9.6638E+006   1.1660E+007   1.2828E+007   1.2344E+007   9.7381E+006   5.7630E+006   2.2289E+006   4.7184E+005   3.9351E+004   8.8584E+002   2.8130E+000   3.1091E-004
 1620880434.38414760    1.1800   2.1574E+008  999.0000   6.9684E+005   1.0137E+006   1.4791E+006   2.1240E+006   3.0284E+006   4.2780E+006   5.9462E+006   8.0325E+006   1.0449E+007   1.2847E+007   1.4528E+007   1.4555E+007   1.2186E+007   7.8649E+006   3.4549E+006   8.7930E+005   9.6343E+004   3.2224E+003   1.8260E+001   4.9217E-003
 1620880437.24001430    1.1800   2.1574E+008  999.0000   6.9684E+005   1.0137E+006   1.4791E+006   2.1240E+006   3.0284E+006   4.2780E+006   5.9462E+006   8.0325E+006   1.0449E+007   1.2847E+007   1.4528E+007   1.4555E+007   1.2186E+007   7.8649E+006   3.4549E+006   8.7930E+005   9.6343E+004   3.2224E+003   1.8260E+001   4.9217E-003
 1620880440.09000870    1.4060   2.4817E+008    8.6000   1.1099E+006   1.6093E+006   2.3368E+006   3.3326E+006   4.7044E+006   6.5499E+006   8.9156E+006   1.1695E+007   1.4603E+007   1.6988E+007   1.7891E+007   1.6472E+007   1.2649E+007   7.7327E+006   3.5662E+006   1.2048E+006   2.8269E+005   4.7158E+004   5.6138E+003   4.3998E+002
 1620880442.93649600    1.4058   2.4817E+008    8.6600   1.1066E+006   1.6045E+006   2.3300E+006   3.3231E+006   4.6915E+006   6.5328E+006   8.8940E+006   1.1670E+007   1.4577E+007   1.6966E+007   1.7880E+007   1.6473E+007   1.2659E+007   7.7426E+006   3.5703E+006   1.2046E+006   2.8175E+005   4.6739E+004   5.5169E+003   4.2721E+002
 1620880445.77164360    1.4000   2.4807E+008  999.0000   7.5303E+005   1.0957E+006   1.5994E+006   2.2980E+006   3.2791E+006   4.6376E+006   6.4572E+006   8.7449E+006   1.1418E+007   1.4116E+007   1.6092E+007   1.6311E+007   1.3895E+007   9.1975E+006   4.1929E+006   1.1260E+006   1.3358E+005   5.0149E+003   3.3648E+001   1.1766E-002
 1620880448.62751530    1.7700   2.9471E+008  999.0000   7.9069E+005   1.1510E+006   1.6814E+006   2.4183E+006   3.4560E+006   4.8987E+006   6.8432E+006   9.3124E+006   1.2246E+007   1.5298E+007   1.7706E+007   1.8350E+007   1.6156E+007   1.1218E+007   5.4871E+006   1.6315E+006   2.2511E+005   1.0522E+004   9.7320E+001   5.5819E-002
 1620880451.47751760    1.7700   2.9471E+008  999.0000   7.9069E+005   1.1510E+006   1.6814E+006   2.4183E+006   3.4560E+006   4.8987E+006   6.8432E+006   9.3124E+006   1.2246E+007   1.5298E+007   1.7706E+007   1.8350E+007   1.6156E+007   1.1218E+007   5.4871E+006   1.6315E+006   2.2511E+005   1.0522E+004   9.7320E+001   5.5819E-002
 1620880454.32751230    1.7772   2.9483E+008    9.4600   1.1189E+006   1.6240E+006   2.3620E+006   3.3762E+006   4.7819E+006   6.6900E+006   9.1705E+006   1.2150E+007   1.5387E+007   1.8254E+007   1.9741E+007   1.8812E+007   1.5080E+007   9.6805E+006   4.6928E+006   1.6518E+006   3.9558E+005   6.5087E+004   7.3086E+003   5.1074E+002
 1620880457.17399930    2.3400   3.4020E+008  999.0000   6.9733E+005   1.0161E+006   1.4864E+006   2.1422E+006   3.0705E+006   4.3716E+006   6.1468E+006   8.4446E+006   1.1261E+007   1.4359E+007   1.7126E+007   1.8546E+007   1.7425E+007   1.3301E+007   7.4762E+006   2.7187E+006   5.0560E+005   3.6463E+004   6.3662E+002   9.7369E-001
 1620880460.00914760    2.3400   3.4020E+008  999.0000   6.9733E+005   1.0161E+006   1.4864E+006   2.1422E+006   3.0705E+006   4.3716E+006   6.1468E+006   8.4446E+006   1.1261E+007   1.4359E+007   1.7126E+007   1.8546E+007   1.7425E+007   1.3301E+007   7.4762E+006   2.7187E+006   5.0560E+005   3.6463E+004   6.3662E+002   9.7369E-001
 1620880462.86501840    2.3400   3.4020E+008  999.0000   6.9733E+005   1.0161E+006   1.4864E+006   2.1422E+006   3.0705E+006   4.3716E+006   6.1468E+006   8.4446E+006   1.1261E+007   1.4359E+007   1.7126E+007   1.8546E+007   1.7425E+007   1.3301E+007   7.4762E+006   2.7187E+006   5.0560E+005   3.6463E+004   6.3662E+002   9.7369E-001
 1620880465.71502070    2.3400   3.6480E+008  999.0000   8.5892E+005   1.2509E+006   1.8286E+006   2.6327E+006   3.7681E+006   5.3530E+006   7.5024E+006   1.0258E+007   1.3584E+007   1.7146E+007   2.0146E+007   2.1345E+007   1.9416E+007   1.4139E+007   7.4156E+006   2.4395E+006   3.9100E+005   2.2721E+004   2.8905E+002   2.7114E-001
 1620880468.56149630    2.3400   3.6480E+008  999.0000   8.5892E+005   1.2509E+006   1.8286E+006   2.6327E+006   3.7681E+006   5.3530E+006   7.5024E+006   1.0258E+007   1.3584E+007   1.7146E+007   2.0146E+007   2.1345E+007   1.9416E+007   1.4139E+007   7.4156E+006   2.4395E+006   3.9100E+005   2.2721E+004   2.8905E+002   2.7114E-001
 1620880471.39664360    2.3502   3.6497E+008   10.3000   1.1759E+006   1.7084E+006   2.4882E+006   3.5638E+006   5.0623E+006   7.1127E+006   9.8107E+006   1.3114E+007   1.6819E+007   2.0312E+007   2.2508E+007   2.2153E+007   1.8514E+007   1.2490E+007   6.3940E+006   2.3691E+006   5.8938E+005   9.7986E+004   1.0684E+004   6.8766E+002
 1620880474.25251130    2.8000   3.9862E+008  999.0000   7.8374E+005   1.1421E+006   1.6711E+006   2.4091E+006   3.4547E+006   4.9216E+006   6.9266E+006   9.5288E+006   1.2732E+007   1.6283E+007   1.9504E+007   2.1254E+007   2.0155E+007   1.5595E+007   8.9418E+006   3.3467E+006   6.4954E+005   4.9844E+004   9.5315E+002   1.6779E+000
 1620880477.10250570    2.6364   3.6805E+008   16.9000   8.3767E+005   1.2194E+006   1.7812E+006   2.5617E+006   3.6609E+006   5.1893E+006   7.2504E+006   9.8714E+006   1.2997E+007   1.6286E+007   1.8980E+007   1.9974E+007   1.8182E+007   1.3547E+007   7.6760E+006   3.0674E+006   7.6681E+005   1.1181E+005   8.6607E+003   2.8881E+002
 1620880479.94899700    2.6532   3.6833E+008    9.5000   9.8071E+005   1.4259E+006   2.0792E+006   2.9828E+006   4.2472E+006   5.9884E+006   8.3027E+006   1.1181E+007   1.4498E+007   1.7786E+007   2.0156E+007   2.0479E+007   1.7900E+007   1.2840E+007   7.1383E+006   2.9422E+006   8.3880E+005   1.6446E+005   2.1786E+004   1.7696E+003
 1620880482.78415270    2.8838   4.2772E+008   10.8400   1.2355E+006   1.7960E+006   2.6180E+006   3.7543E+006   5.3423E+006   7.5255E+006   1.0419E+007   1.4003E+007   1.8100E+007   2.2100E+007   2.4862E+007   2.4975E+007   2.1440E+007   1.4950E+007   7.9495E+006   3.0617E+006   7.8772E+005   1.3350E+005   1.4502E+004   9.0023E+002
 1620880485.64001250    2.8700   4.2748E+008  999.0000   9.1939E+005   1.3394E+006   1.9589E+006   2.8222E+006   4.0433E+006   5.7522E+006   8.0792E+006   1.1082E+007   1.4742E+007   1.8734E+007   2.2230E+007   2.3896E+007   2.2206E+007   1.6682E+007   9.1593E+006   3.2195E+006   5.6930E+005   3.8158E+004   5.9841E+002   7.7539E-001
 1620880488.49141050    2.8831   4.2771E+008   11.0000   1.2298E+006   1.7878E+006   2.6062E+006   3.7377E+006   5.3193E+006   7.4944E+006   1.0379E+007   1.3953E+007   1.8044E+007   2.2046E+007   2.4823E+007   2.4963E+007   2.1455E+007   1.4976E+007   7.9660E+006   3.0641E+006   7.8497E+005   1.3186E+005   1.4107E+004   8.5518E+002
 1620880491.34068230    2.8446   4.2260E+008   10.4800   1.2393E+006   1.8014E+006   2.6255E+006   3.7641E+006   5.3545E+006   7.5390E+006   1.0431E+007   1.4004E+007   1.8075E+007   2.2026E+007   2.4715E+007   2.4747E+007   2.1163E+007   1.4701E+007   7.7975E+006   3.0060E+006   7.7941E+005   1.3453E+005   1.5097E+004   9.8760E+002
 1620880494.17165330    2.8371   4.2247E+008   13.8600   1.1432E+006   1.6628E+006   2.4258E+006   3.4826E+006   4.9640E+006   7.0094E+006   9.7386E+006   1.3153E+007   1.7118E+007   2.1099E+007   2.4031E+007   2.4512E+007   2.1406E+007   1.5149E+007   8.0916E+006   3.0529E+006   7.3311E+005   1.0743E+005   9.0594E+003   3.7427E+002
 1620880497.02752070    2.8000   3.8490E+008  999.0000   7.0589E+005   1.0289E+006   1.5060E+006   2.1720E+006   3.1169E+006   4.4449E+006   6.2652E+006   8.6379E+006   1.1579E+007   1.4879E+007   1.7947E+007   1.9758E+007   1.9021E+007   1.5045E+007   8.9094E+006   3.4942E+006   7.2687E+005   6.1695E+004   1.3677E+003   3.0258E+000
 1620880499.87751530    2.8000   3.8490E+008  999.0000   7.0589E+005   1.0289E+006   1.5060E+006   2.1720E+006   3.1169E+006   4.4449E+006   6.2652E+006   8.6379E+006   1.1579E+007   1.4879E+007   1.7947E+007   1.9758E+007   1.9021E+007   1.5045E+007   8.9094E+006   3.4942E+006   7.2687E+005   6.1695E+004   1.3677E+003   3.0258E+000
 1620880502.72751760    2.8061   3.8501E+008   19.0800   8.2745E+005   1.2049E+006   1.7607E+006   2.5338E+006   3.6243E+006   5.1441E+006   7.2009E+006   9.8308E+006   1.2995E+007   1.6374E+007   1.9230E+007   2.0449E+007   1.8870E+007   1.4294E+007   8.2439E+006   3.3422E+006   8.3758E+005   1.1920E+005   8.5940E+003   2.4628E+002
 1620880505.57399700    2.6893   3.7355E+008   14.4400   8.7166E+005   1.2686E+006   1.8525E+006   2.6631E+006   3.8034E+006   5.3862E+006   7.5154E+006   1.0213E+007   1.3410E+007   1.6741E+007   1.9415E+007   2.0308E+007   1.8360E+007   1.3600E+007   7.6976E+006   3.1104E+006   8.0640E+005   1.2737E+005   1.1431E+004   4.9044E+002
 1620880508.40915270    2.6960   3.7367E+008   11.3600   9.2900E+005   1.3514E+006   1.9720E+006   2.8321E+006   4.0389E+006   5.7076E+006   7.9393E+006   1.0742E+007   1.4018E+007   1.7353E+007   1.9900E+007   2.0521E+007   1.8250E+007   1.3310E+007   7.4741E+006   3.0577E+006   8.3652E+005   1.4931E+005   1.6749E+004   1.0420E+003
 1620880511.26501230    2.6883   3.7354E+008   15.1600   8.6221E+005   1.2549E+006   1.8328E+006   2.6352E+006   3.7644E+006   5.3330E+006   7.4449E+006   1.0124E+007   1.3308E+007   1.6637E+007   1.9332E+007   2.0269E+007   1.8377E+007   1.3650E+007   7.7370E+006   3.1194E+006   8.0072E+005   1.2355E+005   1.0611E+004   4.2203E+002
 1620880514.11501430    2.7480   4.0452E+008   13.4800   1.0777E+006   1.5675E+006   2.2869E+006   3.2835E+006   4.6807E+006   6.6107E+006   9.1873E+006   1.2413E+007   1.6166E+007   1.9945E+007   2.2750E+007   2.3258E+007   2.0383E+007   1.4505E+007   7.8155E+006   2.9887E+006   7.3287E+005   1.1076E+005   9.7583E+003   4.2905E+002
 1620880516.96149350    2.7499   4.0455E+008   12.2200   1.1065E+006   1.6090E+006   2.3468E+006   3.3680E+006   4.7982E+006   6.7704E+006   9.3966E+006   1.2672E+007   1.6459E+007   2.0233E+007   2.2967E+007   2.3339E+007   2.0313E+007   1.4366E+007   7.7204E+006   2.9722E+006   7.4741E+005   1.1936E+005   1.1601E+004   5.9910E+002
 1620880519.79664950    2.7607   4.0472E+008    9.2600   1.2133E+006   1.7631E+006   2.5686E+006   3.6805E+006   5.2313E+006   7.3568E+006   1.0161E+007   1.3610E+007   1.7509E+007   2.1243E+007   2.3705E+007   2.3586E+007   2.0050E+007   1.3887E+007   7.4050E+006   2.9162E+006   7.9409E+005   1.4970E+005   1.9301E+004   1.5522E+003
 1620880522.65250870    2.4370   4.0230E+008   10.7600   1.4402E+006   2.0914E+006   3.0441E+006   4.3557E+006   6.1783E+006   8.6625E+006   1.1912E+007   1.5851E+007   2.0199E+007   2.4166E+007   2.6422E+007   2.5518E+007   2.0764E+007   1.3508E+007   6.5852E+006   2.2912E+006   5.2607E+005   7.9394E+004   7.7264E+003   4.3426E+002
 1620880525.50251530    2.4439   4.0242E+008    8.5600   1.5721E+006   2.2812E+006   3.3162E+006   4.7369E+006   6.7023E+006   9.3633E+006   1.2809E+007   1.6921E+007   2.1345E+007   2.5191E+007   2.7064E+007   2.5598E+007   2.0373E+007   1.3028E+007   6.3432E+006   2.2778E+006   5.7088E+005   1.0167E+005   1.2876E+004   1.0694E+003
 1620880528.34900240    2.4343   4.0226E+008   12.6400   1.3715E+006   1.9925E+006   2.9019E+006   4.1561E+006   5.9031E+006   8.2927E+006   1.1435E+007   1.5277E+007   1.9575E+007   2.3595E+007   2.6048E+007   2.5454E+007   2.0977E+007   1.3786E+007   6.7276E+006   2.2962E+006   4.9828E+005   6.7238E+004   5.4307E+003   2.2874E+002
 1620880531.18415070    2.2736   3.9103E+008   12.2000   1.4579E+006   2.1171E+006   3.0811E+006   4.4083E+006   6.2520E+006   8.7636E+006   1.2046E+007   1.6020E+007   2.0392E+007   2.4351E+007   2.6536E+007   2.5476E+007   2.0505E+007   1.3082E+007   6.1637E+006   2.0260E+006   4.2413E+005   5.5748E+004   4.4618E+003   1.9099E+002
 1620880534.04001760    2.2765   3.9107E+008   10.1200   1.5487E+006   2.2476E+006   3.2684E+006   4.6706E+006   6.6126E+006   9.2460E+006   1.2663E+007   1.6756E+007   2.1178E+007   2.5050E+007   2.6965E+007   2.5511E+007   2.0216E+007   1.2747E+007   6.0090E+006   2.0283E+006   4.5660E+005   6.8979E+004   6.9199E+003   4.1702E+002
 1620880536.89001250    2.2737   3.9103E+008   12.0600   1.4629E+006   2.1243E+006   3.0915E+006   4.4227E+006   6.2719E+006   8.7904E+006   1.2080E+007   1.6061E+007   2.0436E+007   2.4391E+007   2.6561E+007   2.5479E+007   2.0489E+007   1.3063E+007   6.1546E+006   2.0260E+006   4.2596E+005   5.6459E+004   4.5820E+003   2.0040E+002
 1620880539.74001430    1.8834   3.6467E+008    9.7200   1.8578E+006   2.6923E+006   3.9062E+006   5.5643E+006   7.8414E+006   1.0890E+007   1.4767E+007   1.9265E+007   2.3861E+007   2.7427E+007   2.8381E+007   2.5463E+007   1.8819E+007   1.0887E+007   4.6396E+006   1.4061E+006   2.8453E+005   3.9264E+004   3.6954E+003   2.1617E+002
 1620880542.58649350    1.8848   3.6469E+008    8.8600   1.9289E+006   2.7942E+006   4.0516E+006   5.7664E+006   8.1161E+006   1.1251E+007   1.5218E+007   1.9781E+007   2.4380E+007   2.7840E+007   2.8575E+007   2.5398E+007   1.8602E+007   1.0704E+007   4.5793E+006   1.4171E+006   3.0082E+005   4.5081E+004   4.7997E+003   3.3420E+002
 1620880545.42164950    1.8846   3.6469E+008    8.9400   1.9217E+006   2.7837E+006   4.0367E+006   5.7457E+006   8.0880E+006   1.1214E+007   1.5172E+007   1.9729E+007   2.4328E+007   2.7799E+007   2.8556E+007   2.5406E+007   1.8624E+007   1.0722E+007   4.5852E+006   1.4160E+006   2.9916E+005   4.4473E+004   4.6790E+003   3.2042E+002
 1620880548.27750870    1.5628   3.8916E+008    7.4600   3.6861E+006   5.3140E+006   7.6506E+006   1.0779E+007   1.4950E+007   2.0287E+007   2.6606E+007   3.3113E+007   3.8396E+007   4.0326E+007   3.7050E+007   2.8606E+007   1.7656E+007   8.4060E+006   2.9730E+006   7.8245E+005   1.4921E+005   2.1821E+004   2.4960E+003   2.0817E+002
 1620880551.12399600    1.5648   3.8919E+008    6.6000   3.9638E+006   5.7080E+006   8.2045E+006   1.1533E+007   1.5943E+007   2.1532E+007   2.8053E+007   3.4600E+007   3.9644E+007   4.1015E+007   3.7037E+007   2.8107E+007   1.7130E+007   8.1533E+006   2.9473E+006   8.1812E+005   1.7137E+005   2.8723E+004   3.9297E+003   4.1175E+002
 1620880553.95914360    1.1862   3.3297E+008    5.5200   4.9287E+006   7.0637E+006   1.0081E+007   1.4030E+007   1.9117E+007   2.5292E+007   3.2004E+007   3.7929E+007   4.1194E+007   3.9781E+007   3.3049E+007   2.2847E+007   1.2676E+007   5.5867E+006   1.9368E+006   5.4337E+005   1.2268E+005   2.3689E+004   3.9786E+003   5.4799E+002
 1620880556.81501530    1.1824   3.3291E+008    6.5600   4.3400E+006   6.2344E+006   8.9281E+006   1.2485E+007   1.7129E+007   2.2883E+007   2.9350E+007   3.5416E+007   3.9367E+007   3.9096E+007   3.3478E+007   2.3783E+007   1.3399E+007   5.8510E+006   1.9356E+006   4.9440E+005   9.6187E+004   1.5193E+004   1.9882E+003   2.0185E+002
 1620880559.66501760    1.1831   3.3292E+008    6.2600   4.4794E+006   6.4311E+006   9.2022E+006   1.2853E+007   1.7605E+007   2.3464E+007   2.9996E+007   3.6037E+007   3.9829E+007   3.9281E+007   3.3380E+007   2.3549E+007   1.3214E+007   5.7833E+006   1.9369E+006   5.0736E+005   1.0281E+005   1.7169E+004   2.4094E+003   2.6663E+002
 1620880562.51501230    1.0717   3.3687E+008    6.3800   5.5503E+006   7.9509E+006   1.1339E+007   1.5765E+007   2.1449E+007   2.8309E+007   3.5689E+007   4.2049E+007   4.5242E+007   4.3033E+007   3.4896E+007   2.3226E+007   1.2155E+007   4.9224E+006   1.5179E+006   3.6617E+005   6.8449E+004   1.0604E+004   1.3878E+003   1.4357E+002
 1620880565.36149930    1.0711   3.3687E+008    6.8600   5.2958E+006   7.5932E+006   1.0844E+007   1.5105E+007   2.0606E+007   2.7301E+007   3.4601E+007   4.1057E+007   4.4575E+007   4.2859E+007   3.5154E+007   2.3626E+007   1.2415E+007   4.9917E+006   1.5026E+006   3.4640E+005   6.0360E+004   8.5132E+003   9.9225E+002   8.9118E+001
 1620880568.19664760    1.0808   3.3701E+008    4.6300   7.3239E+006   1.0429E+007   1.4743E+007   2.0247E+007   2.7072E+007   3.4870E+007   4.2516E+007   4.7956E+007   4.8858E+007   4.3633E+007   3.3191E+007   2.0987E+007   1.0778E+007   4.5296E+006   1.5655E+006   4.6205E+005   1.1629E+005   2.6389E+004   5.4580E+003   9.7358E+002
 1620880571.05251430    0.8548   2.8189E+008    3.7200   9.4310E+006   1.3294E+007   1.8515E+007   2.4907E+007   3.2353E+007   4.0038E+007   4.6264E+007   4.8738E+007   4.5706E+007   3.7202E+007   2.5807E+007   1.5109E+007   7.4154E+006   3.1237E+006   1.1451E+006   3.7947E+005   1.1338E+005   3.1942E+004   8.5182E+003   2.0453E+003
 1620880573.90250870    1.1227   3.0296E+008    2.7100   1.7408E+007   2.4032E+007   3.2480E+007   4.1954E+007   5.1579E+007   5.9366E+007   6.2631E+007   5.9362E+007   4.9716E+007   3.6393E+007   2.3308E+007   1.3174E+007   6.6223E+006   3.0504E+006   1.3040E+006   5.3227E+005   2.0594E+005   7.7824E+004   2.8661E+004   9.8730E+003
 1620880576.75251530    1.0709   3.0267E+008    2.8500   1.5326E+007   2.1270E+007   2.8964E+007   3.7794E+007   4.7099E+007   5.5168E+007   5.9468E+007   5.7751E+007   4.9599E+007   3.7148E+007   2.4200E+007   1.3791E+007   6.9178E+006   3.1460E+006   1.3149E+006   5.2070E+005   1.9411E+005   7.0346E+004   2.4751E+004   8.1044E+003
 1620880579.59900240    0.6722   2.6877E+008    5.0400   8.6050E+006   1.2185E+007   1.7085E+007   2.3191E+007   3.0497E+007   3.8358E+007   4.5226E+007   4.8729E+007   4.6682E+007   3.8484E+007   2.6500E+007   1.4881E+007   6.6643E+006   2.4135E+006   7.1254E+005   1.7914E+005   3.8262E+004   7.3758E+003   1.2960E+003   1.9498E+002
 1620880582.43415070    0.6717   2.6876E+008    5.2400   8.2962E+006   1.1760E+007   1.6513E+007   2.2462E+007   2.9624E+007   3.7409E+007   4.4344E+007   4.8103E+007   4.6455E+007   3.8627E+007   2.6803E+007   1.5117E+007   6.7595E+006   2.4231E+006   7.0078E+005   1.7078E+005   3.4980E+004   6.4113E+003   1.0632E+003   1.4962E+002
 1620880585.29001760    0.6709   2.6875E+008    5.6800   7.7414E+006   1.0994E+007   1.5480E+007   2.1138E+007   2.8027E+007   3.5655E+007   4.2689E+007   4.6899E+007   4.5988E+007   3.8875E+007   2.7379E+007   1.5579E+007   6.9452E+006   2.4389E+006   6.7602E+005   1.5434E+005   2.8925E+004   4.7581E+003   6.9630E+002   8.4763E+001
 1620880588.14001250    0.5622   2.5577E+008    4.6500   1.1437E+007   1.6074E+007   2.2288E+007   2.9791E+007   3.8333E+007   4.6774E+007   5.2925E+007   5.4066E+007   4.8468E+007   3.6973E+007   2.3433E+007   1.2151E+007   5.0913E+006   1.7669E+006   5.1501E+005   1.3193E+005   2.9594E+004   6.1457E+003   1.1881E+003   2.0100E+002
 1620880590.98649930    0.5623   2.5578E+008    4.6200   1.1518E+007   1.6184E+007   2.2433E+007   2.9970E+007   3.8538E+007   4.6982E+007   5.3098E+007   5.4165E+007   4.8479E+007   3.6922E+007   2.3372E+007   1.2114E+007   5.0796E+006   1.7669E+006   5.1711E+005   1.3321E+005   3.0096E+004   6.3018E+003   1.2295E+003   2.1020E+002
 1620880593.82164760    0.5678   2.5585E+008    3.8800   1.4410E+007   2.0083E+007   2.7509E+007   3.6165E+007   4.5484E+007   5.3823E+007   5.8545E+007   5.7051E+007   4.8548E+007   3.5222E+007   2.1500E+007   1.1006E+007   4.7202E+006   1.7506E+006   5.7058E+005   1.7018E+005   4.6185E+004   1.1931E+004   2.9369E+003   6.5200E+002
 1620880596.67751840    0.5000   2.4730E+008  999.0000   5.6723E+006   8.1363E+006   1.1625E+007   1.6199E+007   2.2101E+007   2.9253E+007   3.6933E+007   4.3366E+007   4.5902E+007   4.1683E+007   3.0274E+007   1.5882E+007   5.1086E+006   8.1994E+005   4.6836E+004   6.2715E+002   8.8880E-001   5.5862E-005   3.4855E-011   8.8120E-021
 1620880599.52752070    0.5019   2.4732E+008    4.5700   1.3139E+007   1.8388E+007   2.5340E+007   3.3582E+007   4.2696E+007   5.1238E+007   5.6690E+007   5.6264E+007   4.8670E+007   3.5617E+007   2.1590E+007   1.0714E+007   4.3153E+006   1.4520E+006   4.1457E+005   1.0514E+005   2.3576E+004   4.9342E+003   9.6753E+002   1.6703E+002
 1620880602.37751530    0.5051   2.4737E+008    3.9700   1.5715E+007   2.1841E+007   2.9794E+007   3.8945E+007   4.8588E+007   5.6860E+007   6.0924E+007   5.8222E+007   4.8346E+007   3.4059E+007   2.0107E+007   9.9254E+006   4.0965E+006   1.4616E+006   4.5833E+005   1.3165E+005   3.4412E+004   8.5701E+003   2.0345E+003   4.3499E+002
 1620880605.22400240    0.4593   2.4814E+008    2.9300   3.7502E+007   4.9977E+007   6.4217E+007   7.7533E+007   8.7085E+007   8.9107E+007   8.1196E+007   6.4857E+007   4.4901E+007   2.6925E+007   1.4166E+007   6.6523E+006   2.8187E+006   1.1149E+006   4.1576E+005   1.5024E+005   5.1929E+004   1.7684E+004   5.9008E+003   1.8408E+003
 1620880608.05915070    0.4806   2.4829E+008    2.7300   4.5051E+007   5.9236E+007   7.4710E+007   8.8081E+007   9.6020E+007   9.4820E+007   8.3103E+007   6.3914E+007   4.2854E+007   2.5160E+007   1.3150E+007   6.2308E+006   2.7049E+006   1.1105E+006   4.3446E+005   1.6597E+005   6.1070E+004   2.2229E+004   7.9556E+003   2.6778E+003
 1620880610.91501760    0.4824   2.4831E+008    2.7200   4.5469E+007   5.9741E+007   7.5270E+007   8.8627E+007   9.6463E+007   9.5081E+007   8.3167E+007   6.3845E+007   4.2743E+007   2.5072E+007   1.3102E+007   6.2124E+006   2.7007E+006   1.1110E+006   4.3575E+005   1.6695E+005   6.1624E+004   2.2506E+004   8.0834E+003   2.7313E+003
 1620880613.76501230    0.3853   2.5444E+008    2.6200   8.4408E+007   1.0617E+008   1.2602E+008   1.3763E+008   1.3650E+008   1.2061E+008   9.3591E+007   6.3730E+007   3.8173E+007   2.0376E+007   9.9063E+006   4.4704E+006   1.8880E+006   7.6801E+005   3.0201E+005   1.1720E+005   4.4164E+004   1.6554E+004   6.1267E+003   2.1426E+003
 1620880616.61149930    0.3871   2.5445E+008    2.6100   8.5289E+007   1.0715E+008   1.2699E+008   1.3844E+008   1.3700E+008   1.2077E+008   9.3502E+007   6.3552E+007   3.8020E+007   2.0286E+007   9.8673E+006   4.4582E+006   1.8865E+006   7.6926E+005   3.0336E+005   1.1809E+005   4.4650E+004   1.6795E+004   6.2384E+003   2.1902E+003
 1620880619.44664760    0.3665   2.5433E+008    2.8000   6.9742E+007   8.9452E+007   1.0899E+008   1.2291E+008   1.2661E+008   1.1666E+008   9.4393E+007   6.6636E+007   4.0952E+007   2.2118E+007   1.0715E+007   4.7486E+006   1.9442E+006   7.5896E+005   2.8412E+005   1.0441E+005   3.7067E+004   1.3055E+004   4.5289E+003   1.4773E+003
 1620880622.30251430    0.2719   2.0466E+008    2.7300   7.0815E+007   8.9060E+007   1.0565E+008   1.1525E+008   1.1401E+008   1.0027E+008   7.7196E+007   5.1948E+007   3.0605E+007   1.5990E+007   7.5748E+006   3.3177E+006   1.3551E+006   5.3191E+005   2.0143E+005   7.5204E+004   2.7222E+004   9.7970E+003   3.4789E+003   1.1644E+003
 1620880625.15250870    0.2555   2.0454E+008    3.2300   4.7323E+007   6.1889E+007   7.7416E+007   9.0184E+007   9.6576E+007   9.2881E+007   7.8344E+007   5.7137E+007   3.5675E+007   1.9119E+007   8.9463E+006   3.7278E+006   1.3993E+006   4.9095E+005   1.6249E+005   5.2222E+004   1.6039E+004   4.8601E+003   1.4428E+003   3.9819E+002
 1620880628.00039220    0.2545   2.0453E+008    3.3000   4.5390E+007   5.9570E+007   7.4879E+007   8.7770E+007   9.4717E+007   9.1920E+007   7.8287E+007   5.7611E+007   3.6219E+007   1.9475E+007   9.1018E+006   3.7696E+006   1.3997E+006   4.8389E+005   1.5728E+005   4.9528E+004   1.4873E+004   4.4007E+003   1.2744E+003   3.4239E+002
 1620880630.83833270    0.2520   1.9326E+008    2.9300   5.3993E+007   6.9366E+007   8.4685E+007   9.5694E+007   9.8740E+007   9.1021E+007   7.3490E+007   5.1565E+007   3.1330E+007   1.6625E+007   7.8636E+006   3.3828E+006   1.3372E+006   5.0210E+005   1.8021E+005   6.3373E+004   2.1481E+004   7.2168E+003   2.3855E+003   7.3914E+002
 1620880633.69001530    0.2421   2.0019E+008    3.6100   3.9080E+007   5.1856E+007   6.6182E+007   7.9099E+007   8.7466E+007   8.7358E+007   7.6726E+007   5.8082E+007   3.7272E+007   2.0182E+007   9.3303E+006   3.7486E+006   1.3241E+006   4.2826E+005   1.2842E+005   3.6937E+004   1.0037E+004   2.6730E+003   6.9337E+002   1.6541E+002
 1620880636.54001760    0.2419   2.0019E+008    3.6400   3.8558E+007   5.1215E+007   6.5458E+007   7.8379E+007   8.6873E+007   8.7014E+007   7.6665E+007   5.8213E+007   3.7449E+007   2.0304E+007   9.3834E+006   3.7614E+006   1.3230E+006   4.2539E+005   1.2662E+005   3.6112E+004   9.7200E+003   2.5629E+003   6.5784E+002   1.5515E+002
 1620880639.39001250    0.2208   2.1539E+008    3.8300   5.1094E+007   6.7223E+007   8.4750E+007   9.9626E+007   1.0770E+008   1.0438E+008   8.8182E+007   6.3650E+007   3.8600E+007   1.9597E+007   8.4435E+006   3.1474E+006   1.0274E+006   3.0663E+005   8.4706E+004   2.2444E+004   5.6079E+003   1.3736E+003   3.2747E+002   7.1477E+001
 1620880642.23649930    0.2273   2.1546E+008    3.0000   8.0330E+007   1.0111E+008   1.2000E+008   1.3080E+008   1.2897E+008   1.1254E+008   8.5357E+007   5.6055E+007   3.1858E+007   1.5859E+007   7.0752E+006   2.8885E+006   1.0895E+006   3.9244E+005   1.3566E+005   4.6101E+004   1.5128E+004   4.9295E+003   1.5819E+003   4.7556E+002
 1620880645.07164760    0.1938   1.9141E+008    3.1800   6.5964E+007   8.3872E+007   1.0089E+008   1.1178E+008   1.1232E+008   1.0001E+008   7.7279E+007   5.1432E+007   2.9373E+007   1.4532E+007   6.3679E+006   2.5249E+006   9.1554E+005   3.1459E+005   1.0308E+005   3.3072E+004   1.0203E+004   3.1194E+003   9.3735E+002   2.6265E+002
 1620880647.92751430    0.1912   1.9138E+008    3.6200   5.2061E+007   6.7766E+007   8.4169E+007   9.7061E+007   1.0241E+008   9.6388E+007   7.8835E+007   5.5123E+007   3.2541E+007   1.6240E+007   6.9717E+006   2.6286E+006   8.8110E+005   2.7357E+005   7.9488E+004   2.2328E+004   5.9572E+003   1.5647E+003   4.0150E+002   9.4916E+001
 1620880650.77750870    0.1908   1.9137E+008    3.7800   4.8651E+007   6.3714E+007   7.9804E+007   9.3018E+007   9.9461E+007   9.5086E+007   7.9071E+007   5.6125E+007   3.3489E+007   1.6769E+007   7.1549E+006   2.6539E+006   8.6634E+005   2.5974E+005   7.2356E+004   1.9389E+004   4.9114E+003   1.2215E+003   2.9609E+002   6.5823E+001
 1620880653.62399600    0.1505   1.5966E+008    3.8300   4.3887E+007   5.7229E+007   7.1246E+007   8.2370E+007   8.7129E+007   8.2140E+007   6.7131E+007   4.6698E+007   2.7242E+007   1.3317E+007   5.5449E+006   2.0078E+006   6.4013E+005   1.8763E+005   5.1138E+004   1.3419E+004   3.3295E+003   8.1154E+002   1.9282E+002   4.1983E+001
 1620880656.45914360    0.1500   1.5965E+008  999.0000   1.6052E+007   2.2442E+007   3.0855E+007   4.0698E+007   5.1230E+007   6.0205E+007   6.3771E+007   5.7974E+007   4.2125E+007   2.2012E+007   7.1372E+006   1.1547E+006   6.5454E+004   8.4798E+002   1.2319E+000   8.5392E-005   5.5177E-011   6.1181E-020   6.6528E-033   1.7578E-052
 1620880659.31501530    0.1500   1.5965E+008  999.0000   1.6052E+007   2.2442E+007   3.0855E+007   4.0698E+007   5.1230E+007   6.0205E+007   6.3771E+007   5.7974E+007   4.2125E+007   2.2012E+007   7.1372E+006   1.1547E+006   6.5454E+004   8.4798E+002   1.2319E+000   8.5392E-005   5.5177E-011   6.1181E-020   6.6528E-033   1.7578E-052
 1620880662.16501760    0.1405   1.5778E+008    3.7400   4.9627E+007   6.4075E+007   7.8669E+007   8.9335E+007   9.2352E+007   8.4655E+007   6.7007E+007   4.5090E+007   2.5492E+007   1.2142E+007   4.9661E+006   1.7829E+006   5.6884E+005   1.6823E+005   4.6581E+004   1.2481E+004   3.1755E+003   7.9588E+002   1.9487E+002   4.3861E+001
 1620880665.01501230    0.1400   1.5777E+008  999.0000   1.7676E+007   2.4644E+007   3.3740E+007   4.4236E+007   5.5193E+007   6.4020E+007   6.6518E+007   5.8796E+007   4.0994E+007   2.0161E+007   5.9839E+006   8.5108E+005   3.9906E+004   3.9291E+002   3.8298E-001   1.5024E-005   4.2499E-012   1.4725E-021   3.1377E-035   7.8575E-056
 1620880667.86149930    0.1400   1.5777E+008  999.0000   1.7676E+007   2.4644E+007   3.3740E+007   4.4236E+007   5.5193E+007   6.4020E+007   6.6518E+007   5.8796E+007   4.0994E+007   2.0161E+007   5.9839E+006   8.5108E+005   3.9906E+004   3.9291E+002   3.8298E-001   1.5024E-005   4.2499E-012   1.4725E-021   3.1377E-035   7.8575E-056
 1620880670.69664760    0.1200   1.4432E+008  999.0000   1.8280E+007   2.5399E+007   3.4597E+007   4.5030E+007   5.5586E+007   6.3466E+007   6.4422E+007   5.5041E+007   3.6508E+007   1.6686E+007   4.4506E+006   5.4176E+005   2.0199E+004   1.4277E+002   8.5990E-002   1.6987E-006   1.7784E-013   1.5246E-023   4.6179E-038   6.9754E-060
 1620880673.55251430    0.1200   1.4432E+008  999.0000   1.8280E+007   2.5399E+007   3.4597E+007   4.5030E+007   5.5586E+007   6.3466E+007   6.4422E+007   5.5041E+007   3.6508E+007   1.6686E+007   4.4506E+006   5.4176E+005   2.0199E+004   1.4277E+002   8.5990E-002   1.6987E-006   1.7784E-013   1.5246E-023   4.6179E-038   6.9754E-060
 1620880676.40250870    0.1200   1.4432E+008  999.0000   1.8280E+007   2.5399E+007   3.4597E+007   4.5030E+007   5.5586E+007   6.3466E+007   6.4422E+007   5.5041E+007   3.6508E+007   1.6686E+007   4.4506E+006   5.4176E+005   2.0199E+004   1.4277E+002   8.5990E-002   1.6987E-006   1.7784E-013   1.5246E-023   4.6179E-038   6.9754E-060
 1620880679.24899600    0.1000   1.4425E+008  999.0000   2.5685E+007   3.5305E+007   4.7317E+007   6.0180E+007   7.1812E+007   7.7991E+007   7.3531E+007   5.6416E+007   3.1949E+007   1.1579E+007   2.2024E+006   1.6386E+005   2.9607E+003   7.3528E+000   9.7135E-004   2.2205E-009   1.0329E-017   1.1389E-029   8.2163E-047   2.2632E-072
 1620880682.08414360    0.1000   1.4425E+008  999.0000   2.5685E+007   3.5305E+007   4.7317E+007   6.0180E+007   7.1812E+007   7.7991E+007   7.3531E+007   5.6416E+007   3.1949E+007   1.1579E+007   2.2024E+006   1.6386E+005   2.9607E+003   7.3528E+000   9.7135E-004   2.2205E-009   1.0329E-017   1.1389E-029   8.2163E-047   2.2632E-072
 1620880684.94001530    0.1005   1.4425E+008    3.4700   7.7385E+007   9.5230E+007   1.0946E+008   1.1435E+008   1.0660E+008   8.6511E+007   5.9948E+007   3.5371E+007   1.7767E+007   7.7065E+006   2.9635E+006   1.0340E+006   3.3064E+005   1.0060E+005   2.9258E+004   8.3596E+003   2.2968E+003   6.2649E+002   1.6801E+002   4.1795E+001
