          0.00000000    0.0000   0.0000E+000    0.0000   3.0000E-002   4.4000E-002   6.5000E-002   9.5000E-002   1.3900E-001   2.0400E-001   3.0000E-001   4.4000E-001   6.4600E-001   9.4900E-001   1.3920E+000   2.0400E+000   3.0000E+000   4.4000E+000   6.4600E+000   9.4500E+000   1.3900E+001   2.0400E+001   3.0000E+001   4.5000E+001
 1621026057.29447460    0.0304   7.7181E+006    4.7300   1.0947E+005   1.5681E+005   2.2363E+005   3.1092E+005   4.2310E+005   5.5879E+005   7.0566E+005   8.3465E+005   9.0553E+005   8.7596E+005   7.3337E+005   5.1664E+005   2.9749E+005   1.3954E+005   5.3158E+004   1.6955E+004   4.5173E+003   1.0620E+003   2.2342E+002   3.9921E+001
 1621026060.14213440    0.0306   7.7207E+006    4.3700   1.1933E+005   1.7064E+005   2.4275E+005   3.3633E+005   4.5545E+005   5.9739E+005   7.4731E+005   8.7304E+005   9.3250E+005   8.8567E+005   7.2739E+005   5.0387E+005   2.8730E+005   1.3513E+005   5.2517E+004   1.7423E+004   4.9295E+003   1.2531E+003   2.8965E+002   5.7900E+001
 1621026063.00696870    0.0305   7.7193E+006    4.5500   1.1406E+005   1.6326E+005   2.3255E+005   3.2279E+005   4.3825E+005   5.7693E+005   7.2532E+005   8.5290E+005   9.1851E+005   8.8079E+005   7.3065E+005   5.1056E+005   2.9257E+005   1.3740E+005   5.2852E+004   1.7185E+004   4.7158E+003   1.1523E+003   2.5400E+002   4.7989E+001
 1621026065.85463190    0.0300   1.0843E+007  999.0000   1.3452E+005   1.9412E+005   2.7985E+005   3.9501E+005   5.4917E+005   7.4737E+005   9.8313E+005   1.2256E+006   1.4167E+006   1.4641E+006   1.2846E+006   8.8820E+005   4.2965E+005   1.2479E+005   1.6992E+004   7.9588E+002   7.1370E+000   6.3829E-003   1.8500E-007   1.5549E-014
 1621026068.71947380    0.0300   1.0843E+007  999.0000   1.3452E+005   1.9412E+005   2.7985E+005   3.9501E+005   5.4917E+005   7.4737E+005   9.8313E+005   1.2256E+006   1.4167E+006   1.4641E+006   1.2846E+006   8.8820E+005   4.2965E+005   1.2479E+005   1.6992E+004   7.9588E+002   7.1370E+000   6.3829E-003   1.8500E-007   1.5549E-014
 1621026071.56712630    0.0300   1.4407E+007  999.0000   3.1201E+005   4.4783E+005   6.4046E+005   8.9371E+005   1.2218E+006   1.6220E+006   2.0569E+006   2.4308E+006   2.5975E+006   2.3918E+006   1.7729E+006   9.5816E+005   3.2203E+005   5.5092E+004   3.4550E+003   5.2923E+001   9.1414E-002   7.6342E-006   7.1753E-012   3.3624E-021
 1621026074.43197150    0.0300   1.4407E+007  999.0000   3.1201E+005   4.4783E+005   6.4046E+005   8.9371E+005   1.2218E+006   1.6220E+006   2.0569E+006   2.4308E+006   2.5975E+006   2.3918E+006   1.7729E+006   9.5816E+005   3.2203E+005   5.5092E+004   3.4550E+003   5.2923E+001   9.1414E-002   7.6342E-006   7.1753E-012   3.3624E-021
 1621026077.27963500    0.0300   1.4407E+007  999.0000   3.1201E+005   4.4783E+005   6.4046E+005   8.9371E+005   1.2218E+006   1.6220E+006   2.0569E+006   2.4308E+006   2.5975E+006   2.3918E+006   1.7729E+006   9.5816E+005   3.2203E+005   5.5092E+004   3.4550E+003   5.2923E+001   9.1414E-002   7.6342E-006   7.1753E-012   3.3624E-021
 1621026080.14447690    0.0300   1.4308E+007  999.0000   3.0571E+005   4.3885E+005   6.2776E+005   8.7627E+005   1.1985E+006   1.5922E+006   2.0212E+006   2.3921E+006   2.5618E+006   2.3665E+006   1.7623E+006   9.5901E+005   3.2559E+005   5.6526E+004   3.6221E+003   5.7229E+001   1.0347E-001   9.2258E-006   9.5307E-012   5.1497E-021
 1621026082.99212880    0.0300   1.4308E+007  999.0000   3.0571E+005   4.3885E+005   6.2776E+005   8.7627E+005   1.1985E+006   1.5922E+006   2.0212E+006   2.3921E+006   2.5618E+006   2.3665E+006   1.7623E+006   9.5901E+005   3.2559E+005   5.6526E+004   3.6221E+003   5.7229E+001   1.0347E-001   9.2258E-006   9.5307E-012   5.1497E-021
 1621026085.85697460    0.0304   1.4313E+007    3.9000   8.7072E+005   1.2111E+006   1.6542E+006   2.1661E+006   2.7093E+006   3.1817E+006   3.4260E+006   3.2958E+006   2.7607E+006   1.9667E+006   1.1770E+006   5.9047E+005   2.4829E+005   9.0428E+004   2.8995E+004   8.5251E+003   2.2840E+003   5.8332E+002   1.4210E+002   3.1231E+001
 1621026088.70463440    0.0405   1.8858E+007    3.9300   1.1083E+006   1.5433E+006   2.1112E+006   2.7704E+006   3.4753E+006   4.0977E+006   4.4353E+006   4.2940E+006   3.6234E+006   2.6015E+006   1.5685E+006   7.9164E+005   3.3422E+005   1.2190E+005   3.9038E+004   1.1437E+004   3.0466E+003   7.7243E+002   1.8657E+002   4.0596E+001
 1621026091.57298330    0.0403   1.8857E+007    4.1500   1.0274E+006   1.4349E+006   1.9712E+006   2.6017E+006   3.2896E+006   3.9197E+006   4.2998E+006   4.2289E+006   3.6297E+006   2.6479E+006   1.6147E+006   8.1754E+005   3.4232E+005   1.2223E+005   3.7819E+004   1.0583E+004   2.6644E+003   6.3365E+002   1.4266E+002   2.8696E+001
 1621026094.43197150    0.0406   1.8860E+007    3.7600   1.1856E+006   1.6464E+006   2.2434E+006   2.9283E+006   3.6469E+006   4.2591E+006   4.5546E+006   4.3480E+006   3.6144E+006   2.5595E+006   1.5284E+006   7.6949E+005   3.2713E+005   1.2140E+005   3.9972E+004   1.2145E+004   3.3827E+003   9.0178E+002   2.3010E+002   5.3225E+001
 1621026097.27963500    0.0506   2.1515E+007    4.0200   1.0260E+006   1.4368E+006   1.9818E+006   2.6304E+006   3.3523E+006   4.0391E+006   4.4988E+006   4.5145E+006   3.9764E+006   2.9950E+006   1.8963E+006   1.0017E+006   4.3935E+005   1.6466E+005   5.3557E+004   1.5756E+004   4.1739E+003   1.0441E+003   2.4731E+002   5.2462E+001
 1621026100.14447690    0.0506   2.1515E+007    4.0000   1.0330E+006   1.4462E+006   1.9941E+006   2.6454E+006   3.3692E+006   4.0559E+006   4.5123E+006   4.5219E+006   3.9770E+006   2.9911E+006   1.8917E+006   9.9883E+005   4.3835E+005   1.6457E+005   5.3683E+004   1.5856E+004   4.2214E+003   1.0621E+003   2.5314E+002   5.4081E+001
 1621026102.99212880    0.0507   2.1515E+007    3.9600   1.0485E+006   1.4672E+006   2.0215E+006   2.6790E+006   3.4071E+006   4.0936E+006   4.5430E+006   4.5391E+006   3.9790E+006   2.9830E+006   1.8819E+006   9.9249E+005   4.3594E+005   1.6420E+005   5.3867E+004   1.6036E+004   4.3116E+003   1.0971E+003   2.6480E+002   5.7377E+001
 1621026105.85697460    0.0609   2.4969E+007    3.9300   1.1525E+006   1.6145E+006   2.2284E+006   2.9601E+006   3.7773E+006   4.5595E+006   5.0922E+006   5.1299E+006   4.5438E+006   3.4492E+006   2.2071E+006   1.1820E+006   5.2752E+005   2.0184E+005   6.7238E+004   2.0308E+004   5.5374E+003   1.4279E+003   3.4911E+002   7.6647E+001
 1621026108.70463440    0.0611   2.4971E+007    3.8400   1.1910E+006   1.6666E+006   2.2963E+006   3.0433E+006   3.8710E+006   4.6526E+006   5.1677E+006   5.1719E+006   4.5479E+006   3.4283E+006   2.1820E+006   1.1660E+006   5.2159E+005   2.0111E+005   6.7879E+004   2.0873E+004   5.8206E+003   1.5400E+003   3.8736E+002   8.7798E+001
 1621026111.56946850    0.0917   3.5663E+007    3.8500   1.5390E+006   2.1587E+006   2.9847E+006   3.9749E+006   5.0902E+006   6.1753E+006   6.9450E+006   7.0617E+006   6.3312E+006   4.8800E+006   3.1806E+006   1.7401E+006   7.9553E+005   3.1239E+005   1.0696E+005   3.3234E+004   9.3321E+003   2.4790E+003   6.2469E+002   1.4161E+002
 1621026114.41713190    0.0904   3.5647E+007    4.7600   1.1795E+006   1.6682E+006   2.3348E+006   3.1618E+006   4.1440E+006   5.1884E+006   6.0811E+006   6.5046E+006   6.1806E+006   5.0551E+006   3.4625E+006   1.9450E+006   8.7950E+005   3.2558E+005   9.9674E+004   2.6348E+004   6.0003E+003   1.2468E+003   2.3834E+002   3.9470E+001
 1621026117.28197380    0.0914   3.5659E+007    3.9700   1.4725E+006   2.0685E+006   2.8662E+006   3.8283E+006   4.9225E+006   6.0047E+006   6.8011E+006   6.9748E+006   6.3136E+006   4.9130E+006   3.2268E+006   1.7720E+006   8.0853E+005   3.1466E+005   1.0600E+005   3.2189E+004   8.7799E+003   2.2553E+003   5.4748E+002   1.1898E+002
 1621026120.12962580    0.1508   8.1878E+007    4.1900   5.8342E+006   8.0902E+006   1.1000E+007   1.4312E+007   1.7738E+007   2.0563E+007   2.1744E+007   2.0410E+007   1.6545E+007   1.1298E+007   6.4159E+006   3.0224E+006   1.1807E+006   3.9616E+005   1.1613E+005   3.1059E+004   7.5247E+003   1.7331E+003   3.7963E+002   7.4474E+001
 1621026122.99447150    0.1509   8.1879E+007    4.1500   5.9072E+006   8.1871E+006   1.1123E+007   1.4456E+007   1.7892E+007   2.0702E+007   2.1838E+007   2.0442E+007   1.6524E+007   1.1256E+007   6.3823E+006   3.0070E+006   1.1774E+006   3.9689E+005   1.1715E+005   3.1614E+004   7.7418E+003   1.8046E+003   4.0048E+002   7.9710E+001
 1621026125.84213500    0.1522   8.1894E+007    3.6600   7.1191E+006   9.7817E+006   1.3125E+007   1.6776E+007   2.0300E+007   2.2809E+007   2.3205E+007   2.0851E+007   1.6166E+007   1.0627E+007   5.9020E+006   2.7863E+006   1.1249E+006   4.0286E+005   1.3003E+005   3.9285E+004   1.1007E+004   2.9791E+003   7.7708E+002   1.8495E+002
 1621026128.71049170    0.2017   5.4585E+007    5.1000   8.1037E+005   1.1608E+006   1.6553E+006   2.3011E+006   3.1309E+006   4.1335E+006   5.2162E+006   6.1611E+006   6.6664E+006   6.4162E+006   5.3231E+006   3.6924E+006   2.0734E+006   9.3674E+005   3.3862E+005   1.0093E+005   2.4718E+004   5.2705E+003   9.9351E+002   1.5662E+002
 1621026131.56946850    0.2009   5.4573E+007    5.8000   7.2674E+005   1.0431E+006   1.4919E+006   2.0827E+006   2.8505E+006   3.7951E+006   4.8452E+006   5.8120E+006   6.4142E+006   6.3212E+006   5.3792E+006   3.8170E+006   2.1716E+006   9.7541E+005   3.4087E+005   9.4956E+004   2.0916E+004   3.8728E+003   6.1381E+002   7.8428E+001
 1621026134.41713190    0.2011   5.4576E+007    5.5800   7.4926E+005   1.0748E+006   1.5360E+006   2.1418E+006   2.9267E+006   3.8876E+006   4.9473E+006   5.9091E+006   6.4856E+006   6.3493E+006   5.3644E+006   3.7819E+006   2.1434E+006   9.6438E+005   3.4040E+005   9.6767E+004   2.2011E+004   4.2554E+003   7.1149E+002   9.7028E+001
 1621026137.28197380    0.2014   6.1435E+007    5.0400   1.1659E+006   1.6647E+006   2.3626E+006   3.2623E+006   4.3958E+006   5.7238E+006   7.0836E+006   8.1474E+006   8.5077E+006   7.8217E+006   6.1364E+006   3.9913E+006   2.0901E+006   8.8162E+005   2.9934E+005   8.4749E+004   1.9958E+004   4.1476E+003   7.7105E+002   1.2106E+002
 1621026140.12962580    0.2007   6.1426E+007    5.5800   1.0656E+006   1.5243E+006   2.1694E+006   3.0073E+006   4.0747E+006   5.3471E+006   6.6884E+006   7.8010E+006   8.2898E+006   7.7779E+006   6.2301E+006   4.1214E+006   2.1731E+006   9.0685E+005   2.9735E+005   7.9096E+004   1.6986E+004   3.1360E+003   5.0591E+002   6.7105E+001
 1621026142.99447150    0.2007   6.1426E+007    5.6800   1.0502E+006   1.5027E+006   2.1396E+006   2.9678E+006   4.0247E+006   5.2880E+006   6.6256E+006   7.7449E+006   8.2533E+006   7.7692E+006   6.2444E+006   4.1427E+006   2.1871E+006   9.1109E+005   2.9698E+005   7.8148E+004   1.6512E+004   2.9845E+003   4.6930E+002   6.0366E+001
 1621026145.84213500    0.2640   7.3142E+007    4.5100   1.3055E+006   1.8639E+006   2.6451E+006   3.6521E+006   4.9212E+006   6.4092E+006   7.9373E+006   9.1452E+006   9.5860E+006   8.8817E+006   7.0696E+006   4.7148E+006   2.5712E+006   1.1513E+006   4.2445E+005   1.3338E+005   3.5690E+004   8.5814E+003   1.8760E+003   3.5380E+002
 1621026148.70697690    0.2884   7.3383E+007    3.0900   2.3121E+006   3.2527E+006   4.5175E+006   6.0548E+006   7.8277E+006   9.6315E+006   1.1062E+007   1.1599E+007   1.0873E+007   8.9292E+006   6.3467E+006   3.8913E+006   2.0567E+006   9.6070E+005   4.0216E+005   1.5596E+005   5.5861E+004   1.9170E+004   6.3153E+003   1.9130E+003
 1621026151.55462880    0.3595   8.6801E+007    4.2300   1.2915E+006   1.8473E+006   2.6287E+006   3.6438E+006   4.9377E+006   6.4832E+006   8.1227E+006   9.5112E+006   1.0195E+007   9.7333E+006   8.0556E+006   5.6424E+006   3.2677E+006   1.5690E+006   6.2603E+005   2.1434E+005   6.2930E+004   1.6668E+004   4.0292E+003   8.4664E+002
 1621026154.41947460    0.3534   8.6722E+007    5.2200   1.0394E+006   1.4926E+006   2.1367E+006   2.9864E+006   4.0947E+006   5.4662E+006   7.0068E+006   8.4558E+006   9.4177E+006   9.4112E+006   8.1777E+006   5.9855E+006   3.5637E+006   1.7053E+006   6.4876E+005   2.0116E+005   5.0556E+004   1.0899E+004   2.0494E+003   3.1828E+002
 1621026157.26713440    0.3526   8.6711E+007    5.5400   9.8789E+005   1.4199E+006   2.0352E+006   2.8496E+006   3.9171E+006   5.2480E+006   6.7610E+006   8.2142E+006   9.2286E+006   9.3206E+006   8.1944E+006   6.0645E+006   3.6379E+006   1.7404E+006   6.5407E+005   1.9736E+005   4.7433E+004   9.6198E+003   1.6758E+003   2.3700E+002
 1621026160.13548330    0.5324   1.1465E+008    6.8800   8.5670E+005   1.2371E+006   1.7856E+006   2.5249E+006   3.5204E+006   4.8139E+006   6.3844E+006   8.0736E+006   9.5776E+006   1.0387E+007   9.9743E+006   8.1733E+006   5.4584E+006   2.8706E+006   1.1470E+006   3.4795E+005   7.8142E+004   1.3663E+004   1.8940E+003   1.9530E+002
 1621026162.99447150    0.5326   1.1466E+008    6.7400   8.6749E+005   1.2525E+006   1.8074E+006   2.5548E+006   3.5602E+006   4.8648E+006   6.4455E+006   8.1394E+006   9.6376E+006   1.0427E+007   9.9842E+006   8.1567E+006   5.4335E+006   2.8548E+006   1.1432E+006   3.4920E+005   7.9470E+004   1.4178E+004   2.0197E+003   2.1577E+002
 1621026165.84213500    0.5321   1.1465E+008    7.1000   8.4108E+005   1.2149E+006   1.7541E+006   2.4816E+006   3.4626E+006   4.7398E+006   6.2956E+006   7.9776E+006   9.4897E+006   1.0328E+007   9.9594E+006   8.1975E+006   5.4954E+006   2.8940E+006   1.1525E+006   3.4595E+005   7.6134E+004   1.2905E+004   1.7152E+003   1.6738E+002
 1621026168.70697690    0.7224   1.2962E+008    9.0600   5.8495E+005   8.4817E+005   1.2317E+006   1.7568E+006   2.4803E+006   3.4538E+006   4.7024E+006   6.1702E+006   7.7070E+006   8.9676E+006   9.4435E+006   8.6855E+006   6.6493E+006   4.0372E+006   1.8368E+006   6.0600E+005   1.3680E+005   2.1565E+004   2.3767E+003   1.6806E+002
 1621026171.55462880    0.7246   1.2966E+008    7.5000   6.3881E+005   9.2541E+005   1.3420E+006   1.9104E+006   2.6896E+006   3.7301E+006   5.0491E+006   6.5715E+006   8.1174E+006   9.3065E+006   9.6204E+006   8.6615E+006   6.4916E+006   3.8861E+006   1.7754E+006   6.0806E+005   1.5006E+005   2.7617E+004   3.8332E+003   3.7474E+002
 1621026174.41947080    0.7355   1.2982E+008    5.3600   7.9489E+005   1.1486E+006   1.6594E+006   2.3497E+006   3.2827E+006   4.5028E+006   6.0000E+006   7.6420E+006   9.1671E+006   1.0117E+007   9.9840E+006   8.5390E+006   6.0978E+006   3.5457E+006   1.6395E+006   6.0715E+005   1.7758E+005   4.2983E+004   8.7591E+003   1.4294E+003
 1621026177.26712320    0.9961   1.5787E+008    6.3800   6.7808E+005   9.8272E+005   1.4261E+006   2.0319E+006   2.8646E+006   3.9810E+006   5.4052E+006   7.0674E+006   8.7905E+006   1.0185E+007   1.0699E+007   9.8724E+006   7.6851E+006   4.8697E+006   2.4191E+006   9.3167E+005   2.7002E+005   6.1009E+004   1.0890E+004   1.4504E+003
 1621026180.13196870    0.9941   1.5784E+008    6.6400   6.6187E+005   9.5947E+005   1.3928E+006   1.9856E+006   2.8014E+006   3.8974E+006   5.3000E+006   6.9448E+006   8.6636E+006   1.0077E+007   1.0638E+007   9.8710E+006   7.7275E+006   4.9165E+006   2.4427E+006   9.3445E+005   2.6630E+005   5.8447E+004   1.0000E+004   1.2565E+003
 1621026182.97963190    1.2857   2.0425E+008    5.9600   9.2756E+005   1.3436E+006   1.9481E+006   2.7726E+006   3.9025E+006   5.4106E+006   7.3215E+006   9.5281E+006   1.1775E+007   1.3527E+007   1.4058E+007   1.2810E+007   9.8422E+006   6.1705E+006   3.0532E+006   1.1853E+006   3.5232E+005   8.3352E+004   1.5931E+004   2.3317E+003
 1621026185.84447380    1.2818   2.0419E+008    6.2400   9.0025E+005   1.3044E+006   1.8923E+006   2.6949E+006   3.7967E+006   5.2713E+006   7.1472E+006   9.3268E+006   1.1570E+007   1.3356E+007   1.3965E+007   1.2814E+007   9.9124E+006   6.2439E+006   3.0889E+006   1.1891E+006   3.4645E+005   7.9248E+004   1.4433E+004   1.9790E+003
 1621026188.69212600    1.2879   2.0428E+008    5.8000   9.4544E+005   1.3692E+006   1.9847E+006   2.8234E+006   3.9715E+006   5.5013E+006   7.4349E+006   9.6586E+006   1.1908E+007   1.3637E+007   1.4117E+007   1.2808E+007   9.7981E+006   6.1244E+006   3.0303E+006   1.1822E+006   3.5559E+005   8.5805E+004   1.6868E+004   2.5642E+003
 1621026191.56048630    1.3372   2.0560E+008    6.0800   8.6184E+005   1.2491E+006   1.8126E+006   2.5827E+006   3.6413E+006   5.0609E+006   6.8727E+006   8.9888E+006   1.1187E+007   1.2975E+007   1.3657E+007   1.2646E+007   9.9082E+006   6.3480E+006   3.2106E+006   1.2704E+006   3.8285E+005   9.1084E+004   1.7346E+004   2.5043E+003
 1621026194.41947080    1.3208   2.0535E+008    8.2200   7.3030E+005   1.0601E+006   1.5421E+006   2.2048E+006   3.1237E+006   4.3724E+006   5.9984E+006   7.9571E+006   1.0098E+007   1.2020E+007   1.3073E+007   1.2578E+007   1.0252E+007   6.7699E+006   3.4389E+006   1.3026E+006   3.4897E+005   6.7234E+004   9.3210E+003   8.6058E+002
 1621026197.26712320    1.3232   2.0539E+008    7.7000   7.5318E+005   1.0930E+006   1.5893E+006   2.2708E+006   3.2145E+006   4.4939E+006   6.1537E+006   8.1424E+006   1.0296E+007   1.2199E+007   1.3187E+007   1.2597E+007   1.0190E+007   6.6887E+006   3.3940E+006   1.2968E+006   3.5597E+005   7.1759E+004   1.0671E+004   1.0903E+003
 1621026200.13196870    1.4767   2.3484E+008    7.1400   9.4331E+005   1.3680E+006   1.9872E+006   2.8354E+006   4.0055E+006   5.5831E+006   7.6127E+006   1.0012E+007   1.2555E+007   1.4703E+007   1.5655E+007   1.4672E+007   1.1605E+007   7.4416E+006   3.7018E+006   1.4008E+006   3.8773E+005   8.0803E+004   1.2798E+004   1.4439E+003
 1621026202.97963190    1.4675   2.3470E+008    9.2800   8.3512E+005   1.2125E+006   1.7643E+006   2.5235E+006   3.5775E+006   5.0120E+006   6.8843E+006   9.1476E+006   1.1634E+007   1.3886E+007   1.5147E+007   1.4608E+007   1.1905E+007   7.8130E+006   3.8974E+006   1.4213E+006   3.5538E+005   6.1442E+004   7.2923E+003   5.4271E+002
 1621026205.84447380    1.4654   2.3467E+008   10.3400   8.0230E+005   1.1653E+006   1.6965E+006   2.4284E+006   3.4465E+006   4.8361E+006   6.6580E+006   8.8756E+006   1.1339E+007   1.3617E+007   1.4970E+007   1.4575E+007   1.2000E+007   7.9402E+006   3.9661E+006   1.4273E+006   3.4332E+005   5.5071E+004   5.7907E+003   3.5932E+002
 1621026208.69212600    1.7600   2.6155E+008  999.0000   5.5997E+005   8.1582E+005   1.1932E+006   1.7190E+006   2.4629E+006   3.5042E+006   4.9223E+006   6.7525E+006   8.9851E+006   1.1422E+007   1.3560E+007   1.4586E+007   1.3569E+007   1.0209E+007   5.6179E+006   1.9811E+006   3.5200E+005   2.3759E+004   3.7642E+002   4.9552E-001
 1621026211.56048630    1.7600   2.6155E+008  999.0000   5.5997E+005   8.1582E+005   1.1932E+006   1.7190E+006   2.4629E+006   3.5042E+006   4.9223E+006   6.7525E+006   8.9851E+006   1.1422E+007   1.3560E+007   1.4586E+007   1.3569E+007   1.0209E+007   5.6179E+006   1.9811E+006   3.5200E+005   2.3759E+004   3.7642E+002   4.9552E-001
 1621026214.41947080    1.7710   2.6174E+008    9.8000   7.7910E+005   1.1323E+006   1.6499E+006   2.3646E+006   3.3621E+006   4.7304E+006   6.5383E+006   8.7661E+006   1.1293E+007   1.3725E+007   1.5350E+007   1.5309E+007   1.3040E+007   9.0353E+006   4.7997E+006   1.8687E+006   4.9658E+005   8.9733E+004   1.0841E+004   7.9263E+002
 1621026217.26712320    1.8702   2.6449E+008   11.3000   6.8561E+005   9.9717E+005   1.4547E+006   2.0884E+006   2.9765E+006   4.2029E+006   5.8392E+006   7.8865E+006   1.0267E+007   1.2663E+007   1.4448E+007   1.4796E+007   1.3033E+007   9.3869E+006   5.1886E+006   2.0838E+006   5.5840E+005   9.7625E+004   1.0747E+004   6.5861E+002
 1621026220.13196870    1.8663   2.6443E+008   13.8800   6.4813E+005   9.4306E+005   1.3767E+006   1.9781E+006   2.8231E+006   3.9938E+006   5.5641E+006   7.5446E+006   9.8759E+006   1.2274E+007   1.4146E+007   1.4671E+007   1.3112E+007   9.5724E+006   5.3252E+006   2.1130E+006   5.3913E+005   8.4484E+004   7.6383E+003   3.3843E+002
 1621026222.97963190    1.8964   2.8903E+008   11.7600   8.5795E+005   1.2471E+006   1.8179E+006   2.6067E+006   3.7090E+006   5.2240E+006   7.2311E+006   9.7144E+006   1.2548E+007   1.5304E+007   1.7185E+007   1.7204E+007   1.4679E+007   1.0124E+007   5.2808E+006   1.9691E+006   4.8045E+005   7.5121E+004   7.2677E+003   3.8297E+002
 1621026225.84447380    1.9011   2.8911E+008    9.6200   9.1745E+005   1.3329E+006   1.9412E+006   2.7803E+006   3.9491E+006   5.5481E+006   7.6519E+006   1.0227E+007   1.3117E+007   1.5842E+007   1.7564E+007   1.7312E+007   1.4519E+007   9.8671E+006   5.1240E+006   1.9475E+006   5.0573E+005   8.9774E+004   1.0749E+004   7.8836E+002
 1621026228.69212600    1.9002   2.8910E+008    9.9000   9.0783E+005   1.3190E+006   1.9213E+006   2.7523E+006   3.9104E+006   5.4960E+006   7.5844E+006   1.0145E+007   1.3026E+007   1.5758E+007   1.7505E+007   1.7297E+007   1.4545E+007   9.9071E+006   5.1481E+006   1.9509E+006   5.0191E+005   8.7459E+004   1.0157E+004   7.1119E+002
 1621026231.55697150    1.9822   2.8243E+008   10.5000   7.6201E+005   1.1080E+006   1.6158E+006   2.3184E+006   3.3018E+006   4.6567E+006   6.4590E+006   8.7030E+006   1.1291E+007   1.3862E+007   1.5717E+007   1.5966E+007   1.3925E+007   9.9246E+006   5.4372E+006   2.1776E+006   5.8957E+005   1.0641E+005   1.2469E+004   8.4894E+002
 1621026234.40463140    1.9807   2.8241E+008   11.1400   7.4746E+005   1.0870E+006   1.5855E+006   2.2757E+006   3.2425E+006   4.5762E+006   6.3535E+006   8.5727E+006   1.1144E+007   1.3718E+007   1.5608E+007   1.5924E+007   1.3957E+007   9.9922E+006   5.4853E+006   2.1880E+006   5.8322E+005   1.0180E+005   1.1255E+004   6.9867E+002
 1621026237.26946570    1.9867   2.8251E+008    9.2800   7.9655E+005   1.1578E+006   1.6875E+006   2.4195E+006   3.4420E+006   4.8468E+006   6.7071E+006   9.0080E+006   1.1634E+007   1.4195E+007   1.5964E+007   1.6055E+007   1.3847E+007   9.7700E+006   5.3299E+006   2.1548E+006   6.0389E+005   1.1715E+005   1.5510E+004   1.2768E+003
 1621026240.11712910    1.9155   2.9068E+008   12.6200   8.3765E+005   1.2179E+006   1.7758E+006   2.5475E+006   3.6270E+006   5.1132E+006   7.0873E+006   9.5395E+006   1.2356E+007   1.5126E+007   1.7069E+007   1.7198E+007   1.4785E+007   1.0276E+007   5.3894E+006   2.0074E+006   4.8268E+005   7.2755E+004   6.5759E+003   3.0958E+002
 1621026242.98197080    1.9165   2.9070E+008   11.8200   8.5337E+005   1.2406E+006   1.8084E+006   2.5935E+006   3.6908E+006   5.1996E+006   7.2000E+006   9.6778E+006   1.2510E+007   1.5275E+007   1.7177E+007   1.7232E+007   1.4743E+007   1.0203E+007   5.3437E+006   2.0012E+006   4.9025E+005   7.6867E+004   7.4407E+003   3.9099E+002
 1621026245.82962320    1.9174   2.9072E+008   11.2200   8.6702E+005   1.2602E+006   1.8368E+006   2.6334E+006   3.7461E+006   5.2745E+006   7.2975E+006   9.7972E+006   1.2644E+007   1.5402E+007   1.7269E+007   1.7261E+007   1.4707E+007   1.0142E+007   5.3052E+006   1.9958E+006   4.9645E+005   8.0363E+004   8.2171E+003   4.7088E+002
 1621026248.69446870    1.8366   3.0258E+008   10.0200   1.1072E+006   1.6075E+006   2.3390E+006   3.3453E+006   4.7421E+006   6.6426E+006   9.1217E+006   1.2116E+007   1.5398E+007   1.8357E+007   1.9980E+007   1.9193E+007   1.5530E+007   1.0062E+007   4.9087E+006   1.7262E+006   4.0751E+005   6.4809E+004   6.8587E+003   4.3711E+002
 1621026251.54213190    1.8350   3.0255E+008   10.8600   1.0770E+006   1.5640E+006   2.2765E+006   3.2577E+006   4.6215E+006   6.4809E+006   8.9141E+006   1.1867E+007   1.5130E+007   1.8114E+007   1.9825E+007   1.9170E+007   1.5622E+007   1.0178E+007   4.9676E+006   1.7287E+006   3.9615E+005   5.9487E+004   5.7358E+003   3.1760E+002
 1621026254.41048860    1.5600   2.9194E+008  999.0000   9.8754E+005   1.4362E+006   2.0951E+006   3.0073E+006   4.2852E+006   6.0480E+006   8.3952E+006   1.1319E+007   1.4682E+007   1.7977E+007   2.0204E+007   2.0061E+007   1.6575E+007   1.0493E+007   4.4804E+006   1.0945E+006   1.1285E+005   3.4557E+003   1.7210E+001   3.8023E-003
 1621026257.26946570    1.5600   2.9194E+008  999.0000   9.8754E+005   1.4362E+006   2.0951E+006   3.0073E+006   4.2852E+006   6.0480E+006   8.3952E+006   1.1319E+007   1.4682E+007   1.7977E+007   2.0204E+007   2.0061E+007   1.6575E+007   1.0493E+007   4.4804E+006   1.0945E+006   1.1285E+005   3.4557E+003   1.7210E+001   3.8023E-003
 1621026260.11712910    1.5600   2.9194E+008  999.0000   9.8754E+005   1.4362E+006   2.0951E+006   3.0073E+006   4.2852E+006   6.0480E+006   8.3952E+006   1.1319E+007   1.4682E+007   1.7977E+007   2.0204E+007   2.0061E+007   1.6575E+007   1.0493E+007   4.4804E+006   1.0945E+006   1.1285E+005   3.4557E+003   1.7210E+001   3.8023E-003
 1621026262.98197080    1.2700   2.7099E+008  999.0000   1.1887E+006   1.7267E+006   2.5144E+006   3.6001E+006   5.1109E+006   7.1739E+006   9.8778E+006   1.3161E+007   1.6779E+007   2.0026E+007   2.1684E+007   2.0387E+007   1.5539E+007   8.7464E+006   3.1430E+006   5.9820E+005   4.2618E+004   7.6344E+002   1.7362E+000   1.1485E-004
 1621026265.82962320    1.2700   2.7099E+008  999.0000   1.1887E+006   1.7267E+006   2.5144E+006   3.6001E+006   5.1109E+006   7.1739E+006   9.8778E+006   1.3161E+007   1.6779E+007   2.0026E+007   2.1684E+007   2.0387E+007   1.5539E+007   8.7464E+006   3.1430E+006   5.9820E+005   4.2618E+004   7.6344E+002   1.7362E+000   1.1485E-004
 1621026268.69446870    1.2700   2.7099E+008  999.0000   1.1887E+006   1.7267E+006   2.5144E+006   3.6001E+006   5.1109E+006   7.1739E+006   9.8778E+006   1.3161E+007   1.6779E+007   2.0026E+007   2.1684E+007   2.0387E+007   1.5539E+007   8.7464E+006   3.1430E+006   5.9820E+005   4.2618E+004   7.6344E+002   1.7362E+000   1.1485E-004
 1621026271.54213190    1.1500   2.6512E+008  999.0000   1.3554E+006   1.9674E+006   2.8615E+006   4.0902E+006   5.7927E+006   8.1017E+006   1.1096E+007   1.4672E+007   1.8492E+007   2.1706E+007   2.2936E+007   2.0809E+007   1.5045E+007   7.8422E+006   2.5175E+006   4.0704E+005   2.2778E+004   2.8753E+002   3.9223E-001   1.1834E-005
 1621026274.40697380    1.1500   2.6512E+008  999.0000   1.3554E+006   1.9674E+006   2.8615E+006   4.0902E+006   5.7927E+006   8.1017E+006   1.1096E+007   1.4672E+007   1.8492E+007   2.1706E+007   2.2936E+007   2.0809E+007   1.5045E+007   7.8422E+006   2.5175E+006   4.0704E+005   2.2778E+004   2.8753E+002   3.9223E-001   1.1834E-005
 1621026277.25462630    1.0700   2.5510E+008  999.0000   1.3935E+006   2.0220E+006   2.9394E+006   4.1985E+006   5.9394E+006   8.2934E+006   1.1331E+007   1.4929E+007   1.8719E+007   2.1805E+007   2.2785E+007   2.0337E+007   1.4352E+007   7.2225E+006   2.2019E+006   3.3039E+005   1.6554E+004   1.7804E+002   1.9226E-001   4.0526E-006
 1621026280.11946770    0.8300   2.4127E+008  999.0000   1.9496E+006   2.8223E+006   4.0883E+006   5.8100E+006   8.1586E+006   1.1268E+007   1.5150E+007   1.9497E+007   2.3615E+007   2.6144E+007   2.5363E+007   2.0309E+007   1.2206E+007   4.8620E+006   1.0519E+006   9.6145E+004   2.3142E+003   8.6146E+000   1.9820E-003   3.9164E-009
 1621026282.96712020    0.8300   2.4127E+008  999.0000   1.9496E+006   2.8223E+006   4.0883E+006   5.8100E+006   8.1586E+006   1.1268E+007   1.5150E+007   1.9497E+007   2.3615E+007   2.6144E+007   2.5363E+007   2.0309E+007   1.2206E+007   4.8620E+006   1.0519E+006   9.6145E+004   2.3142E+003   8.6146E+000   1.9820E-003   3.9164E-009
 1621026285.83548020    0.6900   2.3023E+008  999.0000   2.4412E+006   3.5270E+006   5.0943E+006   7.2098E+006   1.0063E+007   1.3774E+007   1.8275E+007   2.3068E+007   2.7159E+007   2.8837E+007   2.6318E+007   1.9275E+007   1.0152E+007   3.3376E+006   5.4491E+005   3.3168E+004   4.3788E+002   6.8436E-001   4.4588E-005   1.2855E-011
 1621026288.69446870    0.6900   2.3023E+008  999.0000   2.4412E+006   3.5270E+006   5.0943E+006   7.2098E+006   1.0063E+007   1.3774E+007   1.8275E+007   2.3068E+007   2.7159E+007   2.8837E+007   2.6318E+007   1.9275E+007   1.0152E+007   3.3376E+006   5.4491E+005   3.3168E+004   4.3788E+002   6.8436E-001   4.4588E-005   1.2855E-011
 1621026291.54213190    0.6900   2.3023E+008  999.0000   2.4412E+006   3.5270E+006   5.0943E+006   7.2098E+006   1.0063E+007   1.3774E+007   1.8275E+007   2.3068E+007   2.7159E+007   2.8837E+007   2.6318E+007   1.9275E+007   1.0152E+007   3.3376E+006   5.4491E+005   3.3168E+004   4.3788E+002   6.8436E-001   4.4588E-005   1.2855E-011
 1621026294.40697380    0.6300   2.2076E+008  999.0000   2.5774E+006   3.7211E+006   5.3686E+006   7.5857E+006   1.0563E+007   1.4408E+007   1.9017E+007   2.3825E+007   2.7740E+007   2.8979E+007   2.5826E+007   1.8269E+007   9.1405E+006   2.7885E+006   4.0802E+005   2.1203E+004   2.2163E+002   2.4728E-001   9.8777E-006   1.3523E-012
 1621026297.25462630    0.6300   2.2076E+008  999.0000   2.5774E+006   3.7211E+006   5.3686E+006   7.5857E+006   1.0563E+007   1.4408E+007   1.9017E+007   2.3825E+007   2.7740E+007   2.8979E+007   2.5826E+007   1.8269E+007   9.1405E+006   2.7885E+006   4.0802E+005   2.1203E+004   2.2163E+002   2.4728E-001   9.8777E-006   1.3523E-012
 1621026300.11947150    0.6300   2.2076E+008  999.0000   2.5774E+006   3.7211E+006   5.3686E+006   7.5857E+006   1.0563E+007   1.4408E+007   1.9017E+007   2.3825E+007   2.7740E+007   2.8979E+007   2.5826E+007   1.8269E+007   9.1405E+006   2.7885E+006   4.0802E+005   2.1203E+004   2.2163E+002   2.4728E-001   9.8777E-006   1.3523E-012
 1621026302.96713140    0.5500   2.2345E+008  999.0000   3.4878E+006   5.0227E+006   7.2192E+006   1.0146E+007   1.4016E+007   1.8897E+007   2.4517E+007   2.9953E+007   3.3612E+007   3.3257E+007   2.7379E+007   1.7249E+007   7.2719E+006   1.7294E+006   1.7568E+005   5.3924E+003   2.5927E+001   9.4424E-003   7.4471E-008   8.6846E-016
 1621026305.83196590    0.5500   2.2345E+008  999.0000   3.4878E+006   5.0227E+006   7.2192E+006   1.0146E+007   1.4016E+007   1.8897E+007   2.4517E+007   2.9953E+007   3.3612E+007   3.3257E+007   2.7379E+007   1.7249E+007   7.2719E+006   1.7294E+006   1.7568E+005   5.3924E+003   2.5927E+001   9.4424E-003   7.4471E-008   8.6846E-016
 1621026308.67962930    0.5500   2.2345E+008  999.0000   3.4878E+006   5.0227E+006   7.2192E+006   1.0146E+007   1.4016E+007   1.8897E+007   2.4517E+007   2.9953E+007   3.3612E+007   3.3257E+007   2.7379E+007   1.7249E+007   7.2719E+006   1.7294E+006   1.7568E+005   5.3924E+003   2.5927E+001   9.4424E-003   7.4471E-008   8.6846E-016
 1621026311.54798940    0.4500   2.0600E+008  999.0000   4.0620E+006   5.8362E+006   8.3593E+006   1.1690E+007   1.6032E+007   2.1384E+007   2.7306E+007   3.2598E+007   3.5355E+007   3.3274E+007   2.5462E+007   1.4417E+007   5.1908E+006   9.8144E+005   7.1254E+004   1.3477E+003   3.1755E+000   4.1433E-004   7.4130E-010   9.1717E-019
 1621026314.40697380    0.4500   2.0600E+008  999.0000   4.0620E+006   5.8362E+006   8.3593E+006   1.1690E+007   1.6032E+007   2.1384E+007   2.7306E+007   3.2598E+007   3.5355E+007   3.3274E+007   2.5462E+007   1.4417E+007   5.1908E+006   9.8144E+005   7.1254E+004   1.3477E+003   3.1755E+000   4.1433E-004   7.4130E-010   9.1717E-019
 1621026317.25462630    0.4500   2.0600E+008  999.0000   4.0620E+006   5.8362E+006   8.3593E+006   1.1690E+007   1.6032E+007   2.1384E+007   2.7306E+007   3.2598E+007   3.5355E+007   3.3274E+007   2.5462E+007   1.4417E+007   5.1908E+006   9.8144E+005   7.1254E+004   1.3477E+003   3.1755E+000   4.1433E-004   7.4130E-010   9.1717E-019
 1621026320.11947150    0.4000   1.9658E+008  999.0000   4.4534E+006   6.3888E+006   9.1302E+006   1.2727E+007   1.7371E+007   2.3007E+007   2.9075E+007   3.4188E+007   3.6263E+007   3.3030E+007   2.4096E+007   1.2724E+007   4.1322E+006   6.7253E+005   3.9208E+004   5.4066E+002   8.0009E-001   5.3507E-005   3.6511E-011   1.0562E-020
 1621026322.96713140    0.4000   1.9658E+008  999.0000   4.4534E+006   6.3888E+006   9.1302E+006   1.2727E+007   1.7371E+007   2.3007E+007   2.9075E+007   3.4188E+007   3.6263E+007   3.3030E+007   2.4096E+007   1.2724E+007   4.1322E+006   6.7253E+005   3.9208E+004   5.4066E+002   8.0009E-001   5.3507E-005   3.6511E-011   1.0562E-020
 1621026325.83196590    0.3200   1.9548E+008  999.0000   6.7636E+006   9.6511E+006   1.3681E+007   1.8852E+007   2.5302E+007   3.2686E+007   3.9814E+007   4.4369E+007   4.3491E+007   3.5276E+007   2.1726E+007   8.9598E+006   2.0196E+006   1.9340E+005   5.1912E+003   2.3452E+001   6.7359E-003   4.2967E-008   1.0016E-015   1.8327E-027
 1621026328.67962930    0.3200   1.9548E+008  999.0000   6.7636E+006   9.6511E+006   1.3681E+007   1.8852E+007   2.5302E+007   3.2686E+007   3.9814E+007   4.4369E+007   4.3491E+007   3.5276E+007   2.1726E+007   8.9598E+006   2.0196E+006   1.9340E+005   5.1912E+003   2.3452E+001   6.7359E-003   4.2967E-008   1.0016E-015   1.8327E-027
 1621026331.54447080    0.3200   1.9548E+008  999.0000   6.7636E+006   9.6511E+006   1.3681E+007   1.8852E+007   2.5302E+007   3.2686E+007   3.9814E+007   4.4369E+007   4.3491E+007   3.5276E+007   2.1726E+007   8.9598E+006   2.0196E+006   1.9340E+005   5.1912E+003   2.3452E+001   6.7359E-003   4.2967E-008   1.0016E-015   1.8327E-027
 1621026334.39212320    0.2600   1.8509E+008  999.0000   8.6128E+006   1.2234E+007   1.7225E+007   2.3505E+007   3.1099E+007   3.9337E+007   4.6447E+007   4.9465E+007   4.5356E+007   3.3353E+007   1.7803E+007   5.9582E+006   9.8665E+005   6.0402E+004   8.4336E+002   1.4903E+000   1.0817E-004   9.6761E-011   1.3607E-019   3.8163E-033
 1621026337.26048330    0.2600   1.8509E+008  999.0000   8.6128E+006   1.2234E+007   1.7225E+007   2.3505E+007   3.1099E+007   3.9337E+007   4.6447E+007   4.9465E+007   4.5356E+007   3.3353E+007   1.7803E+007   5.9582E+006   9.8665E+005   6.0402E+004   8.4336E+002   1.4903E+000   1.0817E-004   9.6761E-011   1.3607E-019   3.8163E-033
 1621026340.11946770    0.2600   1.8509E+008  999.0000   8.6128E+006   1.2234E+007   1.7225E+007   2.3505E+007   3.1099E+007   3.9337E+007   4.6447E+007   4.9465E+007   4.5356E+007   3.3353E+007   1.7803E+007   5.9582E+006   9.8665E+005   6.0402E+004   8.4336E+002   1.4903E+000   1.0817E-004   9.6761E-011   1.3607E-019   3.8163E-033
 1621026342.96712020    0.2100   1.7220E+008  999.0000   1.0521E+007   1.4872E+007   2.0788E+007   2.8073E+007   3.6579E+007   4.5236E+007   5.1662E+007   5.2411E+007   4.4746E+007   2.9629E+007   1.3571E+007   3.6330E+006   4.3274E+005   1.6431E+004   1.1426E+002   7.4325E-002   1.2515E-006   1.3995E-013   1.0222E-023   3.6282E-039
 1621026345.83196590    0.2100   1.7220E+008  999.0000   1.0521E+007   1.4872E+007   2.0788E+007   2.8073E+007   3.6579E+007   4.5236E+007   5.1662E+007   5.2411E+007   4.4746E+007   2.9629E+007   1.3571E+007   3.6330E+006   4.3274E+005   1.6431E+004   1.1426E+002   7.4325E-002   1.2515E-006   1.3995E-013   1.0222E-023   3.6282E-039
 1621026348.67962930    0.2100   1.7220E+008  999.0000   1.0521E+007   1.4872E+007   2.0788E+007   2.8073E+007   3.6579E+007   4.5236E+007   5.1662E+007   5.2411E+007   4.4746E+007   2.9629E+007   1.3571E+007   3.6330E+006   4.3274E+005   1.6431E+004   1.1426E+002   7.4325E-002   1.2515E-006   1.3995E-013   1.0222E-023   3.6282E-039
 1621026351.54447080    0.1800   1.6767E+008  999.0000   1.3080E+007   1.8396E+007   2.5521E+007   3.4096E+007   4.3733E+007   5.2838E+007   5.8306E+007   5.6262E+007   4.4625E+007   2.6520E+007   1.0374E+007   2.2065E+006   1.8720E+005   4.3477E+003   1.4770E+001   3.4458E-003   1.3007E-008   1.7449E-016   6.3384E-028   2.7594E-045
 1621026354.39212320    0.1800   1.6767E+008  999.0000   1.3080E+007   1.8396E+007   2.5521E+007   3.4096E+007   4.3733E+007   5.2838E+007   5.8306E+007   5.6262E+007   4.4625E+007   2.6520E+007   1.0374E+007   2.2065E+006   1.8720E+005   4.3477E+003   1.4770E+001   3.4458E-003   1.3007E-008   1.7449E-016   6.3384E-028   2.7594E-045
 1621026357.25696850    0.1600   1.5336E+008  999.0000   1.2634E+007   1.7748E+007   2.4576E+007   3.2748E+007   4.1844E+007   5.0273E+007   5.5015E+007   5.2447E+007   4.0865E+007   2.3659E+007   8.9084E+006   1.7922E+006   1.4008E+005   2.8889E+003   8.2557E+000   1.5041E-003   3.9606E-009   3.1924E-017   5.6518E-029   8.6173E-047
 1621026360.10462830    0.1600   1.5336E+008  999.0000   1.2634E+007   1.7748E+007   2.4576E+007   3.2748E+007   4.1844E+007   5.0273E+007   5.5015E+007   5.2447E+007   4.0865E+007   2.3659E+007   8.9084E+006   1.7922E+006   1.4008E+005   2.8889E+003   8.2557E+000   1.5041E-003   3.9606E-009   3.1924E-017   5.6518E-029   8.6173E-047
 1621026362.97297720    0.1600   1.5336E+008  999.0000   1.2634E+007   1.7748E+007   2.4576E+007   3.2748E+007   4.1844E+007   5.0273E+007   5.5015E+007   5.2447E+007   4.0865E+007   2.3659E+007   8.9084E+006   1.7922E+006   1.4008E+005   2.8889E+003   8.2557E+000   1.5041E-003   3.9606E-009   3.1924E-017   5.6518E-029   8.6173E-047
 1621026365.83196590    0.1500   1.4339E+008  999.0000   1.1753E+007   1.6512E+007   2.2868E+007   3.0481E+007   3.8961E+007   4.6833E+007   5.1292E+007   4.8953E+007   3.8207E+007   2.2175E+007   8.3798E+006   1.6947E+006   1.3349E+005   2.7841E+003   8.0873E+000   1.5082E-003   4.1088E-009   3.4750E-017   6.5836E-029   1.1081E-046
 1621026368.67962930    0.1500   1.4339E+008  999.0000   1.1753E+007   1.6512E+007   2.2868E+007   3.0481E+007   3.8961E+007   4.6833E+007   5.1292E+007   4.8953E+007   3.8207E+007   2.2175E+007   8.3798E+006   1.6947E+006   1.3349E+005   2.7841E+003   8.0873E+000   1.5082E-003   4.1088E-009   3.4750E-017   6.5836E-029   1.1081E-046
 1621026371.54447080    0.1500   1.4339E+008  999.0000   1.1753E+007   1.6512E+007   2.2868E+007   3.0481E+007   3.8961E+007   4.6833E+007   5.1292E+007   4.8953E+007   3.8207E+007   2.2175E+007   8.3798E+006   1.6947E+006   1.3349E+005   2.7841E+003   8.0873E+000   1.5082E-003   4.1088E-009   3.4750E-017   6.5836E-029   1.1081E-046
 1621026374.39212320    0.1500   1.4895E+008  999.0000   1.3125E+007   1.8408E+007   2.5432E+007   3.3777E+007   4.2948E+007   5.1229E+007   5.5470E+007   5.2069E+007   3.9658E+007   2.2206E+007   7.9638E+006   1.4923E+006   1.0505E+005   1.8619E+003   4.2674E+000   5.6723E-004   9.4413E-010   3.9791E-018   2.8258E-030   1.1386E-048
 1621026377.25696850    0.1500   1.4895E+008  999.0000   1.3125E+007   1.8408E+007   2.5432E+007   3.3777E+007   4.2948E+007   5.1229E+007   5.5470E+007   5.2069E+007   3.9658E+007   2.2206E+007   7.9638E+006   1.4923E+006   1.0505E+005   1.8619E+003   4.2674E+000   5.6723E-004   9.4413E-010   3.9791E-018   2.8258E-030   1.1386E-048
 1621026380.10462830    0.1500   1.4895E+008  999.0000   1.3125E+007   1.8408E+007   2.5432E+007   3.3777E+007   4.2948E+007   5.1229E+007   5.5470E+007   5.2069E+007   3.9658E+007   2.2206E+007   7.9638E+006   1.4923E+006   1.0505E+005   1.8619E+003   4.2674E+000   5.6723E-004   9.4413E-010   3.9791E-018   2.8258E-030   1.1386E-048
 1621026382.97297720    0.1500   1.4767E+008  999.0000   1.2801E+007   1.7961E+007   2.4828E+007   3.3002E+007   4.2014E+007   5.0204E+007   5.4502E+007   5.1356E+007   3.9335E+007   2.2207E+007   8.0605E+006   1.5371E+006   1.1103E+005   2.0428E+003   4.9437E+000   7.1021E-004   1.3236E-009   6.5439E-018   5.8188E-030   3.2522E-048
 1621026385.83196590    0.1500   1.4767E+008  999.0000   1.2801E+007   1.7961E+007   2.4828E+007   3.3002E+007   4.2014E+007   5.0204E+007   5.4502E+007   5.1356E+007   3.9335E+007   2.2207E+007   8.0605E+006   1.5371E+006   1.1103E+005   2.0428E+003   4.9437E+000   7.1021E-004   1.3236E-009   6.5439E-018   5.8188E-030   3.2522E-048
 1621026388.67962930    0.1000   1.2420E+008  999.0000   1.6716E+007   2.3184E+007   3.1496E+007   4.0838E+007   5.0132E+007   5.6770E+007   5.6932E+007   4.7790E+007   3.0886E+007   1.3589E+007   3.4287E+006   3.8493E+005   1.2740E+004   7.5817E+001   3.5567E-002   4.9228E-007   3.0800E-014   1.2828E-024   1.4208E-039   5.0710E-062
 1621026391.54447080    0.1000   1.2420E+008  999.0000   1.6716E+007   2.3184E+007   3.1496E+007   4.0838E+007   5.0132E+007   5.6770E+007   5.6932E+007   4.7790E+007   3.0886E+007   1.3589E+007   3.4287E+006   3.8493E+005   1.2740E+004   7.5817E+001   3.5567E-002   4.9228E-007   3.0800E-014   1.2828E-024   1.4208E-039   5.0710E-062
 1621026394.39212320    0.1000   1.2420E+008  999.0000   1.6716E+007   2.3184E+007   3.1496E+007   4.0838E+007   5.0132E+007   5.6770E+007   5.6932E+007   4.7790E+007   3.0886E+007   1.3589E+007   3.4287E+006   3.8493E+005   1.2740E+004   7.5817E+001   3.5567E-002   4.9228E-007   3.0800E-014   1.2828E-024   1.4208E-039   5.0710E-062
 1621026397.25696850    0.0900   1.2355E+008  999.0000   2.0059E+007   2.7659E+007   3.7244E+007   4.7688E+007   5.7469E+007   6.3327E+007   6.1001E+007   4.8288E+007   2.8631E+007   1.1100E+007   2.3291E+006   1.9992E+005   4.4572E+003   1.4992E+001   3.0739E-003   1.3116E-008   1.4996E-016   5.7952E-028   2.3665E-044   7.6154E-069
 1621026400.10463190    0.0900   1.2355E+008  999.0000   2.0059E+007   2.7659E+007   3.7244E+007   4.7688E+007   5.7469E+007   6.3327E+007   6.1001E+007   4.8288E+007   2.8631E+007   1.1100E+007   2.3291E+006   1.9992E+005   4.4572E+003   1.4992E+001   3.0739E-003   1.3116E-008   1.4996E-016   5.7952E-028   2.3665E-044   7.6154E-069
 1621026402.97298860    0.0900   1.2355E+008  999.0000   2.0059E+007   2.7659E+007   3.7244E+007   4.7688E+007   5.7469E+007   6.3327E+007   6.1001E+007   4.8288E+007   2.8631E+007   1.1100E+007   2.3291E+006   1.9992E+005   4.4572E+003   1.4992E+001   3.0739E-003   1.3116E-008   1.4996E-016   5.7952E-028   2.3665E-044   7.6154E-069
 1621026405.83196590    0.0800   1.0408E+008  999.0000   1.5285E+007   2.1143E+007   2.8609E+007   3.6885E+007   4.4903E+007   5.0226E+007   4.9461E+007   4.0434E+007   2.5134E+007   1.0444E+007   2.4247E+006   2.4112E+005   6.6758E+003   3.0698E+001   9.9055E-003   8.0512E-008   2.3336E-015   3.3088E-026   8.1926E-042   3.4331E-065
 1621026408.67962930    0.0800   1.0408E+008  999.0000   1.5285E+007   2.1143E+007   2.8609E+007   3.6885E+007   4.4903E+007   5.0226E+007   4.9461E+007   4.0434E+007   2.5134E+007   1.0444E+007   2.4247E+006   2.4112E+005   6.6758E+003   3.0698E+001   9.9055E-003   8.0512E-008   2.3336E-015   3.3088E-026   8.1926E-042   3.4331E-065
 1621026411.54447080    0.0800   1.0408E+008  999.0000   1.5285E+007   2.1143E+007   2.8609E+007   3.6885E+007   4.4903E+007   5.0226E+007   4.9461E+007   4.0434E+007   2.5134E+007   1.0444E+007   2.4247E+006   2.4112E+005   6.6758E+003   3.0698E+001   9.9055E-003   8.0512E-008   2.3336E-015   3.3088E-026   8.1926E-042   3.4331E-065
 1621026414.39212320    0.0800   9.7828E+007  999.0000   1.2787E+007   1.7750E+007   2.4145E+007   3.1365E+007   3.8608E+007   4.3895E+007   4.4280E+007   3.7491E+007   2.4538E+007   1.0998E+007   2.8509E+006   3.3290E+005   1.1675E+004   7.5544E+001   4.0017E-002   6.5845E-007   5.2909E-014   3.1296E-024   5.6502E-039   4.0621E-061
