          0.00000000    0.0000   0.0000E+000    0.0000   3.0000E-002   4.4000E-002   6.5000E-002   9.5000E-002   1.3900E-001   2.0400E-001   3.0000E-001   4.4000E-001   6.4600E-001   9.4900E-001   1.3920E+000   2.0400E+000   3.0000E+000   4.4000E+000   6.4600E+000   9.4500E+000   1.3900E+001   2.0400E+001   3.0000E+001   4.5000E+001
 1621003542.94172140    0.0225   1.6022E+006    7.5200   1.2664E+003   1.8483E+003   2.7103E+003   3.9198E+003   5.6476E+003   8.1024E+003   1.1523E+004   1.6100E+004   2.2020E+004   2.9176E+004   3.6882E+004   4.3684E+004   4.7305E+004   4.5247E+004   3.6737E+004   2.4328E+004   1.2424E+004   4.7660E+003   1.3319E+003   2.4927E+002
 1621003545.78938150    0.0400   1.6779E+006  999.0000   2.8920E+002   4.2336E+002   6.2366E+002   9.0782E+002   1.3204E+003   1.9210E+003   2.7886E+003   4.0135E+003   5.7312E+003   8.0824E+003   1.1168E+004   1.4998E+004   1.9379E+004   2.3536E+004   2.6181E+004   2.5604E+004   2.0689E+004   1.2666E+004   5.1278E+003   1.0284E+003
 1621003548.65421530    0.0400   1.6779E+006  999.0000   2.8920E+002   4.2336E+002   6.2366E+002   9.0782E+002   1.3204E+003   1.9210E+003   2.7886E+003   4.0135E+003   5.7312E+003   8.0824E+003   1.1168E+004   1.4998E+004   1.9379E+004   2.3536E+004   2.6181E+004   2.5604E+004   2.0689E+004   1.2666E+004   5.1278E+003   1.0284E+003
 1621003551.50187920    0.0400   1.6779E+006  999.0000   2.8920E+002   4.2336E+002   6.2366E+002   9.0782E+002   1.3204E+003   1.9210E+003   2.7886E+003   4.0135E+003   5.7312E+003   8.0824E+003   1.1168E+004   1.4998E+004   1.9379E+004   2.3536E+004   2.6181E+004   2.5604E+004   2.0689E+004   1.2666E+004   5.1278E+003   1.0284E+003
 1621003554.36672450    0.0110   8.9885E+005    6.8000   9.9971E+002   1.4575E+003   2.1340E+003   3.0795E+003   4.4225E+003   6.3147E+003   8.9187E+003   1.2337E+004   1.6631E+004   2.1586E+004   2.6509E+004   3.0174E+004   3.0959E+004   2.7626E+004   2.0590E+004   1.2372E+004   5.7007E+003   1.9925E+003   5.1997E+002   9.4548E+001
 1621003557.21438410    0.0112   9.0228E+005    5.9000   1.0682E+003   1.5567E+003   2.2779E+003   3.2844E+003   4.7110E+003   6.7148E+003   9.4595E+003   1.3038E+004   1.7486E+004   2.2534E+004   2.7413E+004   3.0826E+004   3.1168E+004   2.7389E+004   2.0156E+004   1.2066E+004   5.6390E+003   2.0561E+003   5.8143E+002   1.2058E+002
 1621003560.07921840    0.0115   9.0578E+005    5.2800   1.1331E+003   1.6508E+003   2.4143E+003   3.4782E+003   4.9834E+003   7.0913E+003   9.9659E+003   1.3689E+004   1.8272E+004   2.3393E+004   2.8212E+004   3.1378E+004   3.1318E+004   2.7157E+004   1.9777E+004   1.1810E+004   5.5903E+003   2.1113E+003   6.3635E+002   1.4598E+002
 1621003562.92688230    0.0113   6.6030E+005   18.7400   2.6067E+002   3.8114E+002   5.6044E+002   8.1370E+002   1.1791E+003   1.7058E+003   2.4561E+003   3.4930E+003   4.9016E+003   6.7386E+003   8.9743E+003   1.1429E+004   1.3675E+004   1.4905E+004   1.4250E+004   1.1367E+004   7.0088E+003   3.0832E+003   8.6652E+002   1.2565E+002
 1621003565.79172400    0.0114   6.6110E+005   17.2800   2.6307E+002   3.8463E+002   5.6554E+002   8.2105E+002   1.1896E+003   1.7208E+003   2.4771E+003   3.5218E+003   4.9397E+003   6.7865E+003   9.0298E+003   1.1485E+004   1.3719E+004   1.4921E+004   1.4233E+004   1.1331E+004   6.9854E+003   3.0874E+003   8.8090E+002   1.3252E+002
 1621003568.63586140    0.0113   6.5967E+005   20.0000   2.5895E+002   3.7863E+002   5.5678E+002   8.0843E+002   1.1715E+003   1.6951E+003   2.4410E+003   3.4724E+003   4.8743E+003   6.7042E+003   8.9345E+003   1.1389E+004   1.3644E+004   1.4893E+004   1.4263E+004   1.1393E+004   7.0254E+003   3.0792E+003   8.5534E+002   1.2053E+002
 1621003571.48938230    0.0200   9.7400E+005  999.0000   2.2612E+002   3.3092E+002   4.8725E+002   7.0880E+002   1.0300E+003   1.4963E+003   2.1676E+003   3.1103E+003   4.4216E+003   6.1947E+003   8.4778E+003   1.1226E+004   1.4207E+004   1.6739E+004   1.7807E+004   1.6322E+004   1.1979E+004   6.3734E+003   2.0982E+003   3.0496E+002
 1621003574.35422370    0.0200   9.7400E+005  999.0000   2.2612E+002   3.3092E+002   4.8725E+002   7.0880E+002   1.0300E+003   1.4963E+003   2.1676E+003   3.1103E+003   4.4216E+003   6.1947E+003   8.4778E+003   1.1226E+004   1.4207E+004   1.6739E+004   1.7807E+004   1.6322E+004   1.1979E+004   6.3734E+003   2.0982E+003   3.0496E+002
 1621003577.20187620    0.0200   9.7400E+005  999.0000   2.2612E+002   3.3092E+002   4.8725E+002   7.0880E+002   1.0300E+003   1.4963E+003   2.1676E+003   3.1103E+003   4.4216E+003   6.1947E+003   8.4778E+003   1.1226E+004   1.4207E+004   1.6739E+004   1.7807E+004   1.6322E+004   1.1979E+004   6.3734E+003   2.0982E+003   3.0496E+002
 1621003580.06672140    0.0200   9.7400E+005  999.0000   2.2612E+002   3.3092E+002   4.8725E+002   7.0880E+002   1.0300E+003   1.4963E+003   2.1676E+003   3.1103E+003   4.4216E+003   6.1947E+003   8.4778E+003   1.1226E+004   1.4207E+004   1.6739E+004   1.7807E+004   1.6322E+004   1.1979E+004   6.3734E+003   2.0982E+003   3.0496E+002
 1621003582.91438480    0.0112   7.3910E+005    9.8800   4.3851E+002   6.4054E+002   9.4050E+002   1.3627E+003   1.9685E+003   2.8352E+003   4.0554E+003   5.7129E+003   7.9066E+003   1.0655E+004   1.3794E+004   1.6882E+004   1.9112E+004   1.9352E+004   1.6838E+004   1.2022E+004   6.5905E+003   2.6423E+003   7.3045E+002   1.2314E+002
 1621003585.77922680    0.0114   7.4059E+005    9.0600   4.4829E+002   6.5476E+002   9.6123E+002   1.3924E+003   2.0109E+003   2.8950E+003   4.1382E+003   5.8243E+003   8.0502E+003   1.0828E+004   1.3982E+004   1.7054E+004   1.9222E+004   1.9363E+004   1.6758E+004   1.1922E+004   6.5458E+003   2.6567E+003   7.5726E+002   1.3572E+002
 1621003588.62687920    0.0112   7.3831E+005   10.3000   4.3449E+002   6.3469E+002   9.3197E+002   1.3504E+003   1.9511E+003   2.8106E+003   4.0213E+003   5.6671E+003   7.8476E+003   1.0584E+004   1.3716E+004   1.6812E+004   1.9069E+004   1.9351E+004   1.6873E+004   1.2064E+004   6.6070E+003   2.6331E+003   7.1725E+002   1.1739E+002
 1621003591.49172090    0.0100   9.6486E+005  999.0000   8.7522E+002   1.2781E+003   1.8758E+003   2.7162E+003   3.9204E+003   5.6389E+003   8.0493E+003   1.1304E+004   1.5570E+004   2.0822E+004   2.6622E+004   3.1916E+004   3.4859E+004   3.3137E+004   2.5711E+004   1.4915E+004   5.5469E+003   1.0962E+003   8.4042E+001   1.2695E+000
 1621003594.33585830    0.0107   9.7594E+005    6.8800   1.3297E+003   1.9374E+003   2.8339E+003   4.0840E+003   5.8538E+003   8.3345E+003   1.1722E+004   1.6118E+004   2.1540E+004   2.7612E+004   3.3321E+004   3.7018E+004   3.6738E+004   3.1386E+004   2.2131E+004   1.2445E+004   5.3109E+003   1.7100E+003   4.1051E+002   6.8635E+001
 1621003597.18937870    0.0100   8.7715E+005  999.0000   6.5812E+002   9.6145E+002   1.4119E+003   2.0462E+003   2.9570E+003   4.2610E+003   6.0989E+003   8.5989E+003   1.1913E+004   1.6068E+004   2.0802E+004   2.5398E+004   2.8499E+004   2.8180E+004   2.3168E+004   1.4616E+004   6.1569E+003   1.4587E+003   1.4601E+002   3.3356E+000
 1621003600.05422450    0.0100   8.2458E+005  999.0000   5.4701E+002   7.9931E+002   1.1743E+003   1.7026E+003   2.4623E+003   3.5521E+003   5.0924E+003   7.1969E+003   1.0005E+004   1.3564E+004   1.7692E+004   2.1839E+004   2.4906E+004   2.5215E+004   2.1462E+004   1.4238E+004   6.4632E+003   1.7074E+003   2.0055E+002   5.8730E+000
 1621003602.90188460    0.0100   8.2458E+005  999.0000   5.4701E+002   7.9931E+002   1.1743E+003   1.7026E+003   2.4623E+003   3.5521E+003   5.0924E+003   7.1969E+003   1.0005E+004   1.3564E+004   1.7692E+004   2.1839E+004   2.4906E+004   2.5215E+004   2.1462E+004   1.4238E+004   6.4632E+003   1.7074E+003   2.0055E+002   5.8730E+000
 1621003605.76671840    0.0112   8.4241E+005    6.9600   7.8239E+002   1.1413E+003   1.6724E+003   2.4161E+003   3.4757E+003   4.9751E+003   7.0522E+003   9.8062E+003   1.3320E+004   1.7475E+004   2.1788E+004   2.5323E+004   2.6732E+004   2.4750E+004   1.9316E+004   1.2245E+004   5.9858E+003   2.2179E+003   6.0964E+002   1.1550E+002
 1621003608.61438180    0.0115   7.3368E+005    8.4800   4.3579E+002   6.3650E+002   9.3442E+002   1.3536E+003   1.9547E+003   2.8141E+003   4.0224E+003   5.6611E+003   7.8243E+003   1.0525E+004   1.3591E+004   1.6581E+004   1.8702E+004   1.8871E+004   1.6393E+004   1.1749E+004   6.5420E+003   2.7209E+003   8.0732E+002   1.5430E+002
 1621003611.47922400    0.0100   7.1009E+005  999.0000   3.4972E+002   5.1129E+002   7.5170E+002   1.0911E+003   1.5806E+003   2.2855E+003   3.2882E+003   4.6711E+003   6.5431E+003   8.9699E+003   1.1892E+004   1.5033E+004   1.7760E+004   1.8929E+004   1.7378E+004   1.2864E+004   6.8717E+003   2.3011E+003   3.8314E+002   1.9290E+001
 1621003614.32687620    0.0115   7.3308E+005    8.7200   4.3248E+002   6.3169E+002   9.2740E+002   1.3435E+003   1.9404E+003   2.7939E+003   3.9945E+003   5.6235E+003   7.7760E+003   1.0466E+004   1.3528E+004   1.6524E+004   1.8666E+004   1.8869E+004   1.6420E+004   1.1782E+004   6.5568E+003   2.7159E+003   7.9775E+002   1.4950E+002
 1621003617.19172140    0.1770   0.0000E+000    2.0100   0.0000E+000   0.0000E+000   0.0000E+000   0.0000E+000   0.0000E+000   0.0000E+000   0.0000E+000   0.0000E+000   0.0000E+000   0.0000E+000   0.0000E+000   0.0000E+000   0.0000E+000   0.0000E+000   0.0000E+000   0.0000E+000   0.0000E+000   0.0000E+000   0.0000E+000   0.0000E+000
 1621003620.03586670    0.1770   0.0000E+000    2.0100   0.0000E+000   0.0000E+000   0.0000E+000   0.0000E+000   0.0000E+000   0.0000E+000   0.0000E+000   0.0000E+000   0.0000E+000   0.0000E+000   0.0000E+000   0.0000E+000   0.0000E+000   0.0000E+000   0.0000E+000   0.0000E+000   0.0000E+000   0.0000E+000   0.0000E+000   0.0000E+000
 1621003622.88937620    0.1770   0.0000E+000    2.0100   0.0000E+000   0.0000E+000   0.0000E+000   0.0000E+000   0.0000E+000   0.0000E+000   0.0000E+000   0.0000E+000   0.0000E+000   0.0000E+000   0.0000E+000   0.0000E+000   0.0000E+000   0.0000E+000   0.0000E+000   0.0000E+000   0.0000E+000   0.0000E+000   0.0000E+000   0.0000E+000
 1621003625.75422140    0.0100   4.2245E+005  999.0000   7.3844E+001   1.0810E+002   1.5924E+002   2.3179E+002   3.3712E+002   4.9042E+002   7.1186E+002   1.0244E+003   1.4625E+003   2.0619E+003   2.8479E+003   3.8223E+003   4.9343E+003   5.9847E+003   6.6442E+003   6.4792E+003   5.2133E+003   3.1720E+003   1.2726E+003   2.5163E+002
 1621003628.60188150    0.0100   4.2245E+005  999.0000   7.3844E+001   1.0810E+002   1.5924E+002   2.3179E+002   3.3712E+002   4.9042E+002   7.1186E+002   1.0244E+003   1.4625E+003   2.0619E+003   2.8479E+003   3.8223E+003   4.9343E+003   5.9847E+003   6.6442E+003   6.4792E+003   5.2133E+003   3.1720E+003   1.2726E+003   2.5163E+002
 1621003631.46671580    0.0100   4.2245E+005  999.0000   7.3844E+001   1.0810E+002   1.5924E+002   2.3179E+002   3.3712E+002   4.9042E+002   7.1186E+002   1.0244E+003   1.4625E+003   2.0619E+003   2.8479E+003   3.8223E+003   4.9343E+003   5.9847E+003   6.6442E+003   6.4792E+003   5.2133E+003   3.1720E+003   1.2726E+003   2.5163E+002
 1621003634.31437920    0.1770   0.0000E+000    2.0100   0.0000E+000   0.0000E+000   0.0000E+000   0.0000E+000   0.0000E+000   0.0000E+000   0.0000E+000   0.0000E+000   0.0000E+000   0.0000E+000   0.0000E+000   0.0000E+000   0.0000E+000   0.0000E+000   0.0000E+000   0.0000E+000   0.0000E+000   0.0000E+000   0.0000E+000   0.0000E+000
 1621003637.17922450    0.1770   0.0000E+000    2.0100   0.0000E+000   0.0000E+000   0.0000E+000   0.0000E+000   0.0000E+000   0.0000E+000   0.0000E+000   0.0000E+000   0.0000E+000   0.0000E+000   0.0000E+000   0.0000E+000   0.0000E+000   0.0000E+000   0.0000E+000   0.0000E+000   0.0000E+000   0.0000E+000   0.0000E+000   0.0000E+000
 1621003640.02688460    0.1770   0.0000E+000    2.0100   0.0000E+000   0.0000E+000   0.0000E+000   0.0000E+000   0.0000E+000   0.0000E+000   0.0000E+000   0.0000E+000   0.0000E+000   0.0000E+000   0.0000E+000   0.0000E+000   0.0000E+000   0.0000E+000   0.0000E+000   0.0000E+000   0.0000E+000   0.0000E+000   0.0000E+000   0.0000E+000
 1621003642.89171890    0.0132   6.7173E+005    6.6000   2.9498E+002   4.3101E+002   6.3313E+002   9.1792E+002   1.3273E+003   1.9144E+003   2.7441E+003   3.8778E+003   5.3919E+003   7.3169E+003   9.5714E+003   1.1900E+004   1.3804E+004   1.4509E+004   1.3378E+004   1.0441E+004   6.5754E+003   3.2436E+003   1.2132E+003   3.1884E+002
 1621003645.73938230    0.0114   6.4889E+005   19.9800   2.4129E+002   3.5284E+002   5.1891E+002   7.5357E+002   1.0923E+003   1.5811E+003   2.2781E+003   3.2433E+003   4.5581E+003   6.2803E+003   8.3908E+003   1.0735E+004   1.2930E+004   1.4222E+004   1.3769E+004   1.1165E+004   7.0295E+003   3.1675E+003   9.1199E+002   1.3463E+002
 1621003648.60422370    0.0117   6.5282E+005   14.1000   2.5149E+002   3.6770E+002   5.4065E+002   7.8489E+002   1.1372E+003   1.6449E+003   2.3677E+003   3.3661E+003   4.7210E+003   6.4855E+003   8.6293E+003   1.0978E+004   1.3122E+004   1.4298E+004   1.3698E+004   1.1009E+004   6.9242E+003   3.1828E+003   9.7750E+002   1.6874E+002
 1621003651.44836140    0.0114   6.4889E+005   19.9800   2.4129E+002   3.5284E+002   5.1891E+002   7.5357E+002   1.0923E+003   1.5811E+003   2.2781E+003   3.2433E+003   4.5581E+003   6.2803E+003   8.3908E+003   1.0735E+004   1.2930E+004   1.4222E+004   1.3769E+004   1.1165E+004   7.0295E+003   3.1675E+003   9.1199E+002   1.3463E+002
 1621003654.30188180    0.0000   0.0000E+000    2.0100          -NaN          -NaN          -NaN          -NaN          -NaN          -NaN          -NaN          -NaN          -NaN          -NaN          -NaN          -NaN          -NaN          -NaN          -NaN          -NaN          -NaN          -NaN          -NaN          -NaN
 1621003657.16672400    0.0000   0.0000E+000    2.0100          -NaN          -NaN          -NaN          -NaN          -NaN          -NaN          -NaN          -NaN          -NaN          -NaN          -NaN          -NaN          -NaN          -NaN          -NaN          -NaN          -NaN          -NaN          -NaN          -NaN
 1621003660.01437620    0.0000   0.0000E+000    2.0100          -NaN          -NaN          -NaN          -NaN          -NaN          -NaN          -NaN          -NaN          -NaN          -NaN          -NaN          -NaN          -NaN          -NaN          -NaN          -NaN          -NaN          -NaN          -NaN          -NaN
 1621003662.87922140    0.0000   0.0000E+000    2.0100          -NaN          -NaN          -NaN          -NaN          -NaN          -NaN          -NaN          -NaN          -NaN          -NaN          -NaN          -NaN          -NaN          -NaN          -NaN          -NaN          -NaN          -NaN          -NaN          -NaN
 1621003665.72688480    0.0000   0.0000E+000    2.0100          -NaN          -NaN          -NaN          -NaN          -NaN          -NaN          -NaN          -NaN          -NaN          -NaN          -NaN          -NaN          -NaN          -NaN          -NaN          -NaN          -NaN          -NaN          -NaN          -NaN
 1621003668.59172680    0.0000   1.5866E+006    2.0100          -NaN          -NaN          -NaN          -NaN          -NaN          -NaN          -NaN          -NaN          -NaN          -NaN          -NaN          -NaN          -NaN          -NaN          -NaN          -NaN          -NaN          -NaN          -NaN          -NaN
 1621003671.43937870    0.0112   3.1541E+006    2.9900   1.3415E+005   1.8728E+005   2.5722E+005   3.3953E+005   4.2979E+005   5.1396E+005   5.6870E+005   5.6952E+005   5.0594E+005   3.9185E+005   2.6278E+005   1.5288E+005   7.7440E+004   3.5135E+004   1.4483E+004   5.6008E+003   2.0220E+003   7.0533E+002   2.3773E+002   7.4136E+001
 1621003674.30422090    0.0107   3.1495E+006    3.2900   1.1114E+005   1.5616E+005   2.1649E+005   2.8940E+005   3.7272E+005   4.5609E+005   5.1968E+005   5.3883E+005   4.9732E+005   3.9986E+005   2.7645E+005   1.6368E+005   8.2883E+004   3.6835E+004   1.4576E+004   5.3180E+003   1.7829E+003   5.7113E+002   1.7515E+002   4.9118E+001
 1621003677.14835830    0.0119   3.1585E+006    2.7600   1.6229E+005   2.2493E+005   3.0571E+005   3.9788E+005   4.9419E+005   5.7645E+005   6.1837E+005   5.9755E+005   5.1107E+005   3.8197E+005   2.4915E+005   1.4281E+005   7.2420E+004   3.3460E+004   1.4273E+004   5.7882E+003   2.2171E+003   8.2725E+002   3.0021E+002   1.0168E+002
 1621003680.00187920    0.0000   0.0000E+000    2.0100          -NaN          -NaN          -NaN          -NaN          -NaN          -NaN          -NaN          -NaN          -NaN          -NaN          -NaN          -NaN          -NaN          -NaN          -NaN          -NaN          -NaN          -NaN          -NaN          -NaN
 1621003682.86672450    0.0000   0.0000E+000    2.0100          -NaN          -NaN          -NaN          -NaN          -NaN          -NaN          -NaN          -NaN          -NaN          -NaN          -NaN          -NaN          -NaN          -NaN          -NaN          -NaN          -NaN          -NaN          -NaN          -NaN
 1621003685.71438410    0.0000   0.0000E+000    2.0100          -NaN          -NaN          -NaN          -NaN          -NaN          -NaN          -NaN          -NaN          -NaN          -NaN          -NaN          -NaN          -NaN          -NaN          -NaN          -NaN          -NaN          -NaN          -NaN          -NaN
 1621003688.57921840    0.0000   0.0000E+000    2.0100          -NaN          -NaN          -NaN          -NaN          -NaN          -NaN          -NaN          -NaN          -NaN          -NaN          -NaN          -NaN          -NaN          -NaN          -NaN          -NaN          -NaN          -NaN          -NaN          -NaN
 1621003691.42688230    0.0000   0.0000E+000    2.0100          -NaN          -NaN          -NaN          -NaN          -NaN          -NaN          -NaN          -NaN          -NaN          -NaN          -NaN          -NaN          -NaN          -NaN          -NaN          -NaN          -NaN          -NaN          -NaN          -NaN
 1621003694.29172400    0.0000   0.0000E+000    2.0100          -NaN          -NaN          -NaN          -NaN          -NaN          -NaN          -NaN          -NaN          -NaN          -NaN          -NaN          -NaN          -NaN          -NaN          -NaN          -NaN          -NaN          -NaN          -NaN          -NaN
 1621003697.13937620    0.0000   0.0000E+000    2.0100          -NaN          -NaN          -NaN          -NaN          -NaN          -NaN          -NaN          -NaN          -NaN          -NaN          -NaN          -NaN          -NaN          -NaN          -NaN          -NaN          -NaN          -NaN          -NaN          -NaN
 1621003700.00422140    0.0916   1.4706E+007    6.2000   6.6201E+004   9.5909E+004   1.3910E+005   1.9804E+005   2.7888E+005   3.8694E+005   5.2415E+005   6.8309E+005   8.4576E+005   9.7390E+005   1.0149E+006   9.2725E+005   7.1361E+005   4.4698E+005   2.1990E+005   8.4259E+004   2.4477E+004   5.5965E+003   1.0217E+003   1.4087E+002
 1621003702.85188480    0.0913   1.4702E+007    6.5200   6.4169E+004   9.2996E+004   1.3494E+005   1.9225E+005   2.7100E+005   3.7655E+005   5.1112E+005   6.6800E+005   8.3030E+005   9.6101E+005   1.0078E+006   9.2749E+005   7.1893E+005   4.5257E+005   2.2260E+005   8.4521E+004   2.4018E+004   5.2907E+003   9.1530E+002   1.1729E+002
 1621003705.71672680    0.0913   1.4702E+007    6.5800   6.3797E+004   9.2461E+004   1.3418E+005   1.9119E+005   2.6955E+005   3.7463E+005   5.0870E+005   6.6518E+005   8.2739E+005   9.5853E+005   1.0064E+006   9.2743E+005   7.1987E+005   4.5362E+005   2.2314E+005   8.4599E+004   2.3948E+004   5.2403E+003   8.9780E+002   1.1351E+002
 1621003708.56086440    0.2918   5.4018E+007    7.3000   2.8907E+005   4.1852E+005   6.0639E+005   8.6212E+005   1.2115E+006   1.6758E+006   2.2596E+006   2.9250E+006   3.5855E+006   4.0676E+006   4.1462E+006   3.6664E+006   2.6880E+006   1.5701E+006   6.9959E+005   2.3453E+005   5.7069E+004   1.0473E+004   1.4689E+003   1.4735E+002
 1621003711.41438480    0.2941   5.4052E+007    5.8200   3.3348E+005   4.8199E+005   6.9661E+005   9.8689E+005   1.3798E+006   1.8946E+006   2.5282E+006   3.2260E+006   3.8783E+006   4.2900E+006   4.2405E+006   3.6249E+006   2.5750E+006   1.4771E+006   6.6509E+005   2.3585E+005   6.4689E+004   1.4379E+004   2.6358E+003   3.7757E+002
 1621003714.27922680    0.3017   5.4154E+007    4.4500   4.2107E+005   6.0670E+005   8.7280E+005   1.2285E+006   1.7016E+006   2.3055E+006   3.0192E+006   3.7553E+006   4.3641E+006   4.6246E+006   4.3477E+006   3.5265E+006   2.3941E+006   1.3431E+006   6.1629E+005   2.3588E+005   7.4980E+004   2.0767E+004   5.0891E+003   1.0549E+003
 1621003717.12687920    0.5000   9.1351E+007    5.3200   6.0300E+005   8.7080E+005   1.2569E+006   1.7775E+006   2.4787E+006   3.3908E+006   4.5010E+006   5.7019E+006   6.7889E+006   7.4171E+006   7.2245E+006   6.0795E+006   4.2588E+006   2.4254E+006   1.0984E+006   3.9922E+005   1.1501E+005   2.7556E+004   5.5871E+003   9.1165E+002
 1621003719.99172090    0.5082   9.1457E+007    4.5400   6.9678E+005   1.0042E+006   1.4453E+006   2.0356E+006   2.8220E+006   3.8283E+006   5.0222E+006   6.2614E+006   7.2990E+006   7.7646E+006   7.3318E+006   5.9736E+006   4.0704E+006   2.2873E+006   1.0478E+006   3.9863E+005   1.2531E+005   3.4158E+004   8.2004E+003   1.6570E+003
 1621003722.83937310    0.4998   9.1348E+007    5.3400   6.0126E+005   8.6832E+005   1.2534E+006   1.7727E+006   2.4723E+006   3.3826E+006   4.4910E+006   5.6912E+006   6.7789E+006   7.4101E+006   7.2223E+006   6.0816E+006   4.2627E+006   2.4283E+006   1.0993E+006   3.9914E+005   1.1475E+005   2.7407E+004   5.5337E+003   8.9812E+002
 1621003725.70421860    0.7330   1.4226E+008    7.7200   8.0959E+005   1.1718E+006   1.6972E+006   2.4115E+006   3.3860E+006   4.6777E+006   6.2959E+006   8.1279E+006   9.9236E+006   1.1192E+007   1.1310E+007   9.8750E+006   7.1058E+006   4.0410E+006   1.7342E+006   5.5271E+005   1.2579E+005   2.1244E+004   2.6970E+003   2.3984E+002
 1621003728.55188180    0.7684   1.3941E+008    6.3400   7.8534E+005   1.1362E+006   1.6444E+006   2.3342E+006   3.2729E+006   4.5124E+006   6.0568E+006   7.7914E+006   9.4708E+006   1.0629E+007   1.0698E+007   9.3373E+006   6.7764E+006   3.9545E+006   1.7928E+006   6.2903E+005   1.6663E+005   3.4806E+004   5.8273E+003   7.3812E+002
 1621003731.41672370    0.7635   1.3934E+008    8.0400   6.8775E+005   9.9645E+005   1.4454E+006   2.0581E+006   2.8988E+006   4.0229E+006   5.4501E+006   7.1016E+006   8.7849E+006   1.0089E+007   1.0446E+007   9.4114E+006   7.0415E+006   4.1865E+006   1.8822E+006   6.2572E+005   1.4697E+005   2.5163E+004   3.1688E+003   2.7255E+002
 1621003734.26437620    0.7661   1.3938E+008    6.9200   7.4438E+005   1.0776E+006   1.5610E+006   2.2187E+006   3.1168E+006   4.3088E+006   5.8056E+006   7.5078E+006   9.1919E+006   1.0413E+007   1.0602E+007   9.3714E+006   6.8833E+006   4.0457E+006   1.8279E+006   6.2816E+005   1.5906E+005   3.0882E+004   4.6650E+003   5.1487E+002
 1621003737.12922140    0.7840   1.6055E+008    6.9200   1.0824E+006   1.5643E+006   2.2606E+006   3.2019E+006   4.4754E+006   6.1417E+006   8.1880E+006   1.0430E+007   1.2501E+007   1.3751E+007   1.3455E+007   1.1295E+007   7.7717E+006   4.2292E+006   1.7530E+006   5.5128E+005   1.2794E+005   2.2975E+004   3.2474E+003   3.3903E+002
 1621003739.97336670    0.7849   1.6056E+008    6.6000   1.1141E+006   1.6095E+006   2.3246E+006   3.2901E+006   4.5935E+006   6.2938E+006   8.3718E+006   1.0632E+007   1.2689E+007   1.3883E+007   1.3497E+007   1.1252E+007   7.6947E+006   4.1759E+006   1.7380E+006   5.5449E+005   1.3243E+005   2.4857E+004   3.7329E+003   4.2199E+002
 1621003742.82687620    0.7815   1.6051E+008    8.8000   9.5783E+005   1.3864E+006   2.0078E+006   2.8528E+006   4.0054E+006   5.5326E+006   7.4442E+006   9.6045E+006   1.1712E+007   1.3176E+007   1.3251E+007   1.1462E+007   8.1043E+006   4.4676E+006   1.8190E+006   5.3409E+005   1.0756E+005   1.5378E+004   1.5756E+003   1.0660E+002
 1621003745.69172140    0.7822   1.6490E+008    7.9000   1.0915E+006   1.5783E+006   2.2825E+006   3.2365E+006   4.5305E+006   6.2308E+006   8.3319E+006   1.0657E+007   1.2840E+007   1.4214E+007   1.4001E+007   1.1814E+007   8.1275E+006   4.3713E+006   1.7548E+006   5.1886E+005   1.0876E+005   1.6876E+004   1.9674E+003   1.6024E+002
 1621003748.53938480    0.7847   1.6494E+008    6.5200   1.2171E+006   1.7574E+006   2.5363E+006   3.5858E+006   4.9984E+006   6.8329E+006   9.0587E+006   1.1451E+007   1.3579E+007   1.4726E+007   1.4153E+007   1.1630E+007   7.8185E+006   4.1651E+006   1.7019E+006   5.3456E+005   1.2625E+005   2.3585E+004   3.5490E+003   4.0488E+002
 1621003751.40422680    0.7815   1.6489E+008    8.6400   1.0463E+006   1.5138E+006   2.1909E+006   3.1099E+006   4.3601E+006   6.0101E+006   8.0625E+006   1.0358E+007   1.2556E+007   1.4009E+007   1.3933E+007   1.1880E+007   8.2503E+006   4.4558E+006   1.7756E+006   5.1131E+005   1.0150E+005   1.4427E+004   1.4852E+003   1.0221E+002
 1621003754.25187920    0.8433   1.9683E+008    6.6600   1.7593E+006   2.5366E+006   3.6525E+006   5.1474E+006   7.1420E+006   9.6974E+006   1.2732E+007   1.5873E+007   1.8461E+007   1.9491E+007   1.8072E+007   1.4177E+007   8.9893E+006   4.4697E+006   1.6897E+006   4.8886E+005   1.0609E+005   1.8257E+004   2.5398E+003   2.6817E+002
 1621003757.11672090    0.8439   1.9684E+008    6.3800   1.8092E+006   2.6074E+006   3.7522E+006   5.2834E+006   7.3217E+006   9.9240E+006   1.2997E+007   1.6149E+007   1.8698E+007   1.9631E+007   1.8084E+007   1.4093E+007   8.8906E+006   4.4164E+006   1.6805E+006   4.9458E+005   1.1067E+005   1.9915E+004   2.9380E+003   3.3429E+002
 1621003759.96437310    0.8426   1.9682E+008    6.9600   1.7128E+006   2.4704E+006   3.5593E+006   5.0201E+006   6.9734E+006   9.4843E+006   1.2481E+007   1.5610E+007   1.8233E+007   1.9354E+007   1.8059E+007   1.4257E+007   9.0854E+006   4.5215E+006   1.6981E+006   4.8283E+005   1.0154E+005   1.6682E+004   2.1826E+003   2.1301E+002
 1621003762.82921840    0.8438   1.9684E+008    6.4200   1.8018E+006   2.5969E+006   3.7375E+006   5.2633E+006   7.2952E+006   9.8906E+006   1.2958E+007   1.6109E+007   1.8664E+007   1.9611E+007   1.8083E+007   1.4105E+007   8.9050E+006   4.4240E+006   1.6817E+006   4.9369E+005   1.0998E+005   1.9662E+004   2.8761E+003   3.2374E+002
 1621003765.67688230    0.7019   2.0344E+008    6.1400   2.9411E+006   4.2188E+006   6.0286E+006   8.4048E+006   1.1481E+007   1.5243E+007   1.9380E+007   2.3107E+007   2.5280E+007   2.4602E+007   2.0566E+007   1.4235E+007   7.8264E+006   3.3606E+006   1.1087E+006   2.8802E+005   5.8370E+004   9.8372E+003   1.4052E+003   1.5967E+002
 1621003768.54172400    0.7017   2.0343E+008    6.2600   2.9016E+006   4.1631E+006   5.9513E+006   8.3013E+006   1.1348E+007   1.5082E+007   1.9204E+007   2.2942E+007   2.5162E+007   2.4561E+007   2.0598E+007   1.4299E+007   7.8732E+006   3.3763E+006   1.1077E+006   2.8461E+005   5.6690E+004   9.3347E+003   1.2955E+003   1.4211E+002
 1621003771.38586140    0.7024   2.0344E+008    5.8800   3.0369E+006   4.3536E+006   6.2157E+006   8.6549E+006   1.1802E+007   1.5629E+007   1.9802E+007   2.3502E+007   2.5559E+007   2.4697E+007   2.0488E+007   1.4086E+007   7.7169E+006   3.3230E+006   1.1101E+006   2.9554E+005   6.2232E+004   1.1040E+004   1.6800E+003   2.0619E+002
 1621003774.23938230    0.6119   1.9937E+008    5.6200   3.8842E+006   5.5482E+006   7.8789E+006   1.0888E+007   1.4688E+007   1.9152E+007   2.3740E+007   2.7347E+007   2.8573E+007   2.6220E+007   2.0425E+007   1.3069E+007   6.6336E+006   2.6588E+006   8.3712E+005   2.1431E+005   4.4416E+004   7.9454E+003   1.2464E+003   1.6109E+002
 1621003777.10422370    0.6119   1.9937E+008    5.5800   3.9079E+006   5.5812E+006   7.9243E+006   1.0948E+007   1.4763E+007   1.9239E+007   2.3831E+007   2.7425E+007   2.8621E+007   2.6227E+007   2.0402E+007   1.3039E+007   6.6158E+006   2.6540E+006   8.3781E+005   2.1548E+005   4.4965E+004   8.1145E+003   1.2864E+003   1.6834E+002
 1621003779.95187620    0.6114   1.9936E+008    5.8600   3.7579E+006   5.3715E+006   7.6361E+006   1.0568E+007   1.4286E+007   1.8682E+007   2.3251E+007   2.6924E+007   2.8318E+007   2.6185E+007   2.0556E+007   1.3234E+007   6.7303E+006   2.6829E+006   8.3155E+005   2.0710E+005   4.1215E+004   6.9985E+003   1.0313E+003   1.2372E+002
 1621003782.81672140    0.6109   1.9935E+008    6.3800   3.5333E+006   5.0570E+006   7.2027E+006   9.9949E+006   1.3562E+007   1.7830E+007   2.2354E+007   2.6136E+007   2.7826E+007   2.6101E+007   2.0794E+007   1.3547E+007   6.9165E+006   2.7284E+006   8.1963E+005   1.9303E+005   3.5332E+004   5.3804E+003   6.9483E+002   7.1130E+001
 1621003785.66438480    0.4917   1.9257E+008    5.0400   5.9241E+006   8.3950E+006   1.1783E+007   1.6018E+007   2.1108E+007   2.6626E+007   3.1523E+007   3.4152E+007   3.2953E+007   2.7409E+007   1.9073E+007   1.0835E+007   4.9110E+006   1.7990E+006   5.3661E+005   1.3607E+005   2.9264E+004   5.6710E+003   1.0003E+003   1.5094E+002
 1621003788.52922680    0.4916   1.9256E+008    5.0800   5.8797E+006   8.3338E+006   1.1700E+007   1.5912E+007   2.0981E+007   2.6489E+007   3.1395E+007   3.4060E+007   3.2918E+007   2.7428E+007   1.9117E+007   1.0870E+007   4.9255E+006   1.8007E+006   5.3492E+005   1.3480E+005   2.8750E+004   5.5154E+003   9.6169E+002   1.4318E+002
 1621003791.37687920    0.4900   1.9254E+008  999.0000   2.8150E+006   4.0563E+006   5.8355E+006   8.2117E+006   1.1366E+007   1.5366E+007   2.0018E+007   2.4604E+007   2.7853E+007   2.7918E+007   2.3423E+007   1.5170E+007   6.6622E+006   1.6814E+006   1.8633E+005   6.4841E+003   3.7513E+001   1.7835E-002   2.0690E-007   4.3305E-015
 1621003794.24172450    0.3721   1.7647E+008    4.3700   9.2116E+006   1.2889E+007   1.7755E+007   2.3522E+007   2.9891E+007   3.5857E+007   3.9669E+007   3.9399E+007   3.4165E+007   2.5142E+007   1.5399E+007   7.7732E+006   3.2116E+006   1.1183E+006   3.3339E+005   8.8947E+004   2.1136E+004   4.7110E+003   9.8807E+002   1.8366E+002
 1621003797.08938460    0.3714   1.7646E+008    4.5900   8.6990E+006   1.2197E+007   1.6853E+007   2.2418E+007   2.8651E+007   3.4634E+007   3.8695E+007   3.8891E+007   3.4170E+007   2.5465E+007   1.5743E+007   7.9683E+006   3.2687E+006   1.1166E+006   3.2246E+005   8.2388E+004   1.8545E+004   3.8844E+003   7.6050E+002   1.3082E+002
 1621003799.95421860    0.3710   1.7645E+008    4.8300   8.2343E+006   1.1568E+007   1.6028E+007   2.1403E+007   2.7499E+007   3.3480E+007   3.7757E+007   3.8379E+007   3.4151E+007   2.5768E+007   1.6080E+007   8.1620E+006   3.3243E+006   1.1136E+006   3.1109E+005   7.5939E+004   1.6135E+004   3.1617E+003   5.7472E+002   9.0910E+001
 1621003802.79836370    0.3707   1.7645E+008    5.1000   7.8001E+006   1.0978E+007   1.5251E+007   2.0441E+007   2.6397E+007   3.2362E+007   3.6828E+007   3.7852E+007   3.4108E+007   2.6059E+007   1.6419E+007   8.3600E+006   3.3803E+006   1.1093E+006   2.9910E+005   6.9487E+004   1.3860E+004   2.5232E+003   4.2237E+002   6.0850E+001
 1621003805.65187310    0.2804   1.7057E+008    4.7800   1.2826E+007   1.7799E+007   2.4225E+007   3.1556E+007   3.9156E+007   4.5424E+007   4.7991E+007   4.4850E+007   3.5952E+007   2.4000E+007   1.3102E+007   5.8055E+006   2.0780E+006   6.2251E+005   1.5885E+005   3.6245E+004   7.3430E+003   1.3964E+003   2.4972E+002   3.9265E+001
 1621003808.51671840    0.2800   1.7057E+008  999.0000   5.8697E+006   8.3761E+006   1.1875E+007   1.6367E+007   2.1971E+007   2.8393E+007   3.4603E+007   3.8591E+007   3.7870E+007   3.0768E+007   1.8996E+007   7.8614E+006   1.7812E+006   1.7188E+005   4.6647E+003   2.1412E+001   6.2949E-003   4.1516E-008   1.0152E-015   1.9950E-027
 1621003811.36438180    0.2800   1.7057E+008  999.0000   5.8697E+006   8.3761E+006   1.1875E+007   1.6367E+007   2.1971E+007   2.8393E+007   3.4603E+007   3.8591E+007   3.7870E+007   3.0768E+007   1.8996E+007   7.8614E+006   1.7812E+006   1.7188E+005   4.6647E+003   2.1412E+001   6.2949E-003   4.1516E-008   1.0152E-015   1.9950E-027
 1621003814.22922400    0.2200   1.0377E+008  999.0000   2.1695E+006   3.1151E+006   4.4577E+006   6.2254E+006   8.5211E+006   1.1333E+007   1.4409E+007   1.7094E+007   1.8370E+007   1.7057E+007   1.2798E+007   7.0406E+006   2.4292E+006   4.3173E+005   2.8630E+004   4.7527E+002   9.2407E-001   9.1476E-005   1.0987E-010   7.4516E-020
 1621003817.07687620    0.2200   1.0377E+008  999.0000   2.1695E+006   3.1151E+006   4.4577E+006   6.2254E+006   8.5211E+006   1.1333E+007   1.4409E+007   1.7094E+007   1.8370E+007   1.7057E+007   1.2798E+007   7.0406E+006   2.4292E+006   4.3173E+005   2.8630E+004   4.7527E+002   9.2407E-001   9.1476E-005   1.0987E-010   7.4516E-020
 1621003819.94172140    0.2200   1.0377E+008  999.0000   2.1695E+006   3.1151E+006   4.4577E+006   6.2254E+006   8.5211E+006   1.1333E+007   1.4409E+007   1.7094E+007   1.8370E+007   1.7057E+007   1.2798E+007   7.0406E+006   2.4292E+006   4.3173E+005   2.8630E+004   4.7527E+002   9.2407E-001   9.1476E-005   1.0987E-010   7.4516E-020
 1621003822.78938150    0.2200   1.0377E+008  999.0000   2.1695E+006   3.1151E+006   4.4577E+006   6.2254E+006   8.5211E+006   1.1333E+007   1.4409E+007   1.7094E+007   1.8370E+007   1.7057E+007   1.2798E+007   7.0406E+006   2.4292E+006   4.3173E+005   2.8630E+004   4.7527E+002   9.2407E-001   9.1476E-005   1.0987E-010   7.4516E-020
 1621003825.65421530    0.2200   1.1293E+008  999.0000   2.7854E+006   3.9919E+006   5.6964E+006   7.9235E+006   1.0782E+007   1.4215E+007   1.7843E+007   2.0776E+007   2.1720E+007   1.9368E+007   1.3698E+007   6.9126E+006   2.0995E+006   3.1003E+005   1.5677E+004   1.7612E+002   1.9281E-001   8.3650E-006   3.0606E-012   3.4662E-022
 1621003828.50187920    0.2200   1.1293E+008  999.0000   2.7854E+006   3.9919E+006   5.6964E+006   7.9235E+006   1.0782E+007   1.4215E+007   1.7843E+007   2.0776E+007   2.1720E+007   1.9368E+007   1.3698E+007   6.9126E+006   2.0995E+006   3.1003E+005   1.5677E+004   1.7612E+002   1.9281E-001   8.3650E-006   3.0606E-012   3.4662E-022
 1621003831.36672450    0.2200   1.1293E+008  999.0000   2.7854E+006   3.9919E+006   5.6964E+006   7.9235E+006   1.0782E+007   1.4215E+007   1.7843E+007   2.0776E+007   2.1720E+007   1.9368E+007   1.3698E+007   6.9126E+006   2.0995E+006   3.1003E+005   1.5677E+004   1.7612E+002   1.9281E-001   8.3650E-006   3.0606E-012   3.4662E-022
 1621003834.21438410    0.1400   1.5004E+008  999.0000   1.5284E+007   2.1361E+007   2.9354E+007   3.8691E+007   4.8653E+007   5.7089E+007   6.0334E+007   5.4668E+007   3.9531E+007   2.0510E+007   6.5813E+006   1.0487E+006   5.8137E+004   7.2926E+002   1.0109E+000   6.5527E-005   3.8416E-011   3.7138E-020   3.3317E-033   6.6626E-053
 1621003837.07921840    0.1400   1.5004E+008  999.0000   1.5284E+007   2.1361E+007   2.9354E+007   3.8691E+007   4.8653E+007   5.7089E+007   6.0334E+007   5.4668E+007   3.9531E+007   2.0510E+007   6.5813E+006   1.0487E+006   5.8137E+004   7.2926E+002   1.0109E+000   6.5527E-005   3.8416E-011   3.7138E-020   3.3317E-033   6.6626E-053
 1621003839.92336750    0.1400   1.5004E+008  999.0000   1.5284E+007   2.1361E+007   2.9354E+007   3.8691E+007   4.8653E+007   5.7089E+007   6.0334E+007   5.4668E+007   3.9531E+007   2.0510E+007   6.5813E+006   1.0487E+006   5.8137E+004   7.2926E+002   1.0109E+000   6.5527E-005   3.8416E-011   3.7138E-020   3.3317E-033   6.6626E-053
 1621003842.77688410    0.1400   1.5004E+008  999.0000   1.5284E+007   2.1361E+007   2.9354E+007   3.8691E+007   4.8653E+007   5.7089E+007   6.0334E+007   5.4668E+007   3.9531E+007   2.0510E+007   6.5813E+006   1.0487E+006   5.8137E+004   7.2926E+002   1.0109E+000   6.5527E-005   3.8416E-011   3.7138E-020   3.3317E-033   6.6626E-053
 1621003845.64171890    0.1400   1.2199E+008  999.0000   8.3759E+006   1.1812E+007   1.6454E+007   2.2110E+007   2.8601E+007   3.4992E+007   3.9335E+007   3.8995E+007   3.2182E+007   2.0273E+007   8.6345E+006   2.0789E+006   2.1177E+005   6.4097E+003   3.2030E+001   1.2980E-002   1.0955E-007   4.5964E-015   8.3677E-026   3.8566E-042
 1621003848.48938230    0.1800   1.3566E+008  999.0000   7.0468E+006   9.9907E+006   1.4027E+007   1.9065E+007   2.5075E+007   3.1442E+007   3.6650E+007   3.8305E+007   3.4168E+007   2.4128E+007   1.2139E+007   3.7267E+006   5.4332E+005   2.7651E+004   2.9483E+002   3.5386E-001   1.4583E-005   5.8247E-012   2.5969E-021   1.3294E-035
 1621003851.35422370    0.1800   1.3566E+008  999.0000   7.0468E+006   9.9907E+006   1.4027E+007   1.9065E+007   2.5075E+007   3.1442E+007   3.6650E+007   3.8305E+007   3.4168E+007   2.4128E+007   1.2139E+007   3.7267E+006   5.4332E+005   2.7651E+004   2.9483E+002   3.5386E-001   1.4583E-005   5.8247E-012   2.5969E-021   1.3294E-035
 1621003854.20187620    0.1800   1.3566E+008  999.0000   7.0468E+006   9.9907E+006   1.4027E+007   1.9065E+007   2.5075E+007   3.1442E+007   3.6650E+007   3.8305E+007   3.4168E+007   2.4128E+007   1.2139E+007   3.7267E+006   5.4332E+005   2.7651E+004   2.9483E+002   3.5386E-001   1.4583E-005   5.8247E-012   2.5969E-021   1.3294E-035
 1621003857.06672140    0.1300   1.2478E+008  999.0000   1.0306E+007   1.4477E+007   2.0045E+007   2.6707E+007   3.4118E+007   4.0979E+007   4.4827E+007   4.2709E+007   3.3249E+007   1.9225E+007   7.2254E+006   1.4497E+006   1.1286E+005   2.3141E+003   6.5575E+000   1.1804E-003   3.0542E-009   2.4015E-017   4.1057E-029   5.9488E-047
 1621003859.91438480    0.1300   1.2478E+008  999.0000   1.0306E+007   1.4477E+007   2.0045E+007   2.6707E+007   3.4118E+007   4.0979E+007   4.4827E+007   4.2709E+007   3.3249E+007   1.9225E+007   7.2254E+006   1.4497E+006   1.1286E+005   2.3141E+003   6.5575E+000   1.1804E-003   3.0542E-009   2.4015E-017   4.1057E-029   5.9488E-047
 1621003862.77922680    0.1300   1.2478E+008  999.0000   1.0306E+007   1.4477E+007   2.0045E+007   2.6707E+007   3.4118E+007   4.0979E+007   4.4827E+007   4.2709E+007   3.3249E+007   1.9225E+007   7.2254E+006   1.4497E+006   1.1286E+005   2.3141E+003   6.5575E+000   1.1804E-003   3.0542E-009   2.4015E-017   4.1057E-029   5.9488E-047
 1621003865.62687920    0.1000   1.1688E+008  999.0000   1.4028E+007   1.9521E+007   2.6650E+007   3.4800E+007   4.3165E+007   4.9633E+007   5.0909E+007   4.4162E+007   2.9954E+007   1.4147E+007   3.9581E+006   5.1655E+005   2.1338E+004   1.7493E+002   1.3066E-001   3.5075E-006   5.7250E-013   9.1570E-023   6.6219E-037   3.4948E-058
 1621003868.49172090    0.1000   1.1688E+008  999.0000   1.4028E+007   1.9521E+007   2.6650E+007   3.4800E+007   4.3165E+007   4.9633E+007   5.0909E+007   4.4162E+007   2.9954E+007   1.4147E+007   3.9581E+006   5.1655E+005   2.1338E+004   1.7493E+002   1.3066E-001   3.5075E-006   5.7250E-013   9.1570E-023   6.6219E-037   3.4948E-058
 1621003871.33937310    0.1000   1.1688E+008  999.0000   1.4028E+007   1.9521E+007   2.6650E+007   3.4800E+007   4.3165E+007   4.9633E+007   5.0909E+007   4.4162E+007   2.9954E+007   1.4147E+007   3.9581E+006   5.1655E+005   2.1338E+004   1.7493E+002   1.3066E-001   3.5075E-006   5.7250E-013   9.1570E-023   6.6219E-037   3.4948E-058
 1621003874.20421860    0.1000   1.1688E+008  999.0000   1.4028E+007   1.9521E+007   2.6650E+007   3.4800E+007   4.3165E+007   4.9633E+007   5.0909E+007   4.4162E+007   2.9954E+007   1.4147E+007   3.9581E+006   5.1655E+005   2.1338E+004   1.7493E+002   1.3066E-001   3.5075E-006   5.7250E-013   9.1570E-023   6.6219E-037   3.4948E-058
 1621003877.05188180    0.1000   1.2961E+008  999.0000   1.8897E+007   2.6146E+007   3.5390E+007   4.5650E+007   5.5612E+007   6.2269E+007   6.1415E+007   5.0317E+007   3.1380E+007   1.3102E+007   3.0632E+006   3.0773E+005   8.6488E+003   4.0641E+001   1.3532E-002   1.1502E-007   3.5559E-015   5.5184E-026   1.5489E-041   7.7627E-065
 1621003879.91672370    0.1000   1.2961E+008  999.0000   1.8897E+007   2.6146E+007   3.5390E+007   4.5650E+007   5.5612E+007   6.2269E+007   6.1415E+007   5.0317E+007   3.1380E+007   1.3102E+007   3.0632E+006   3.0773E+005   8.6488E+003   4.0641E+001   1.3532E-002   1.1502E-007   3.5559E-015   5.5184E-026   1.5489E-041   7.7627E-065
 1621003882.76437620    0.1000   1.2961E+008  999.0000   1.8897E+007   2.6146E+007   3.5390E+007   4.5650E+007   5.5612E+007   6.2269E+007   6.1415E+007   5.0317E+007   3.1380E+007   1.3102E+007   3.0632E+006   3.0773E+005   8.6488E+003   4.0641E+001   1.3532E-002   1.1502E-007   3.5559E-015   5.5184E-026   1.5489E-041   7.7627E-065
 1621003885.62922140    0.1000   1.2961E+008  999.0000   1.8897E+007   2.6146E+007   3.5390E+007   4.5650E+007   5.5612E+007   6.2269E+007   6.1415E+007   5.0317E+007   3.1380E+007   1.3102E+007   3.0632E+006   3.0773E+005   8.6488E+003   4.0641E+001   1.3532E-002   1.1502E-007   3.5559E-015   5.5184E-026   1.5489E-041   7.7627E-065
 1621003888.47336670    0.0800   9.0964E+007  999.0000   1.0365E+007   1.4444E+007   1.9762E+007   2.5884E+007   3.2250E+007   3.7329E+007   3.8664E+007   3.4021E+007   2.3563E+007   1.1475E+007   3.3577E+006   4.6772E+005   2.1269E+004   2.0034E+002   1.8310E-001   6.5529E-006   1.6227E-012   4.6626E-022   7.6462E-036   1.3125E-056
 1621003891.32687620    0.0800   9.0964E+007  999.0000   1.0365E+007   1.4444E+007   1.9762E+007   2.5884E+007   3.2250E+007   3.7329E+007   3.8664E+007   3.4021E+007   2.3563E+007   1.1475E+007   3.3577E+006   4.6772E+005   2.1269E+004   2.0034E+002   1.8310E-001   6.5529E-006   1.6227E-012   4.6626E-022   7.6462E-036   1.3125E-056
 1621003894.19172140    0.0800   9.0964E+007  999.0000   1.0365E+007   1.4444E+007   1.9762E+007   2.5884E+007   3.2250E+007   3.7329E+007   3.8664E+007   3.4021E+007   2.3563E+007   1.1475E+007   3.3577E+006   4.6772E+005   2.1269E+004   2.0034E+002   1.8310E-001   6.5529E-006   1.6227E-012   4.6626E-022   7.6462E-036   1.3125E-056
 1621003897.03938150    0.0800   9.0964E+007  999.0000   1.0365E+007   1.4444E+007   1.9762E+007   2.5884E+007   3.2250E+007   3.7329E+007   3.8664E+007   3.4021E+007   2.3563E+007   1.1475E+007   3.3577E+006   4.6772E+005   2.1269E+004   2.0034E+002   1.8310E-001   6.5529E-006   1.6227E-012   4.6626E-022   7.6462E-036   1.3125E-056
 1621003899.90436200    0.0400   5.4019E+007  999.0000   8.5061E+006   1.1740E+007   1.5833E+007   2.0316E+007   2.4560E+007   2.7190E+007   2.6372E+007   2.1086E+007   1.2687E+007   5.0259E+006   1.0883E+006   9.7783E+004   2.3319E+003   8.6438E+000   2.0404E-003   1.0635E-008   1.6230E-016   9.3861E-028   6.6990E-044   4.7688E-068
