          0.00000000    0.0000   0.0000E+000    0.0000   3.0000E-002   4.4000E-002   6.5000E-002   9.5000E-002   1.3900E-001   2.0400E-001   3.0000E-001   4.4000E-001   6.4600E-001   9.4900E-001   1.3920E+000   2.0400E+000   3.0000E+000   4.4000E+000   6.4600E+000   9.4500E+000   1.3900E+001   2.0400E+001   3.0000E+001   4.5000E+001
 1621031636.87846260    0.0200   4.6696E+006  999.0000   2.4477E+004   3.5524E+004   5.1658E+004   7.3820E+004   1.0450E+005   1.4607E+005   1.9988E+005   2.6393E+005   3.3202E+005   3.8861E+005   4.0892E+005   3.6874E+005   2.6421E+005   1.3592E+005   4.2801E+004   6.7299E+003   3.6137E+002   4.2970E+000   5.3719E-003   1.4176E-007
 1621031639.74329660    0.0200   4.6696E+006  999.0000   2.4477E+004   3.5524E+004   5.1658E+004   7.3820E+004   1.0450E+005   1.4607E+005   1.9988E+005   2.6393E+005   3.3202E+005   3.8861E+005   4.0892E+005   3.6874E+005   2.6421E+005   1.3592E+005   4.2801E+004   6.7299E+003   3.6137E+002   4.2970E+000   5.3719E-003   1.4176E-007
 1621031642.59096000    0.0200   4.6696E+006  999.0000   2.4477E+004   3.5524E+004   5.1658E+004   7.3820E+004   1.0450E+005   1.4607E+005   1.9988E+005   2.6393E+005   3.3202E+005   3.8861E+005   4.0892E+005   3.6874E+005   2.6421E+005   1.3592E+005   4.2801E+004   6.7299E+003   3.6137E+002   4.2970E+000   5.3719E-003   1.4176E-007
 1621031645.45580580    0.0200   4.2411E+006  999.0000   1.8376E+004   2.6695E+004   3.8875E+004   5.5668E+004   7.9045E+004   1.1098E+005   1.5287E+005   2.0381E+005   2.6005E+005   3.1079E+005   3.3715E+005   3.1786E+005   2.4326E+005   1.3774E+005   4.9928E+004   9.6231E+003   6.9847E+002   1.2855E+001   3.0412E-002   2.1376E-006
 1621031648.30346540    0.0200   4.2411E+006  999.0000   1.8376E+004   2.6695E+004   3.8875E+004   5.5668E+004   7.9045E+004   1.1098E+005   1.5287E+005   2.0381E+005   2.6005E+005   3.1079E+005   3.3715E+005   3.1786E+005   2.4326E+005   1.3774E+005   4.9928E+004   9.6231E+003   6.9847E+002   1.2855E+001   3.0412E-002   2.1376E-006
 1621031651.17181400    0.0200   4.2411E+006  999.0000   1.8376E+004   2.6695E+004   3.8875E+004   5.5668E+004   7.9045E+004   1.1098E+005   1.5287E+005   2.0381E+005   2.6005E+005   3.1079E+005   3.3715E+005   3.1786E+005   2.4326E+005   1.3774E+005   4.9928E+004   9.6231E+003   6.9847E+002   1.2855E+001   3.0412E-002   2.1376E-006
 1621031654.03080270    0.0200   5.3987E+006  999.0000   3.7694E+004   5.4616E+004   7.9227E+004   1.1282E+005   1.5889E+005   2.2041E+005   2.9823E+005   3.8739E+005   4.7572E+005   5.3740E+005   5.3694E+005   4.4887E+005   2.8754E+005   1.2567E+005   3.1150E+004   3.4658E+003   1.1156E+002   6.3233E-001   2.6834E-004   1.3522E-009
 1621031656.87846610    0.0200   5.3987E+006  999.0000   3.7694E+004   5.4616E+004   7.9227E+004   1.1282E+005   1.5889E+005   2.2041E+005   2.9823E+005   3.8739E+005   4.7572E+005   5.3740E+005   5.3694E+005   4.4887E+005   2.8754E+005   1.2567E+005   3.1150E+004   3.4658E+003   1.1156E+002   6.3233E-001   2.6834E-004   1.3522E-009
 1621031659.74330780    0.0200   5.3987E+006  999.0000   3.7694E+004   5.4616E+004   7.9227E+004   1.1282E+005   1.5889E+005   2.2041E+005   2.9823E+005   3.8739E+005   4.7572E+005   5.3740E+005   5.3694E+005   4.4887E+005   2.8754E+005   1.2567E+005   3.1150E+004   3.4658E+003   1.1156E+002   6.3233E-001   2.6834E-004   1.3522E-009
 1621031662.59096000    0.0300   6.4636E+006  999.0000   2.8902E+004   4.1980E+004   6.1121E+004   8.7495E+004   1.2418E+005   1.7423E+005   2.3974E+005   3.1914E+005   4.0628E+005   4.8394E+005   5.2245E+005   4.8909E+005   3.7040E+005   2.0656E+005   7.3221E+004   1.3663E+004   9.4535E+002   1.6232E+001   3.4697E-002   2.0868E-006
 1621031665.45580580    0.0300   6.4636E+006  999.0000   2.8902E+004   4.1980E+004   6.1121E+004   8.7495E+004   1.2418E+005   1.7423E+005   2.3974E+005   3.1914E+005   4.0628E+005   4.8394E+005   5.2245E+005   4.8909E+005   3.7040E+005   2.0656E+005   7.3221E+004   1.3663E+004   9.4535E+002   1.6232E+001   3.4697E-002   2.0868E-006
 1621031668.30346540    0.0300   8.6302E+006  999.0000   6.8318E+004   9.8912E+004   1.4331E+005   2.0372E+005   2.8620E+005   3.9554E+005   5.3228E+005   6.8592E+005   8.3248E+005   9.2434E+005   9.0056E+005   7.2563E+005   4.4017E+005   1.7771E+005   3.9215E+004   3.6881E+003   9.2598E+001   3.6637E-001   9.2120E-005   2.0848E-010
 1621031671.17181400    0.0300   8.6302E+006  999.0000   6.8318E+004   9.8912E+004   1.4331E+005   2.0372E+005   2.8620E+005   3.9554E+005   5.3228E+005   6.8592E+005   8.3248E+005   9.2434E+005   9.0056E+005   7.2563E+005   4.4017E+005   1.7771E+005   3.9215E+004   3.6881E+003   9.2598E+001   3.6637E-001   9.2120E-005   2.0848E-010
 1621031674.03080270    0.0300   8.6302E+006  999.0000   6.8318E+004   9.8912E+004   1.4331E+005   2.0372E+005   2.8620E+005   3.9554E+005   5.3228E+005   6.8592E+005   8.3248E+005   9.2434E+005   9.0056E+005   7.2563E+005   4.4017E+005   1.7771E+005   3.9215E+004   3.6881E+003   9.2598E+001   3.6637E-001   9.2120E-005   2.0848E-010
 1621031676.87846260    0.0300   8.2931E+006  999.0000   6.0686E+004   8.7906E+004   1.2746E+005   1.8139E+005   2.5523E+005   3.5356E+005   4.7744E+005   6.1837E+005   7.5611E+005   8.4876E+005   8.4024E+005   6.9301E+005   4.3515E+005   1.8473E+005   4.3881E+004   4.5906E+003   1.3490E+002   6.7021E-001   2.3474E-004   8.8187E-010
 1621031679.74329660    0.0300   8.2931E+006  999.0000   6.0686E+004   8.7906E+004   1.2746E+005   1.8139E+005   2.5523E+005   3.5356E+005   4.7744E+005   6.1837E+005   7.5611E+005   8.4876E+005   8.4024E+005   6.9301E+005   4.3515E+005   1.8473E+005   4.3881E+004   4.5906E+003   1.3490E+002   6.7021E-001   2.3474E-004   8.8187E-010
 1621031682.59096000    0.0300   8.2931E+006  999.0000   6.0686E+004   8.7906E+004   1.2746E+005   1.8139E+005   2.5523E+005   3.5356E+005   4.7744E+005   6.1837E+005   7.5611E+005   8.4876E+005   8.4024E+005   6.9301E+005   4.3515E+005   1.8473E+005   4.3881E+004   4.5906E+003   1.3490E+002   6.7021E-001   2.3474E-004   8.8187E-010
 1621031685.45580580    0.0400   1.2245E+007  999.0000   1.0956E+005   1.5849E+005   2.2934E+005   3.2545E+005   4.5601E+005   6.2780E+005   8.4005E+005   1.0736E+006   1.2872E+006   1.4038E+006   1.3324E+006   1.0332E+006   5.9226E+005   2.2020E+005   4.3061E+004   3.4012E+003   6.5978E+001   1.7979E-001   2.6277E-005   2.5965E-011
 1621031688.30346540    0.0400   1.2245E+007  999.0000   1.0956E+005   1.5849E+005   2.2934E+005   3.2545E+005   4.5601E+005   6.2780E+005   8.4005E+005   1.0736E+006   1.2872E+006   1.4038E+006   1.3324E+006   1.0332E+006   5.9226E+005   2.2020E+005   4.3061E+004   3.4012E+003   6.5978E+001   1.7979E-001   2.6277E-005   2.5965E-011
 1621031691.17181400    0.0400   1.2245E+007  999.0000   1.0956E+005   1.5849E+005   2.2934E+005   3.2545E+005   4.5601E+005   6.2780E+005   8.4005E+005   1.0736E+006   1.2872E+006   1.4038E+006   1.3324E+006   1.0332E+006   5.9226E+005   2.2020E+005   4.3061E+004   3.4012E+003   6.5978E+001   1.7979E-001   2.6277E-005   2.5965E-011
 1621031694.03080270    0.0500   1.3424E+007  999.0000   9.2722E+004   1.3436E+005   1.9492E+005   2.7761E+005   3.9105E+005   5.4262E+005   7.3455E+005   9.5478E+005   1.1736E+006   1.3277E+006   1.3293E+006   1.1147E+006   7.1723E+005   3.1552E+005   7.8967E+004   8.9086E+003   2.9271E+002   1.7091E+000   7.5734E-004   4.0776E-009
 1621031696.87846610    0.0507   1.3434E+007    4.6800   2.1028E+005   3.0082E+005   4.2819E+005   5.9370E+005   8.0481E+005   1.0571E+006   1.3246E+006   1.5505E+006   1.6588E+006   1.5764E+006   1.2918E+006   8.8832E+005   4.9866E+005   2.2835E+005   8.5239E+004   2.6788E+004   7.0746E+003   1.6589E+003   3.4998E+002   6.3017E+001
 1621031699.74330780    0.0500   1.3424E+007  999.0000   9.2722E+004   1.3436E+005   1.9492E+005   2.7761E+005   3.9105E+005   5.4262E+005   7.3455E+005   9.5478E+005   1.1736E+006   1.3277E+006   1.3293E+006   1.1147E+006   7.1723E+005   3.1552E+005   7.8967E+004   8.9086E+003   2.9271E+002   1.7091E+000   7.5734E-004   4.0776E-009
 1621031702.59096000    0.0700   1.9745E+007  999.0000   1.5035E+005   2.1773E+005   3.1558E+005   4.4886E+005   6.3107E+005   8.7318E+005   1.1771E+006   1.5207E+006   1.8525E+006   2.0681E+006   2.0311E+006   1.6557E+006   1.0218E+006   4.2301E+005   9.6839E+004   9.6045E+003   2.6084E+002   1.1562E+000   3.4298E-004   9.9943E-010
 1621031705.45580580    0.0700   1.9745E+007  999.0000   1.5035E+005   2.1773E+005   3.1558E+005   4.4886E+005   6.3107E+005   8.7318E+005   1.1771E+006   1.5207E+006   1.8525E+006   2.0681E+006   2.0311E+006   1.6557E+006   1.0218E+006   4.2301E+005   9.6839E+004   9.6045E+003   2.6084E+002   1.1562E+000   3.4298E-004   9.9943E-010
 1621031708.30346540    0.0900   2.5412E+007  999.0000   1.9389E+005   2.8078E+005   4.0696E+005   5.7882E+005   8.1376E+005   1.1259E+006   1.5176E+006   1.9604E+006   2.3876E+006   2.6648E+006   2.6160E+006   2.1313E+006   1.3141E+006   5.4332E+005   1.2415E+005   1.2280E+004   3.3215E+002   1.4637E+000   4.3054E-004   1.2384E-009
 1621031711.17181400    0.0905   2.5420E+007    5.3800   3.8523E+005   5.5185E+005   7.8708E+005   1.0944E+006   1.4893E+006   1.9668E+006   2.4825E+006   2.9323E+006   3.1712E+006   3.0468E+006   2.5173E+006   1.7317E+006   9.5800E+005   4.2262E+005   1.4750E+005   4.1952E+004   9.6767E+003   1.9224E+003   3.3434E+002   4.8036E+001
 1621031714.03080270    0.0907   2.5423E+007    5.0600   4.0722E+005   5.8273E+005   8.2978E+005   1.1512E+006   1.5616E+006   2.0530E+006   2.5754E+006   3.0175E+006   3.2297E+006   3.0655E+006   2.5004E+006   1.7011E+006   9.3556E+005   4.1433E+005   1.4719E+005   4.3302E+004   1.0517E+004   2.2354E+003   4.2193E+002   6.6875E+001
 1621031716.87846610    0.1010   3.0863E+007    4.6400   6.4288E+005   9.1606E+005   1.2963E+006   1.7825E+006   2.3880E+006   3.0842E+006   3.7748E+006   4.2796E+006   4.3893E+006   3.9529E+006   3.0369E+006   1.9414E+006   1.0083E+006   4.2828E+005   1.4938E+005   4.4399E+004   1.1231E+004   2.5559E+003   5.2925E+002   9.4382E+001
 1621031719.74330780    0.1008   3.0859E+007    4.8700   6.1124E+005   8.7196E+005   1.2359E+006   1.7035E+006   2.2897E+006   2.9709E+006   3.6589E+006   4.1818E+006   4.3319E+006   3.9457E+006   3.0655E+006   1.9769E+006   1.0301E+006   4.3502E+005   1.4913E+005   4.3026E+004   1.0429E+004   2.2496E+003   4.3736E+002   7.2430E+001
 1621031722.59096000    0.1006   3.0857E+007    5.0400   5.9112E+005   8.4388E+005   1.1974E+006   1.6530E+006   2.2265E+006   2.8975E+006   3.5831E+006   4.1169E+006   4.2930E+006   3.9397E+006   3.0841E+006   2.0009E+006   1.0449E+006   4.3953E+005   1.4885E+005   4.2048E+004   9.8837E+003   2.0510E+003   3.8085E+002   5.9747E+001
 1621031725.45580580    0.1206   3.7814E+007    5.2200   7.3080E+005   1.0434E+006   1.4809E+006   2.0449E+006   2.7553E+006   3.5874E+006   4.4387E+006   5.1025E+006   5.3217E+006   4.8808E+006   3.8118E+006   2.4597E+006   1.2716E+006   5.2611E+005   1.7391E+005   4.7579E+004   1.0741E+004   2.1261E+003   3.7435E+002   5.5261E+001
 1621031728.30346540    0.1208   3.7817E+007    4.9700   7.6510E+005   1.0913E+006   1.5465E+006   2.1310E+006   2.8630E+006   3.7122E+006   4.5673E+006   5.2121E+006   5.3868E+006   4.8893E+006   3.7789E+006   2.4187E+006   1.2468E+006   5.1904E+005   1.7468E+005   4.9295E+004   1.1639E+004   2.4387E+003   4.5929E+002   7.3408E+001
 1621031731.17181400    0.1212   3.7822E+007    4.6400   8.2126E+005   1.1695E+006   1.6534E+006   2.2707E+006   3.0364E+006   3.9115E+006   4.7700E+006   5.3814E+006   5.4840E+006   4.8987E+006   3.7270E+006   2.3566E+006   1.2099E+006   5.0813E+005   1.7541E+005   5.1685E+004   1.2980E+004   2.9379E+003   6.0587E+002   1.0771E+002
 1621031734.03080270    0.1710   4.4827E+007    5.6000   5.7318E+005   8.2289E+005   1.1774E+006   1.6446E+006   2.2527E+006   3.0028E+006   3.8404E+006   4.6187E+006   5.1170E+006   5.0718E+006   4.3522E+006   3.1257E+006   1.8092E+006   8.3187E+005   2.9980E+005   8.6777E+004   2.0027E+004   3.9114E+003   6.5802E+002   8.9978E+001
 1621031736.87846260    0.1700   4.4810E+007  999.0000   2.9851E+005   4.3265E+005   6.2788E+005   8.9464E+005   1.2611E+006   1.7517E+006   2.3748E+006   3.0937E+006   3.8150E+006   4.3363E+006   4.3719E+006   3.7033E+006   2.4189E+006   1.0876E+006   2.8105E+005   3.3209E+004   1.1684E+003   7.5325E+000   3.8562E-003   2.5895E-008
 1621031739.74329660    0.2300   5.4484E+007  999.0000   2.9390E+005   4.2649E+005   6.2004E+005   8.8575E+005   1.2533E+006   1.7506E+006   2.3930E+006   3.1549E+006   3.9599E+006   4.6194E+006   4.8374E+006   4.3313E+006   3.0711E+006   1.5560E+006   4.7911E+005   7.2934E+004   3.7330E+003   4.1411E+001   4.6780E-002   1.0567E-006
 1621031742.59096000    0.2300   5.4484E+007  999.0000   2.9390E+005   4.2649E+005   6.2004E+005   8.8575E+005   1.2533E+006   1.7506E+006   2.3930E+006   3.1549E+006   3.9599E+006   4.6194E+006   4.8374E+006   4.3313E+006   3.0711E+006   1.5560E+006   4.7911E+005   7.2934E+004   3.7330E+003   4.1411E+001   4.6780E-002   1.0567E-006
 1621031745.45580580    0.2315   5.4508E+007    5.8600   5.4407E+005   7.8324E+005   1.1253E+006   1.5808E+006   2.1833E+006   2.9451E+006   3.8310E+006   4.7164E+006   5.3942E+006   5.5755E+006   5.0423E+006   3.8534E+006   2.3894E+006   1.1763E+006   4.5030E+005   1.3621E+005   3.2177E+004   6.2834E+003   1.0334E+003   1.3511E+002
 1621031748.30346540    0.3100   7.1641E+007  999.0000   3.6800E+005   5.3415E+005   7.7688E+005   1.1104E+006   1.5725E+006   2.1991E+006   3.0114E+006   3.9806E+006   5.0154E+006   5.8838E+006   6.2123E+006   5.6296E+006   4.0633E+006   2.1127E+006   6.7574E+005   1.0868E+005   6.0339E+003   7.5308E+001   1.0104E-001   2.9717E-006
 1621031751.17181400    0.3113   7.1663E+007    6.5600   6.2962E+005   9.0786E+005   1.3074E+006   1.8429E+006   2.5578E+006   3.4745E+006   4.5645E+006   5.6959E+006   6.6338E+006   7.0185E+006   6.5273E+006   5.1428E+006   3.2819E+006   1.6464E+006   6.2997E+005   1.8514E+005   4.0984E+004   7.2206E+003   1.0322E+003   1.1249E+002
 1621031754.03080270    0.3109   7.1657E+007    7.1000   5.9996E+005   8.6569E+005   1.2480E+006   1.7616E+006   2.4500E+006   3.3379E+006   4.4033E+006   5.5262E+006   6.4850E+006   6.9273E+006   6.5153E+006   5.1929E+006   3.3444E+006   1.6812E+006   6.3619E+005   1.8139E+005   3.7988E+004   6.1645E+003   7.8994E+002   7.4801E+001
 1621031756.87846610    0.4316   7.9847E+007    8.3800   3.9663E+005   5.7469E+005   8.3366E+005   1.1872E+006   1.6724E+006   2.3213E+006   3.1458E+006   4.1004E+006   5.0743E+006   5.8294E+006   6.0359E+006   5.4343E+006   4.0557E+006   2.3974E+006   1.0655E+006   3.4723E+005   7.8996E+004   1.2920E+004   1.5302E+003   1.2145E+002
 1621031759.74330780    0.4332   7.9873E+007    6.9800   4.3559E+005   6.3049E+005   9.1319E+005   1.2976E+006   1.8222E+006   2.5178E+006   3.3899E+006   4.3790E+006   5.3527E+006   6.0504E+006   6.1403E+006   5.4043E+006   3.9460E+006   2.3015E+006   1.0297E+006   3.4967E+005   8.7288E+004   1.6676E+004   2.4743E+003   2.6758E+002
 1621031762.59096000    0.4316   7.9848E+007    8.4000   3.9613E+005   5.7397E+005   8.3262E+005   1.1858E+006   1.6704E+006   2.3188E+006   3.1425E+006   4.0966E+006   5.0704E+006   5.8261E+006   6.0342E+006   5.4343E+006   4.0571E+006   2.3988E+006   1.0661E+006   3.4729E+005   7.8922E+004   1.2882E+004   1.5214E+003   1.2025E+002
 1621031765.45932010    0.5834   9.9182E+007    8.1200   4.2340E+005   6.1399E+005   8.9177E+005   1.2722E+006   1.7968E+006   2.5035E+006   3.4114E+006   4.4821E+006   5.6103E+006   6.5505E+006   6.9373E+006   6.4411E+006   5.0107E+006   3.1238E+006   1.4833E+006   5.2244E+005   1.2997E+005   2.3414E+004   3.0709E+003   2.7197E+002
 1621031768.31830480    0.5821   9.9161E+007    9.4000   3.9755E+005   5.7686E+005   8.3862E+005   1.1980E+006   1.6951E+006   2.3682E+006   3.2398E+006   4.2800E+006   5.3981E+006   6.3670E+006   6.8303E+006   6.4383E+006   5.0873E+006   3.2078E+006   1.5222E+006   5.2346E+005   1.2241E+005   1.9714E+004   2.1764E+003   1.5039E+002
 1621031771.16595700    0.7400   1.1732E+008  999.0000   2.8559E+005   4.1588E+005   6.0784E+005   8.7490E+005   1.2517E+006   1.7772E+006   2.4888E+006   3.3990E+006   4.4932E+006   5.6568E+006   6.6217E+006   6.9774E+006   6.2953E+006   4.5303E+006   2.3351E+006   7.4908E+005   1.1566E+005   6.3665E+003   7.4807E+001   6.2076E-002
 1621031774.03080270    0.7400   1.1732E+008  999.0000   2.8559E+005   4.1588E+005   6.0784E+005   8.7490E+005   1.2517E+006   1.7772E+006   2.4888E+006   3.3990E+006   4.4932E+006   5.6568E+006   6.6217E+006   6.9774E+006   6.2953E+006   4.5303E+006   2.3351E+006   7.4908E+005   1.1566E+005   6.3665E+003   7.4807E+001   6.2076E-002
 1621031776.87846260    0.7438   1.1738E+008    9.4600   4.0354E+005   5.8603E+005   8.5298E+005   1.2206E+006   1.7314E+006   2.4279E+006   3.3394E+006   4.4457E+006   5.6694E+006   6.7928E+006   7.4478E+006   7.2318E+006   5.9455E+006   3.9418E+006   1.9879E+006   7.3208E+005   1.8425E+005   3.1858E+004   3.7485E+003   2.7341E+002
 1621031779.74329660    0.9485   1.5975E+008    7.2200   7.1379E+005   1.0346E+006   1.5014E+006   2.1396E+006   3.0171E+006   4.1940E+006   5.6962E+006   7.4499E+006   9.2671E+006   1.0731E+007   1.1250E+007   1.0327E+007   7.9479E+006   4.9261E+006   2.3529E+006   8.5078E+005   2.2415E+005   4.4441E+004   6.7027E+003   7.2023E+002
 1621031782.59096000    0.9463   1.5971E+008    7.9000   6.8164E+005   9.8842E+005   1.4355E+006   2.0477E+006   2.8915E+006   4.0278E+006   5.4867E+006   7.2056E+006   9.0141E+006   1.0518E+007   1.1131E+007   1.0330E+007   8.0383E+006   5.0213E+006   2.3969E+006   8.5295E+005   2.1599E+005   3.9961E+004   5.4376E+003   5.0596E+002
 1621031785.45932010    0.9500   1.5977E+008    6.9000   7.3198E+005   1.0606E+006   1.5387E+006   2.1915E+006   3.0877E+006   4.2873E+006   5.8133E+006   7.5857E+006   9.4063E+006   1.0848E+007   1.1313E+007   1.0323E+007   7.8980E+006   4.8752E+006   2.3296E+006   8.4952E+005   2.2843E+005   4.6901E+004   7.4448E+003   8.5842E+002
 1621031788.31830480    1.1373   1.7779E+008    8.8200   6.1817E+005   8.9757E+005   1.3061E+006   1.8683E+006   2.6489E+006   3.7118E+006   5.0997E+006   6.7793E+006   8.6280E+006   1.0311E+007   1.1269E+007   1.0904E+007   8.9383E+006   5.9235E+006   3.0034E+006   1.1238E+006   2.9236E+005   5.3471E+004   6.8454E+003   5.6348E+002
 1621031791.16595700    1.1384   1.7781E+008    8.4400   6.2999E+005   9.1457E+005   1.3305E+006   1.9025E+006   2.6960E+006   3.7748E+006   5.1807E+006   6.8764E+006   8.7329E+006   1.0406E+007   1.1331E+007   1.0916E+007   8.9058E+006   5.8796E+006   2.9789E+006   1.1208E+006   2.9627E+005   5.5852E+004   7.5006E+003   6.6234E+002
 1621031794.03079890    1.1362   1.7777E+008    9.3800   6.0295E+005   8.7566E+005   1.2746E+006   1.8242E+006   2.5881E+006   3.6301E+006   4.9947E+006   6.6530E+006   8.4909E+006   1.0185E+007   1.1185E+007   1.0887E+007   8.9804E+006   5.9819E+006   3.0363E+006   1.1279E+006   2.8709E+005   5.0351E+004   6.0277E+003   4.4909E+002
 1621031796.87845110    1.2560   1.8043E+008   11.4800   4.7997E+005   6.9802E+005   1.0182E+006   1.4614E+006   2.0823E+006   2.9389E+006   4.0805E+006   5.5062E+006   7.1583E+006   8.8119E+006   1.0026E+007   1.0225E+007   8.9541E+006   6.3962E+006   3.4950E+006   1.3819E+006   3.6260E+005   6.1707E+004   6.5677E+003   3.8565E+002
 1621031799.74681140    1.2500   1.8032E+008  999.0000   3.6397E+005   5.3037E+005   7.7590E+005   1.1183E+006   1.6033E+006   2.2832E+006   3.2114E+006   4.4141E+006   5.8905E+006   7.5197E+006   8.9829E+006   9.7506E+006   9.1927E+006   7.0526E+006   3.9936E+006   1.4679E+006   2.7737E+005   2.0472E+004   3.6975E+002   5.9592E-001
 1621031802.60579970    1.3800   1.9751E+008  999.0000   3.9243E+005   5.7187E+005   8.3668E+005   1.2061E+006   1.7293E+006   2.4633E+006   3.4660E+006   4.7665E+006   6.3655E+006   8.1350E+006   9.7337E+006   1.0591E+007   1.0020E+007   7.7264E+006   4.4081E+006   1.6380E+006   3.1452E+005   2.3763E+004   4.4418E+002   7.5485E-001
 1621031805.45346310    1.3800   1.9751E+008  999.0000   3.9243E+005   5.7187E+005   8.3668E+005   1.2061E+006   1.7293E+006   2.4633E+006   3.4660E+006   4.7665E+006   6.3655E+006   8.1350E+006   9.7337E+006   1.0591E+007   1.0020E+007   7.7264E+006   4.4081E+006   1.6380E+006   3.1452E+005   2.3763E+004   4.4418E+002   7.5485E-001
 1621031808.31830480    1.3800   1.9751E+008  999.0000   3.9243E+005   5.7187E+005   8.3668E+005   1.2061E+006   1.7293E+006   2.4633E+006   3.4660E+006   4.7665E+006   6.3655E+006   8.1350E+006   9.7337E+006   1.0591E+007   1.0020E+007   7.7264E+006   4.4081E+006   1.6380E+006   3.1452E+005   2.3763E+004   4.4418E+002   7.5485E-001
 1621031811.16595700    1.5500   2.4053E+008  999.0000   5.6116E+005   8.1730E+005   1.1948E+006   1.7203E+006   2.4625E+006   3.4987E+006   4.9046E+006   6.7084E+006   8.8877E+006   1.1226E+007   1.3204E+007   1.4010E+007   1.2772E+007   9.3307E+006   4.9170E+006   1.6286E+006   2.6370E+005   1.5551E+004   2.0216E+002   1.9607E-001
 1621031814.03431700    1.5579   2.4066E+008    9.8400   7.8076E+005   1.1342E+006   1.6517E+006   2.3652E+006   3.3588E+006   4.7172E+006   6.5026E+006   8.6846E+006   1.1126E+007   1.3416E+007   1.4838E+007   1.4573E+007   1.2156E+007   8.1969E+006   4.2081E+006   1.5736E+006   3.9937E+005   6.8762E+004   7.9158E+003   5.5184E+002
 1621031816.89330200    1.5500   2.4053E+008  999.0000   5.6116E+005   8.1730E+005   1.1948E+006   1.7203E+006   2.4625E+006   3.4987E+006   4.9046E+006   6.7084E+006   8.8877E+006   1.1226E+007   1.3204E+007   1.4010E+007   1.2772E+007   9.3307E+006   4.9170E+006   1.6286E+006   2.6370E+005   1.5551E+004   2.0216E+002   1.9607E-001
 1621031819.74095390    1.5700   2.4043E+008  999.0000   5.4641E+005   7.9590E+005   1.1637E+006   1.6758E+006   2.3995E+006   3.4107E+006   4.7842E+006   6.5497E+006   8.6892E+006   1.0997E+007   1.2972E+007   1.3823E+007   1.2680E+007   9.3486E+006   4.9930E+006   1.6862E+006   2.8100E+005   1.7279E+004   2.3883E+002   2.5462E-001
 1621031822.60579970    1.5700   2.4043E+008  999.0000   5.4641E+005   7.9590E+005   1.1637E+006   1.6758E+006   2.3995E+006   3.4107E+006   4.7842E+006   6.5497E+006   8.6892E+006   1.0997E+007   1.2972E+007   1.3823E+007   1.2680E+007   9.3486E+006   4.9930E+006   1.6862E+006   2.8100E+005   1.7279E+004   2.3883E+002   2.5462E-001
 1621031825.45346310    1.5700   2.4043E+008  999.0000   5.4641E+005   7.9590E+005   1.1637E+006   1.6758E+006   2.3995E+006   3.4107E+006   4.7842E+006   6.5497E+006   8.6892E+006   1.0997E+007   1.2972E+007   1.3823E+007   1.2680E+007   9.3486E+006   4.9930E+006   1.6862E+006   2.8100E+005   1.7279E+004   2.3883E+002   2.5462E-001
 1621031828.31830480    1.5000   2.4284E+008  999.0000   6.1623E+005   8.9725E+005   1.3111E+006   1.8865E+006   2.6978E+006   3.8277E+006   5.3547E+006   7.3020E+006   9.6312E+006   1.2086E+007   1.4080E+007   1.4733E+007   1.3156E+007   9.3264E+006   4.7022E+006   1.4609E+006   2.1513E+005   1.1053E+004   1.1742E+002   8.3385E-002
 1621031831.16595700    1.5000   2.4284E+008  999.0000   6.1623E+005   8.9725E+005   1.3111E+006   1.8865E+006   2.6978E+006   3.8277E+006   5.3547E+006   7.3020E+006   9.6312E+006   1.2086E+007   1.4080E+007   1.4733E+007   1.3156E+007   9.3264E+006   4.7022E+006   1.4609E+006   2.1513E+005   1.1053E+004   1.1742E+002   8.3385E-002
 1621031834.03431700    1.5000   2.4284E+008  999.0000   6.1623E+005   8.9725E+005   1.3111E+006   1.8865E+006   2.6978E+006   3.8277E+006   5.3547E+006   7.3020E+006   9.6312E+006   1.2086E+007   1.4080E+007   1.4733E+007   1.3156E+007   9.3264E+006   4.7022E+006   1.4609E+006   2.1513E+005   1.1053E+004   1.1742E+002   8.3385E-002
 1621031836.89330200    1.3600   2.4376E+008  999.0000   7.5695E+005   1.1013E+006   1.6073E+006   2.3089E+006   3.2937E+006   4.6563E+006   6.4792E+006   8.7667E+006   1.1431E+007   1.4105E+007   1.6032E+007   1.6181E+007   1.3699E+007   8.9846E+006   4.0412E+006   1.0643E+006   1.2269E+005   4.4172E+003   2.7878E+001   8.8708E-003
 1621031839.74095390    1.3600   2.4376E+008  999.0000   7.5695E+005   1.1013E+006   1.6073E+006   2.3089E+006   3.2937E+006   4.6563E+006   6.4792E+006   8.7667E+006   1.1431E+007   1.4105E+007   1.6032E+007   1.6181E+007   1.3699E+007   8.9846E+006   4.0412E+006   1.0643E+006   1.2269E+005   4.4172E+003   2.7878E+001   8.8708E-003
 1621031842.60579970    1.2200   2.4920E+008  999.0000   1.0026E+006   1.4570E+006   2.1229E+006   3.0423E+006   4.3246E+006   6.0818E+006   8.3976E+006   1.1235E+007   1.4409E+007   1.7351E+007   1.9033E+007   1.8237E+007   1.4295E+007   8.3815E+006   3.1978E+006   6.6374E+005   5.3762E+004   1.1601E+003   3.4628E+000   3.4798E-004
 1621031845.45346310    1.2200   2.4920E+008  999.0000   1.0026E+006   1.4570E+006   2.1229E+006   3.0423E+006   4.3246E+006   6.0818E+006   8.3976E+006   1.1235E+007   1.4409E+007   1.7351E+007   1.9033E+007   1.8237E+007   1.4295E+007   8.3815E+006   3.1978E+006   6.6374E+005   5.3762E+004   1.1601E+003   3.4628E+000   3.4798E-004
 1621031848.32181950    1.2200   2.4920E+008  999.0000   1.0026E+006   1.4570E+006   2.1229E+006   3.0423E+006   4.3246E+006   6.0818E+006   8.3976E+006   1.1235E+007   1.4409E+007   1.7351E+007   1.9033E+007   1.8237E+007   1.4295E+007   8.3815E+006   3.1978E+006   6.6374E+005   5.3762E+004   1.1601E+003   3.4628E+000   3.4798E-004
 1621031851.18079660    1.1300   2.4567E+008  999.0000   1.1182E+006   1.6241E+006   2.3643E+006   3.3839E+006   4.8013E+006   6.7336E+006   9.2600E+006   1.2316E+007   1.5659E+007   1.8617E+007   2.0042E+007   1.8687E+007   1.4068E+007   7.7769E+006   2.7216E+006   4.9855E+005   3.3560E+004   5.5376E+002   1.1169E+000   6.1438E-005
 1621031854.02846000    1.1300   2.4567E+008  999.0000   1.1182E+006   1.6241E+006   2.3643E+006   3.3839E+006   4.8013E+006   6.7336E+006   9.2600E+006   1.2316E+007   1.5659E+007   1.8617E+007   2.0042E+007   1.8687E+007   1.4068E+007   7.7769E+006   2.7216E+006   4.9855E+005   3.3560E+004   5.5376E+002   1.1169E+000   6.1438E-005
 1621031856.89330200    1.1300   2.4567E+008  999.0000   1.1182E+006   1.6241E+006   2.3643E+006   3.3839E+006   4.8013E+006   6.7336E+006   9.2600E+006   1.2316E+007   1.5659E+007   1.8617E+007   2.0042E+007   1.8687E+007   1.4068E+007   7.7769E+006   2.7216E+006   4.9855E+005   3.3560E+004   5.5376E+002   1.1169E+000   6.1438E-005
 1621031859.74095390    0.9600   2.4600E+008  999.0000   1.5498E+006   2.2470E+006   3.2625E+006   4.6519E+006   6.5643E+006   9.1318E+006   1.2409E+007   1.6218E+007   2.0097E+007   2.3007E+007   2.3438E+007   2.0159E+007   1.3468E+007   6.2576E+006   1.6969E+006   2.1496E+005   8.3839E+003   6.2740E+001   3.9916E-002   3.7391E-007
 1621031862.60931400    0.9600   2.4600E+008  999.0000   1.5498E+006   2.2470E+006   3.2625E+006   4.6519E+006   6.5643E+006   9.1318E+006   1.2409E+007   1.6218E+007   2.0097E+007   2.3007E+007   2.3438E+007   2.0159E+007   1.3468E+007   6.2576E+006   1.6969E+006   2.1496E+005   8.3839E+003   6.2740E+001   3.9916E-002   3.7391E-007
 1621031865.46830270    0.9633   2.4605E+008    6.3600   2.7082E+006   3.8964E+006   5.5931E+006   7.8474E+006   1.0819E+007   1.4555E+007   1.8858E+007   2.3083E+007   2.6175E+007   2.6715E+007   2.3720E+007   1.7653E+007   1.0539E+007   4.9249E+006   1.7587E+006   4.8727E+005   1.0326E+005   1.7769E+004   2.5326E+003   2.8085E+002
 1621031868.31596230    0.8000   2.4114E+008  999.0000   2.0929E+006   3.0282E+006   4.3835E+006   6.2231E+006   8.7255E+006   1.2024E+007   1.6113E+007   2.0636E+007   2.4819E+007   2.7191E+007   2.5979E+007   2.0344E+007   1.1831E+007   4.4918E+006   9.0580E+005   7.4794E+004   1.5493E+003   4.6417E+000   7.7872E-004   9.4982E-010
 1621031871.18079660    0.8000   2.4114E+008  999.0000   2.0929E+006   3.0282E+006   4.3835E+006   6.2231E+006   8.7255E+006   1.2024E+007   1.6113E+007   2.0636E+007   2.4819E+007   2.7191E+007   2.5979E+007   2.0344E+007   1.1831E+007   4.4918E+006   9.0580E+005   7.4794E+004   1.5493E+003   4.6417E+000   7.7872E-004   9.4982E-010
 1621031874.02846000    0.6800   2.2603E+008  999.0000   2.3786E+006   3.4369E+006   4.9646E+006   7.0271E+006   9.8097E+006   1.3431E+007   1.7827E+007   2.2515E+007   2.6530E+007   2.8204E+007   2.5787E+007   1.8936E+007   1.0013E+007   3.3105E+006   5.4501E+005   3.3576E+004   4.5120E+002   7.2349E-001   4.8927E-005   1.4929E-011
 1621031876.89681670    0.6800   2.2603E+008  999.0000   2.3786E+006   3.4369E+006   4.9646E+006   7.0271E+006   9.8097E+006   1.3431E+007   1.7827E+007   2.2515E+007   2.6530E+007   2.8204E+007   2.5787E+007   1.8936E+007   1.0013E+007   3.3105E+006   5.4501E+005   3.3576E+004   4.5120E+002   7.2349E-001   4.8927E-005   1.4929E-011
 1621031879.75579360    0.6800   2.2603E+008  999.0000   2.3786E+006   3.4369E+006   4.9646E+006   7.0271E+006   9.8097E+006   1.3431E+007   1.7827E+007   2.2515E+007   2.6530E+007   2.8204E+007   2.5787E+007   1.8936E+007   1.0013E+007   3.3105E+006   5.4501E+005   3.3576E+004   4.5120E+002   7.2349E-001   4.8927E-005   1.4929E-011
 1621031882.60345700    0.5708   2.2866E+008    5.7400   6.5317E+006   9.2783E+006   1.3068E+007   1.7852E+007   2.3686E+007   3.0159E+007   3.6152E+007   3.9778E+007   3.9077E+007   3.3100E+007   2.3355E+007   1.3304E+007   5.9285E+006   2.0764E+006   5.7237E+005   1.2956E+005   2.3996E+004   3.8907E+003   5.5987E+002   6.6834E+001
 1621031885.46830270    0.5700   2.2865E+008  999.0000   3.4810E+006   5.0141E+006   7.2093E+006   1.0137E+007   1.4014E+007   1.8915E+007   2.4579E+007   3.0098E+007   3.3889E+007   3.3699E+007   2.7946E+007   1.7795E+007   7.6209E+006   1.8543E+006   1.9479E+005   6.2754E+003   3.2402E+001   1.3076E-002   1.1965E-007   1.7477E-015
 1621031888.31596230    0.5700   2.2865E+008  999.0000   3.4810E+006   5.0141E+006   7.2093E+006   1.0137E+007   1.4014E+007   1.8915E+007   2.4579E+007   3.0098E+007   3.3889E+007   3.3699E+007   2.7946E+007   1.7795E+007   7.6209E+006   1.8543E+006   1.9479E+005   6.2754E+003   3.2402E+001   1.3076E-002   1.1965E-007   1.7477E-015
 1621031891.18431140    0.4800   2.2318E+008  999.0000   4.5369E+006   6.5164E+006   9.3291E+006   1.3037E+007   1.7862E+007   2.3788E+007   3.0309E+007   3.6066E+007   3.8931E+007   3.6385E+007   2.7561E+007   1.5375E+007   5.4150E+006   9.9160E+005   6.8699E+004   1.2147E+003   2.5914E+000   2.9314E-004   4.2681E-010   3.8696E-019
 1621031894.04329970    0.4800   2.2318E+008  999.0000   4.5369E+006   6.5164E+006   9.3291E+006   1.3037E+007   1.7862E+007   2.3788E+007   3.0309E+007   3.6066E+007   3.8931E+007   3.6385E+007   2.7561E+007   1.5375E+007   5.4150E+006   9.9160E+005   6.8699E+004   1.2147E+003   2.5914E+000   2.9314E-004   4.2681E-010   3.8696E-019
 1621031896.89095930    0.4800   2.2318E+008  999.0000   4.5369E+006   6.5164E+006   9.3291E+006   1.3037E+007   1.7862E+007   2.3788E+007   3.0309E+007   3.6066E+007   3.8931E+007   3.6385E+007   2.7561E+007   1.5375E+007   5.4150E+006   9.9160E+005   6.8699E+004   1.2147E+003   2.5914E+000   2.9314E-004   4.2681E-010   3.8696E-019
 1621031899.75579360    0.3800   2.0903E+008  999.0000   5.8989E+006   8.4402E+006   1.2014E+007   1.6652E+007   2.2542E+007   2.9492E+007   3.6604E+007   4.1921E+007   4.2776E+007   3.6806E+007   2.4709E+007   1.1556E+007   3.1367E+006   3.9343E+005   1.5668E+004   1.2483E+002   8.2459E-002   1.7336E-006   2.2374E-013   5.3001E-024
 1621031902.60345700    0.3800   2.0903E+008  999.0000   5.8989E+006   8.4402E+006   1.2014E+007   1.6652E+007   2.2542E+007   2.9492E+007   3.6604E+007   4.1921E+007   4.2776E+007   3.6806E+007   2.4709E+007   1.1556E+007   3.1367E+006   3.9343E+005   1.5668E+004   1.2483E+002   8.2459E-002   1.7336E-006   2.2374E-013   5.3001E-024
 1621031905.46830270    0.3100   2.0589E+008  999.0000   8.3778E+006   1.1926E+007   1.6845E+007   2.3093E+007   3.0761E+007   3.9298E+007   4.7089E+007   5.1234E+007   4.8483E+007   3.7343E+007   2.1326E+007   7.8772E+006   1.5089E+006   1.1410E+005   2.1688E+003   5.9676E+000   8.2849E-004   1.8698E-009   9.8539E-018   1.9661E-030
 1621031908.31596230    0.3100   2.0589E+008  999.0000   8.3778E+006   1.1926E+007   1.6845E+007   2.3093E+007   3.0761E+007   3.9298E+007   4.7089E+007   5.1234E+007   4.8483E+007   3.7343E+007   2.1326E+007   7.8772E+006   1.5089E+006   1.1410E+005   2.1688E+003   5.9676E+000   8.2849E-004   1.8698E-009   9.8539E-018   1.9661E-030
 1621031911.18431140    0.3100   2.0589E+008  999.0000   8.3778E+006   1.1926E+007   1.6845E+007   2.3093E+007   3.0761E+007   3.9298E+007   4.7089E+007   5.1234E+007   4.8483E+007   3.7343E+007   2.1326E+007   7.8772E+006   1.5089E+006   1.1410E+005   2.1688E+003   5.9676E+000   8.2849E-004   1.8698E-009   9.8539E-018   1.9661E-030
 1621031914.04329970    0.2608   1.9716E+008    4.1300   2.6501E+007   3.5938E+007   4.7305E+007   5.8889E+007   6.8694E+007   7.3397E+007   6.9823E+007   5.7597E+007   4.0173E+007   2.3296E+007   1.1227E+007   4.5401E+006   1.5528E+006   4.6876E+005   1.2698E+005   3.2178E+004   7.5336E+003   1.7042E+003   3.7106E+002   7.3018E+001
 1621031916.89095930    0.2600   1.9715E+008  999.0000   1.0362E+007   1.4688E+007   2.0615E+007   2.8006E+007   3.6812E+007   4.6114E+007   5.3676E+007   5.5985E+007   4.9786E+007   3.5000E+007   1.7495E+007   5.3201E+006   7.6481E+005   3.8139E+004   3.9476E+002   4.5405E-001   1.7583E-005   6.4271E-012   2.5260E-021   1.0731E-035
 1621031919.75579360    0.2607   1.9716E+008    4.2400   2.5611E+007   3.4802E+007   4.5945E+007   5.7420E+007   6.7325E+007   7.2403E+007   6.9408E+007   5.7722E+007   4.0559E+007   2.3637E+007   1.1400E+007   4.5870E+006   1.5509E+006   4.5983E+005   1.2163E+005   2.9961E+004   6.7898E+003   1.4828E+003   3.1095E+002   5.8729E+001
 1621031922.60345700    0.2305   2.0302E+008    4.1500   3.5795E+007   4.7967E+007   6.2067E+007   7.5501E+007   8.5356E+007   8.7501E+007   7.8985E+007   6.1215E+007   3.9790E+007   2.1420E+007   9.5973E+006   3.6294E+006   1.1704E+006   3.3653E+005   8.7640E+004   2.1530E+004   4.9163E+003   1.0902E+003   2.3353E+002   4.5301E+001
 1621031925.47181700    0.2310   2.0302E+008    3.8500   3.9697E+007   5.2795E+007   6.7588E+007   8.1081E+007   9.0037E+007   9.0298E+007   7.9522E+007   6.0147E+007   3.8325E+007   2.0422E+007   9.1904E+006   3.5523E+006   1.1929E+006   3.6324E+005   1.0167E+005   2.7140E+004   6.8031E+003   1.6663E+003   3.9631E+002   8.6135E+001
 1621031928.33080200    0.2004   1.9245E+008    4.1000   4.0260E+007   5.3470E+007   6.8307E+007   8.1682E+007   9.0261E+007   8.9839E+007   7.8205E+007   5.8147E+007   3.6152E+007   1.8627E+007   8.0253E+006   2.9403E+006   9.2662E+005   2.6277E+005   6.8034E+004   1.6727E+004   3.8425E+003   8.6053E+002   1.8669E+002   3.6782E+001
 1621031931.17845390    0.2005   1.9245E+008    4.0100   4.1480E+007   5.4961E+007   6.9981E+007   8.3327E+007   9.1578E+007   9.0550E+007   7.8251E+007   5.7774E+007   3.5726E+007   1.8365E+007   7.9305E+006   2.9276E+006   9.3479E+005   2.6991E+005   7.1460E+004   1.8022E+004   4.2591E+003   9.8298E+002   2.2010E+002   4.4876E+001
 1621031934.04329970    0.2005   1.9245E+008    4.0400   4.1068E+007   5.4458E+007   6.9417E+007   8.2775E+007   9.1139E+007   9.0316E+007   7.8240E+007   5.7902E+007   3.5869E+007   1.8452E+007   7.9616E+006   2.9315E+006   9.3192E+005   2.6746E+005   7.0282E+004   1.7574E+004   4.1142E+003   9.4003E+002   2.0828E+002   4.1983E+001
 1621031936.89095930    0.1704   1.9102E+008    3.8700   5.6886E+007   7.3831E+007   9.1300E+007   1.0462E+008   1.0938E+008   1.0157E+008   8.1501E+007   5.5509E+007   3.1641E+007   1.5100E+007   6.1393E+006   2.1728E+006   6.7785E+005   1.9470E+005   5.2064E+004   1.3419E+004   3.2722E+003   7.8435E+002   1.8333E+002   3.9248E+001
 1621031939.75930830    0.1704   1.9102E+008    3.9400   5.5461E+007   7.2155E+007   8.9525E+007   1.0302E+008   1.0827E+008   1.0116E+008   8.1690E+007   5.5951E+007   3.2011E+007   1.5284E+007   6.1925E+006   2.1745E+006   6.7018E+005   1.8950E+005   4.9730E+004   1.2553E+004   2.9918E+003   7.0015E+002   1.5961E+002   3.3262E+001
 1621031942.61829660    0.1705   1.9102E+008    3.8500   5.7304E+007   7.4321E+007   9.1817E+007   1.0509E+008   1.0969E+008   1.0169E+008   8.1442E+007   5.5380E+007   3.1535E+007   1.5047E+007   6.1245E+006   2.1726E+006   6.8017E+005   1.9626E+005   5.2764E+004   1.3681E+004   3.3580E+003   8.1048E+002   1.9080E+002   4.1163E+001
 1621031945.46596000    0.1508   1.9523E+008    3.5100   8.6759E+007   1.0870E+008   1.2805E+008   1.3797E+008   1.3358E+008   1.1332E+008   8.2393E+007   5.0987E+007   2.6756E+007   1.2038E+007   4.7584E+006   1.6913E+006   5.4650E+005   1.6687E+005   4.8449E+004   1.3765E+004   3.7493E+003   1.0118E+003   2.6806E+002   6.5766E+001
 1621031948.33080200    0.1513   1.9524E+008    3.3500   9.3899E+007   1.1648E+008   1.3538E+008   1.4352E+008   1.3635E+008   1.1334E+008   8.0850E+007   4.9321E+007   2.5713E+007   1.1610E+007   4.6564E+006   1.6967E+006   5.6731E+005   1.8054E+005   5.4947E+004   1.6425E+004   4.7252E+003   1.3494E+003   3.7895E+002   9.8962E+001
 1621031951.17845390    0.1510   1.9524E+008    3.4400   8.9706E+007   1.1193E+008   1.3112E+008   1.4032E+008   1.3478E+008   1.1335E+008   8.1754E+007   5.0282E+007   2.6311E+007   1.1855E+007   4.7154E+006   1.6941E+006   5.5558E+005   1.7272E+005   5.1187E+004   1.4869E+004   4.1478E+003   1.1474E+003   3.1181E+002   7.8617E+001
 1621031954.04681440    0.1411   1.9885E+008    3.3400   1.1094E+008   1.3563E+008   1.5456E+008   1.5987E+008   1.4738E+008   1.1830E+008   8.1270E+007   4.7759E+007   2.4051E+007   1.0541E+007   4.1288E+006   1.4780E+006   4.8805E+005   1.5406E+005   4.6668E+004   1.3920E+004   4.0028E+003   1.1441E+003   3.2190E+002   8.4283E+001
 1621031956.90579890    0.1412   1.9885E+008    3.3200   1.1211E+008   1.3685E+008   1.5565E+008   1.6061E+008   1.4767E+008   1.1822E+008   8.1010E+007   4.7526E+007   2.3921E+007   1.0493E+007   4.1187E+006   1.4795E+006   4.9080E+005   1.5577E+005   4.7473E+004   1.4252E+004   4.1269E+003   1.1880E+003   3.3671E+002   8.8856E+001
 1621031959.75345090    0.1308   1.8605E+008    3.4100   1.0141E+008   1.2446E+008   1.4253E+008   1.4829E+008   1.3759E+008   1.1116E+008   7.6755E+007   4.5224E+007   2.2752E+007   9.9189E+006   3.8475E+006   1.3586E+006   4.4098E+005   1.3648E+005   4.0448E+004   1.1789E+004   3.3079E+003   9.2199E+002   2.5279E+002   6.4389E+001
 1621031962.61829660    0.1307   1.8605E+008    3.4600   9.8999E+007   1.2190E+008   1.4023E+008   1.4666E+008   1.3691E+008   1.1132E+008   7.7308E+007   4.5732E+007   2.3039E+007   1.0025E+007   3.8679E+006   1.3543E+006   4.3465E+005   1.3273E+005   3.8748E+004   1.1113E+004   3.0648E+003   8.3916E+002   2.2590E+002   5.6426E+001
 1621031965.46596000    0.1309   1.8605E+008    3.3800   1.0294E+008   1.2606E+008   1.4397E+008   1.4929E+008   1.3799E+008   1.1105E+008   7.6410E+007   4.4911E+007   2.2576E+007   9.8540E+006   3.8347E+006   1.3611E+006   4.4481E+005   1.3878E+005   4.1505E+004   1.2215E+004   3.4631E+003   9.7563E+002   2.7046E+002   6.9704E+001
 1621031968.33432010    0.1108   1.7878E+008    3.3100   1.2546E+008   1.4949E+008   1.6458E+008   1.6318E+008   1.4302E+008   1.0843E+008   7.0156E+007   3.8932E+007   1.8631E+007   7.8311E+006   2.9724E+006   1.0413E+006   3.3930E+005   1.0642E+005   3.2193E+004   9.6262E+003   2.7827E+003   8.0110E+002   2.2733E+002   6.0121E+001
 1621031971.19330500    0.1106   1.7878E+008    3.4100   1.1942E+008   1.4344E+008   1.5958E+008   1.6015E+008   1.4225E+008   1.0929E+008   7.1507E+007   3.9947E+007   1.9128E+007   7.9896E+006   2.9930E+006   1.0286E+006   3.2708E+005   9.9734E+004   2.9244E+004   8.4599E+003   2.3613E+003   6.5577E+002   1.7935E+002   4.5600E+001
 1621031974.04095700    0.1108   1.7878E+008    3.3100   1.2546E+008   1.4949E+008   1.6458E+008   1.6318E+008   1.4302E+008   1.0843E+008   7.0156E+007   3.8932E+007   1.8631E+007   7.8311E+006   2.9724E+006   1.0413E+006   3.3930E+005   1.0642E+005   3.2193E+004   9.6262E+003   2.7827E+003   8.0110E+002   2.2733E+002   6.0121E+001
 1621031976.90931700    0.1006   1.6761E+008    3.3800   1.1915E+008   1.4199E+008   1.5633E+008   1.5493E+008   1.3560E+008   1.0251E+008   6.5986E+007   3.6331E+007   1.7195E+007   7.1258E+006   2.6589E+006   9.1350E+005   2.9127E+005   8.9275E+004   2.6361E+004   7.6894E+003   2.1664E+003   6.0769E+002   1.6795E+002   4.3194E+001
 1621031979.76830200    0.1006   1.6761E+008    3.3100   1.2356E+008   1.4636E+008   1.5988E+008   1.5702E+008   1.3607E+008   1.0186E+008   6.5034E+007   3.5633E+007   1.6857E+007   7.0172E+006   2.6429E+006   9.2039E+005   2.9857E+005   9.3344E+004   2.8174E+004   8.4111E+003   2.4288E+003   6.9866E+002   1.9816E+002   5.2386E+001
 1621031982.61595390    0.1004   1.6761E+008    3.4600   1.1479E+008   1.3764E+008   1.5275E+008   1.5279E+008   1.3510E+008   1.0317E+008   6.6974E+007   3.7056E+007   1.7541E+007   7.2305E+006   2.6693E+006   9.0299E+005   2.8232E+005   8.4596E+004   2.4363E+004   6.9206E+003   1.8958E+003   5.1670E+002   1.3865E+002   3.4553E+001
 1621031985.48079970    0.0908   1.6438E+008    3.2100   1.4526E+008   1.6759E+008   1.7691E+008   1.6687E+008   1.3813E+008   9.8527E+007   6.0070E+007   3.1658E+007   1.4556E+007   5.9601E+006   2.2347E+006   7.8292E+005   2.5775E+005   8.2320E+004   2.5511E+004   7.8459E+003   2.3409E+003   6.9693E+002   2.0487E+002   5.6291E+001
 1621031988.32846310    0.0904   1.6438E+008    3.4000   1.3218E+008   1.5524E+008   1.6760E+008   1.6218E+008   1.3793E+008   1.0094E+008   6.2767E+007   3.3403E+007   1.5314E+007   6.1690E+006   2.2468E+006   7.5633E+005   2.3703E+005   7.1598E+004   2.0877E+004   6.0229E+003   1.6798E+003   4.6681E+002   1.2788E+002   3.2596E+001
 1621031991.19681930    0.0805   1.4304E+008    3.3100   1.1630E+008   1.3607E+008   1.4624E+008   1.4082E+008   1.1923E+008   8.6974E+007   5.4067E+007   2.8880E+007   1.3355E+007   5.4541E+006   2.0233E+006   6.9652E+005   2.2401E+005   6.9603E+004   2.0917E+004   6.2254E+003   1.7938E+003   5.1524E+002   1.4598E+002   3.8565E+001
 1621031994.05608940    0.0800   1.4303E+008  999.0000   3.7844E+007   5.1215E+007   6.7061E+007   8.2499E+007   9.3758E+007   9.4749E+007   8.0323E+007   5.2788E+007   2.3814E+007   6.1824E+006   7.2341E+005   2.6549E+004   1.6982E+002   9.4464E-002   1.4345E-006   1.5353E-013   8.8358E-024   2.2156E-038   3.8188E-059   8.8723E-090
